ux = -69.4000015258789
lx = -103.69999694824219
ly = 24.299999237060547
uy = 47.79999923706055
cellX = 0.0833333333
cellY = -0.0833333333
