data/70055_lisa.smith_molt_lat_elev_map/70055_lisa.smith_molt_lat_elev_map/predkrig.asc
ncols 411
nrows 282
xllcorner -103.69999694824219
yllcorner 24.299999246460544
cellsize 0.0833333333
NODATA_value -9999
[rows 84 to 111 of 282, columns 0 to 62 of 411]
-62.4084 -61.9136 -61.7112 -61.3707 -60.4925 -60.2759 -60.358 -59.9048 -59.4528 -59.1008 -59.2491 -60.1682 -60.8857 -61.2696 -60.9783 -60.7361 -60.5135 -60.3439 -60.0716 -59.8497 -59.7323 -59.5251 -59.561 -59.3199 -59.1939 -59.1904 -58.9464 -58.8355 -59.202 -58.916 -58.7651 -58.3124 -58.2685 -58.4714 -58.0188 -57.4088 -57.3232 -57.146 -56.8322 -56.6022 -56.9502 -56.4332 -56.1627 -55.3678 -54.1312 -53.4335 -53.0785 -52.6617 -52.2948 -51.9057 -51.8985 -51.589 -51.2557 -50.6645 -49.7399 -49.4793 -49.1782 -48.8261 -48.4086 -47.6468 -47.2094 -46.7984 -46.3702
-61.5515 -61.2909 -60.8694 -61.2214 -60.9253 -60.1474 -59.9661 -58.9279 -59.2719 -60.56 -61.1563 -61.2245 -60.8889 -60.6354 -60.4252 -60.268 -60.0219 -59.8281 -59.6186 -59.4058 -59.2332 -59.0392 -58.8963 -58.7089 -58.6515 -58.4789 -58.4016 -58.0888 -58.5069 -58.6826 -58.3166 -58.4412 -57.6987 -57.545 -57.4847 -57.3843 -56.7879 -56.1162 -55.9734 -55.3445 -55.7963 -55.1259 -55.2035 -54.997 -54.6816 -53.9837 -53.6988 -52.3611 -51.7254 -51.3105 -50.9097 -50.5441 -50.1414 -49.8193 -49.8611 -49.4322 -48.5332 -48.0567 -47.6213 -47.2049 -46.8098 -46.4348 -46.399
-62.0132 -61.3995 -60.8024 -59.8747 -60.183 -59.6526 -58.7393 -59.4882 -60.6879 -61.6444 -61.1629 -60.7989 -60.5203 -60.2676 -59.959 -59.6538 -59.4747 -59.2599 -59.0593 -58.9333 -58.7504 -58.5313 -58.3244 -58.208 -57.9791 -57.8155 -57.857 -57.6887 -57.8834 -57.48 -58.1534 -58.0204 -57.8756 -56.7609 -56.7716 -57.0826 -55.7812 -55.0678 -54.6103 -54.2994 -54.745 -54.2111 -54.3045 -53.6645 -53.7398 -53.4056 -53.2228 -52.2678 -51.606 -51.4712 -50.8295 -50.2352 -49.7664 -49.3735 -48.9032 -48.4887 -48.0565 -47.678 -47.2992 -46.9417 -46.8225 -46.4194 -46.0329
-61.3584 -61.608 -61.0172 -60.0542 -59.7079 -58.7155 -58.8259 -60.4953 -61.4728 -61.3389 -60.9014 -60.4804 -60.2176 -59.9381 -59.5896 -59.2631 -58.9458 -58.6896 -58.5197 -58.2771 -58.0906 -57.9338 -57.7194 -57.574 -57.3508 -57.1611 -56.6756 -56.925 -56.7998 -56.9341 -56.5761 -56.8195 -56.7788 -56.3233 -55.5069 -56.0779 -55.573 -55.2512 -54.7607 -53.7337 -53.0211 -53.1571 -53.0915 -53.0234 -52.3753 -52.2722 -52.1238 -51.7978 -51.5934 -51.138 -50.8001 -50.0118 -49.5125 -49.0551 -48.6958 -48.3435 -47.9504 -47.5935 -47.1369 -46.7144 -46.2579 -45.9457 -45.4038
-60.8644 -61.0018 -60.5269 -59.4841 -58.5003 -58.5093 -59.5696 -60.6415 -61.278 -60.8601 -60.3763 -59.9819 -59.7323 -59.4327 -59.0069 -58.6662 -58.6331 -58.4112 -58.1283 -58.0426 -57.9674 -57.2923 -56.9067 -56.7327 -56.4056 -56.5284 -56.2848 -56.6726 -56.5766 -55.4674 -55.5703 -56.0795 -55.3962 -54.9557 -55.0133 -54.7519 -54.1209 -54.0647 -54.1652 -53.5107 -52.9656 -51.9103 -51.9703 -51.8106 -51.1463 -51.0693 -50.8548 -50.49 -50.6801 -50.4888 -50.2084 -49.5818 -49.1128 -48.8367 -48.2376 -47.9067 -47.5939 -47.3147 -46.8222 -46.2653 -45.6533 -45.2743 -44.9127
-60.4813 -59.3278 -58.7375 -58.2401 -58.7036 -59.1121 -59.5805 -60.0281 -60.4852 -59.962 -59.736 -59.3531 -59.0122 -58.6933 -58.3997 -58.161 -58.0124 -57.9146 -57.6935 -57.513 -57.3188 -57.0212 -56.7418 -56.5585 -56.3368 -56.6948 -56.5771 -56.6457 -56.0835 -55.2405 -54.2185 -54.0164 -54.8185 -54.6804 -54.2358 -53.7684 -53.1475 -53.215 -53.3117 -52.7739 -52.1933 -51.9718 -50.9908 -51.0078 -50.5045 -49.8522 -49.9121 -49.6348 -49.4584 -49.2562 -49.1221 -49.0457 -48.9465 -48.335 -47.8676 -47.3455 -46.9916 -46.8429 -46.4496 -45.9425 -45.4978 -44.8589 -44.3757
-58.4839 -58.1307 -58.1779 -58.9505 -59.4263 -59.8433 -59.9989 -60.1728 -60.0112 -59.8195 -59.3577 -59.0066 -58.346 -58.1194 -58.0328 -57.9128 -57.6005 -57.4318 -57.2219 -57.0011 -56.8209 -56.6957 -56.4547 -56.3744 -56.0698 -55.7741 -55.9896 -56.0474 -55.7186 -55.2578 -54.7058 -53.9521 -53.3722 -53.1459 -53.1093 -52.9043 -52.7953 -52.5667 -51.6679 -51.7237 -51.5332 -50.7895 -50.5922 -49.9948 -49.2895 -48.8348 -48.53 -48.5593 -48.3904 -48.0875 -47.9444 -48.304 -48.217 -47.7683 -47.4349 -47.122 -46.7207 -46.1264 -45.9742 -45.5626 -44.8057 -44.4644 -44.3604
-58.3985 -58.0616 -59.0731 -58.707 -59.3087 -60.0358 -60.4652 -60.0418 -59.7172 -59.2268 -58.9375 -58.4492 -58.1827 -57.8749 -57.5501 -57.4255 -57.1372 -56.9898 -56.6282 -56.4585 -56.2347 -56.0307 -55.8805 -55.6698 -55.4454 -55.1601 -54.855 -55.3586 -54.4147 -54.067 -53.6634 -53.4159 -52.8781 -52.7104 -52.1016 -51.3653 -51.1243 -51.3833 -50.9421 -50.1872 -50.2122 -50.2646 -49.9849 -49.5383 -49.3375 -49.4091 -48.9293 -48.7016 -48.019 -47.3544 -46.8544 -47.1073 -46.8128 -46.68 -46.3211 -46.4935 -45.8293 -45.5815 -45.0408 -44.4356 -44.4028 -44.2508 -43.604
-58.8774 -58.0269 -58.6372 -59.4159 -59.1785 -60.1526 -60.1576 -59.6304 -59.2887 -58.8309 -58.4854 -58.1529 -57.8905 -57.4555 -57.1599 -56.9049 -56.6253 -56.456 -56.1598 -55.8576 -55.7458 -55.1335 -55.1601 -54.9212 -54.7555 -54.4661 -53.9786 -54.1438 -53.0489 -52.5068 -52.0165 -52.1771 -52.3565 -52.081 -52.2316 -51.579 -50.7598 -50.8861 -50.811 -50.6887 -50.4296 -50.3084 -49.8501 -49.2967 -48.7141 -48.0833 -47.9131 -47.1625 -47.0692 -46.372 -45.9434 -45.7006 -45.9642 -45.7491 -45.5674 -45.2706 -44.7967 -44.4774 -44.1573 -43.9778 -43.4282 -43.1822 -42.8013
-58.671 -58.1135 -58.1048 -59.0384 -59.8614 -60.0526 -59.8581 -59.466 -59.0087 -58.6755 -58.3824 -58.1021 -57.5667 -57.2421 -56.9508 -56.5137 -56.2633 -55.7513 -56.0684 -55.6367 -54.8459 -53.9249 -53.6768 -53.5707 -53.3646 -53.1467 -52.8573 -52.6286 -53.1786 -52.8634 -52.8099 -52.7594 -52.0577 -51.6701 -51.1998 -51.3201 -51.3559 -51.0852 -50.5456 -49.9864 -49.2455 -48.9234 -48.98 -49.0456 -48.6997 -47.8887 -47.1315 -46.7116 -46.6674 -46.632 -46.4712 -46.1224 -45.66 -44.5382 -44.5115 -44.0911 -44.021 -44.0173 -43.4475 -43.0773 -42.8858 -42.5073 -41.8933
-58.5689 -58.3727 -58.1532 -58.4826 -59.5104 -60.5087 -59.6167 -59.2545 -58.807 -58.4056 -58.1133 -57.7292 -57.4878 -57.1105 -56.6569 -56.2528 -56.1031 -56.1904 -55.7849 -54.8349 -53.6195 -54.49 -54.6215 -54.1343 -53.7623 -52.8525 -52.8 -53.1016 -53.1568 -53.3003 -52.83 -52.7276 -51.9301 -51.7227 -51.7698 -51.0697 -50.852 -50.1249 -49.9622 -49.8416 -49.3617 -48.6382 -48.0472 -47.9285 -47.8094 -47.6492 -47.4713 -47.3709 -46.9122 -46.2605 -45.6087 -45.41 -44.977 -45.1643 -44.838 -44.4646 -44.5081 -43.8269 -43.3868 -43.681 -42.8486 -42.7188 -42.3384
-58.4431 -58.423 -58.7199 -58.8157 -59.5817 -60.1543 -59.6174 -58.9647 -58.5899 -58.1675 -57.8318 -57.5058 -57.1572 -56.8264 -56.4886 -56.1134 -55.776 -55.4582 -54.736 -53.8708 -54.4309 -54.3401 -53.9974 -53.5878 -52.1991 -52.8074 -52.9971 -53.2826 -53.3283 -52.9454 -52.4082 -51.9587 -51.7811 -50.9095 -50.105 -50.2736 -50.09 -50.0624 -49.6326 -48.8322 -48.4963 -48.8612 -48.2651 -48.1121 -48.1115 -47.5552 -46.9665 -46.4745 -45.557 -45.6961 -45.7488 -45.514 -44.9491 -44.4021 -44.2103 -43.6653 -42.8954 -43.0915 -42.0864 -42.1732 -42.5255 -42.1766 -41.4112
-58.7533 -58.8216 -58.8433 -59.0574 -59.1868 -59.8611 -59.4157 -59.1254 -58.3546 -57.9386 -57.6838 -57.3323 -56.9326 -56.4493 -56.1226 -55.6864 -55.2812 -54.6264 -54.8002 -54.7567 -54.5242 -53.7525 -53.2896 -52.3457 -52.7992 -53.2641 -53.3484 -53.0549 -52.6874 -52.337 -51.4799 -51.2307 -50.1482 -50.5325 -50.4789 -50.4055 -49.8616 -48.9288 -48.3195 -48.7789 -48.891 -48.498 -47.8538 -47.3817 -46.7427 -46.2925 -46.2834 -46.3069 -46.1151 -45.595 -45.048 -43.8679 -43.5894 -43.1657 -42.8971 -42.6675 -41.874 -41.6493 -41.3976 -41.2016 -41.4969 -41.074 -40.7525
-58.4981 -59.1524 -59.0196 -59.4548 -59.793 -59.6964 -59.292 -58.8698 -58.4276 -57.7627 -57.3429 -56.8378 -56.295 -55.8012 -55.784 -55.556 -55.3763 -55.0761 -54.5969 -54.2814 -53.253 -52.9346 -52.2558 -52.6682 -52.6861 -52.9324 -52.7989 -52.5187 -51.7998 -51.6501 -51.2462 -50.7851 -50.8069 -50.2061 -49.7922 -49.0438 -49.1394 -48.7439 -48.7246 -48.4972 -47.9567 -47.4671 -46.7777 -46.9184 -46.7494 -46.5305 -45.7833 -45.5601 -45.0034 -44.2519 -43.7957 -43.5883 -42.6641 -42.0341 -41.5901 -41.4055 -41.0652 -40.6754 -40.5896 -40.4443 -40.6691 -40.1088 -39.6438
-58.9193 -59.6576 -59.8177 -60.2769 -60.1977 -59.6024 -59.1597 -58.5566 -58.0233 -57.4564 -57.055 -56.5939 -56.199 -55.8067 -55.3745 -55.2542 -54.487 -54.1834 -53.5688 -52.6365 -52.7313 -52.4838 -53.054 -53.0407 -52.7457 -52.3115 -52.0201 -51.654 -51.4568 -50.7232 -50.9149 -50.8464 -50.375 -49.4818 -49.4596 -48.9717 -49.0324 -48.5077 -47.8612 -47.4792 -47.3928 -47.1306 -47.1318 -46.5806 -45.8722 -45.2704 -44.5403 -43.9856 -43.5508 -43.2571 -43.1125 -42.7804 -42.0917 -42.1334 -41.6198 -41.1005 -40.6264 -40.075 -39.898 -39.4824 -39.9758 -39.5259 -39.2315
-59.1968 -60.3156 -61.1497 -60.6005 -60.0059 -59.3778 -58.8647 -58.1922 -57.9641 -57.548 -56.9874 -56.3387 -55.9216 -55.5186 -55.0669 -54.2603 -53.9299 -53.8649 -53.752 -53.1708 -53.428 -53.0033 -52.946 -52.4116 -52.2774 -51.9418 -51.6826 -51.1673 -51.2241 -50.9526 -50.6071 -50.2558 -49.9708 -49.5717 -48.9626 -48.8461 -48.4874 -48.0065 -47.9187 -47.6926 -47.1423 -46.6045 -46.1812 -46.0737 -45.5805 -45.3288 -45.1042 -44.4127 -43.8103 -43.457 -43.2915 -42.6693 -41.9172 -41.2855 -41.3589 -41.3024 -40.8597 -40.5898 -40.3608 -39.3977 -38.4936 -38.8257 -38.4253
-60.2737 -61.5823 -61.0044 -60.5031 -59.761 -59.1743 -58.645 -58.3248 -57.6381 -57.0826 -56.7788 -56.3713 -55.6348 -54.9545 -54.4238 -54.6248 -54.1918 -53.7067 -53.7795 -53.411 -53.2204 -52.8065 -52.4997 -52.1857 -51.6667 -51.1549 -51.305 -50.9566 -50.5565 -50.4634 -50.0639 -49.6114 -49.4609 -49.1311 -48.4785 -48.3843 -48.0323 -47.5691 -47.2358 -47.0776 -46.7215 -46.2967 -45.8372 -45.4811 -45.2305 -44.9909 -44.4402 -44.0407 -43.4148 -42.9382 -42.7094 -41.7381 -41.4707 -40.9415 -40.589 -40.1713 -39.589 -39.0904 -38.7402 -38.808 -38.7556 -38.3288 -37.7089
-62.31 -61.6004 -61.0122 -60.5307 -59.7743 -59.1658 -58.8154 -58.0313 -57.3812 -56.6938 -56.3345 -55.5028 -55.3365 -55.0134 -54.7517 -54.2396 -53.9135 -53.7301 -53.4763 -53.194 -52.9422 -52.3773 -52.0749 -51.7089 -51.4444 -51.2099 -50.8853 -50.5919 -50.0541 -49.6596 -49.5826 -49.0703 -48.8071 -48.643 -48.1307 -48.0323 -47.6707 -47.4197 -47.0146 -46.5661 -46.0546 -45.3082 -45.1105 -44.4787 -44.179 -43.7809 -43.3513 -42.5549 -42.2141 -41.4684 -41.0605 -40.7675 -40.8459 -40.7864 -40.5774 -39.7744 -40.089 -39.6416 -39.0379 -38.5532 -38.1312 -37.7104 -37.5143
-60.2049 -60.3573 -61.2094 -60.4728 -59.8102 -59.3208 -58.5099 -58.0556 -57.4673 -56.6477 -56.3516 -55.8033 -55.2811 -54.8154 -54.6815 -54.0563 -53.9921 -53.7821 -53.184 -52.6845 -52.4613 -52.0922 -51.6843 -51.3824 -51.1365 -50.7829 -50.3212 -49.9612 -49.7162 -49.5002 -49.0435 -48.7147 -48.4124 -48.0413 -47.5744 -47.3723 -47.0524 -46.7569 -46.2285 -45.5437 -45.1082 -45.3029 -44.8695 -44.3755 -44.1772 -43.6053 -42.6917 -42.8829 -42.2758 -41.8791 -41.567 -41.103 -40.8894 -40.8348 -40.7849 -40.2361 -40.4409 -39.8019 -39.8356 -38.7802 -38.5852 -37.9141 -38.1431
-60.0063 -58.8966 -58.9257 -58.761 -59.628 -59.2513 -58.491 -57.441 -57.1215 -56.4928 -56.3086 -55.723 -54.9891 -54.8148 -54.3469 -54.1383 -53.5363 -53.3484 -53.0394 -52.7132 -52.1876 -51.7255 -51.1831 -50.9387 -50.2641 -50.29 -50.0007 -49.547 -49.2543 -48.8553 -48.4997 -48.3179 -47.8232 -47.3779 -47.2352 -46.8953 -46.5162 -46.2043 -45.6946 -45.4632 -44.9092 -44.8139 -44.3267 -44.1166 -43.6547 -43.4875 -43.188 -42.6027 -42.4199 -42.1508 -41.8976 -41.5906 -41.3926 -40.9404 -40.5938 -40.2071 -39.6877 -39.2905 -39.5708 -39.131 -38.6256 -38.6136 -38.2745
-60.0896 -59.2978 -57.8146 -57.2336 -57.4789 -58.1323 -57.9932 -57.8821 -57.1789 -56.6288 -56.002 -55.406 -55.1022 -54.9135 -54.3982 -53.8947 -53.6416 -53.0578 -52.4952 -51.9571 -51.5733 -51.2249 -50.8828 -50.2377 -50.0562 -49.5493 -48.5787 -48.1762 -48.2741 -48.2337 -48.0356 -47.6412 -47.2697 -46.9125 -46.5876 -46.2301 -45.9193 -45.6772 -45.2488 -44.751 -44.6439 -44.1532 -43.6047 -42.9505 -42.8239 -42.3954 -42.1239 -41.7982 -41.2654 -40.735 -40.8036 -40.6677 -40.2691 -40.1234 -39.7161 -39.6452 -39.5155 -38.2839 -38.0374 -37.8811 -37.3607 -36.8573 -36.6285
-59.3635 -58.6583 -58.0283 -57.6336 -56.3506 -56.5354 -57.5473 -57.7816 -57.1643 -56.366 -56.0623 -55.5973 -54.9192 -54.1668 -53.6255 -53.3583 -52.9314 -52.5991 -52.2414 -51.9236 -51.1306 -50.1737 -49.6075 -49.4309 -49.2003 -48.2987 -47.9056 -47.8801 -46.6953 -47.6205 -47.3547 -47.0099 -46.7234 -46.1114 -45.9727 -45.6652 -45.1376 -45.0313 -44.7031 -44.3469 -43.9611 -43.8332 -43.552 -43.1171 -42.8347 -42.6191 -42.0694 -42.0264 -41.7201 -41.397 -40.7059 -40.2594 -39.9115 -40.0415 -39.5412 -39.1947 -37.7149 -37.6977 -37.8956 -37.4105 -37.4978 -36.5088 -35.8295
-58.5466 -57.7481 -57.2571 -56.7997 -56.014 -55.0238 -55.1942 -55.7105 -55.1989 -54.6719 -54.3419 -54.1501 -53.9629 -54.0198 -54.0205 -53.2713 -52.7219 -52.0587 -51.3814 -50.8514 -50.5564 -50.0002 -49.0433 -47.9607 -47.9901 -47.6286 -47.0992 -46.2718 -46.0607 -45.54 -45.7058 -45.7274 -45.4599 -45.6841 -45.3278 -44.9583 -44.6169 -44.1057 -43.4628 -43.2554 -42.9517 -43.1191 -42.7759 -42.6115 -42.3385 -42.0328 -41.5543 -41.3714 -41.1081 -40.4621 -40.2422 -40.0131 -39.9417 -39.6342 -39.4532 -39.0311 -38.2254 -37.4133 -36.3679 -36.0991 -36.3421 -36.4552 -36.4641
-57.6217 -56.9753 -56.1843 -55.9415 -54.7666 -54.4734 -54.086 -53.9327 -54.08 -53.3761 -52.9591 -52.5536 -52.2082 -52.1961 -52.6488 -52.6952 -52.1343 -51.2271 -50.6032 -50.1965 -49.7411 -49.3449 -49.0486 -47.703 -47.1863 -46.4967 -46.206 -46.1317 -45.7839 -45.4521 -45.0085 -43.9643 -43.8619 -44.0245 -44.3537 -44.1808 -43.5168 -43.4846 -43.2096 -42.8352 -42.5689 -42.3201 -41.5206 -41.0822 -41.1313 -41.0047 -41.014 -41.1229 -40.843 -40.7625 -40.353 -40.0207 -39.2133 -38.8679 -38.5651 -38.2198 -37.907 -37.8013 -37.4583 -37.2358 -37.1688 -36.8592 -36.384
-56.6715 -56.9209 -55.7721 -54.5189 -54.0028 -53.8292 -54.7715 -53.5727 -52.8235 -52.2948 -52.2152 -51.8095 -51.2456 -51.7197 -52.9543 -52.23 -51.5565 -51.0014 -50.2426 -49.7614 -49.1919 -48.8835 -48.5386 -48.0191 -47.7273 -47.5665 -47.1031 -46.5546 -45.6323 -45.2627 -44.4601 -44.5302 -43.794 -43.3035 -42.5899 -42.4157 -42.6377 -42.745 -41.9686 -41.9318 -41.4719 -41.0924 -40.8371 -40.5164 -40.0616 -40.0002 -39.7987 -39.5459 -39.2865 -39.0784 -39.0343 -39.0775 -38.742 -38.516 -37.9709 -37.7653 -37.1817 -37.1597 -36.6438 -36.3574 -36.0132 -35.8502 -35.5841
-55.0763 -56.4261 -55.6995 -55.2188 -54.2539 -53.3613 -52.7846 -52.7766 -52.1324 -51.9735 -51.6954 -51.1229 -50.6446 -50.5593 -51.41 -51.6385 -51.2344 -50.5447 -50.0267 -49.5387 -49.0052 -48.6132 -48.0945 -47.5697 -47.3526 -46.7596 -46.5763 -46.1095 -45.6763 -45.244 -44.5621 -43.9928 -43.3925 -43.1013 -43.5117 -42.9255 -42.0883 -41.7844 -41.4452 -41.1368 -40.828 -41.0026 -40.9953 -41.1055 -41.0031 -40.1317 -40.4969 -39.7099 -40.2177 -39.9023 -39.4506 -38.383 -37.7662 -37.6352 -37.3688 -36.9999 -36.816 -37.2545 -36.8482 -36.629 -36.708 -36.524 -35.8457
-53.9855 -54.3824 -55.2395 -52.8793 -53.2676 -53.6401 -53.2076 -52.6276 -52.1972 -51.6855 -51.0385 -50.308 -50.1313 -49.6087 -49.7143 -50.1372 -50.6676 -50.1941 -49.4646 -49.0873 -48.5124 -47.9669 -47.6193 -47.3148 -46.7946 -46.3626 -45.886 -45.5636 -45.2016 -44.805 -44.5183 -44.2121 -43.8943 -43.5684 -43.0873 -43.0243 -42.5141 -42.3339 -42.0835 -42.1072 -41.7861 -41.5809 -41.4189 -41.0766 -40.8246 -40.6603 -40.5039 -40.1462 -39.8415 -39.1279 -38.519 -38.1594 -37.7747 -37.7483 -37.5668 -37.4031 -37.3253 -37.345 -37.2165 -36.9535 -36.7393 -36.5875 -36.4594
-53.0623 -53.752 -53.4366 -52.2777 -51.4598 -52.2884 -52.3929 -51.9783 -51.5298 -51.1109 -50.7335 -50.1734 -49.6158 -48.7573 -48.9 -48.7022 -49.3581 -49.5234 -48.8743 -48.385 -48.064 -47.3026 -47.0645 -46.5952 -46.2459 -45.7978 -45.4508 -45.0168 -44.6707 -44.3617 -44.0466 -43.7101 -43.4215 -42.9039 -42.7931 -42.6051 -42.3952 -42.119 -41.9125 -41.6514 -41.4109 -41.1319 -40.1711 -39.9717 -40.0448 -39.8357 -39.5315 -39.1302 -38.6651 -38.335 -38.3246 -38.1881 -38.0713 -37.6221 -37.4841 -37.3288 -37.3661 -37.0393 -36.3123 -36.3284 -35.9282 -35.9478 -35.7316
