data/70055_lisa.smith_molt_lat_elev_map/70055_lisa.smith_molt_lat_elev_map/predreg.asc
ncols 411
nrows 282
xllcorner -103.69999694824219
yllcorner 24.299999246460544
cellsize 0.0833333333
NODATA_value -9999
[rows 168 to 195 of 282, columns 189 to 251 of 411]
-21.8847 -21.2325 -21.3493 -21.7573 -22.3811 -22.3358 -21.5965 -20.8713 -21.2681 -20.7972 -20.6694 -20.9862 -22.9379 -21.4909 -21.3093 -21.6889 -23.1674 -24.8296 -23.528 -22.276 -21.9385 -23.0429 -22.2538 -22.2145 -21.7477 -21.8203 -22.5807 -25.5499 -23.7457 -25.8804 -25.0243 -25.2197 -24.974 -25.3203 -25.509 -25.6864 -25.619 -24.9166 -24.3213 -24.1583 -23.8685 -24.3492 -23.6438 -23.7842 -24.1693 -24.3515 -23.9585 -23.9759 -23.9566 -24.0811 -23.7946 -23.8527 -23.0914 -22.8427 -22.653 -22.7278 -21.7595 -22.327 -22.4768 -21.9376 -21.6654 -22.23 -22.2761
-21.214 -20.6449 -20.5315 -21.4763 -21.5485 -22.0623 -21.4813 -20.6892 -20.3274 -21.3685 -20.4929 -21.4093 -20.6562 -21.8015 -21.3693 -21.8874 -23.4442 -25.4078 -23.0964 -22.8659 -22.8374 -22.3952 -21.4064 -21.5422 -22.1484 -22.6184 -23.0931 -24.4315 -24.2421 -25.9273 -24.4661 -24.3659 -24.495 -26.1584 -26.2738 -25.1279 -25.1623 -25.006 -24.82 -24.173 -23.8932 -23.6249 -24.206 -24.3383 -23.9858 -23.879 -23.4358 -23.0203 -23.1834 -23.166 -23.1987 -23.3776 -23.0373 -22.3062 -22.5478 -22.1391 -21.2028 -22.2514 -22.2599 -21.7901 -22.3498 -21.8976 -21.1984
-20.5315 -21.3471 -20.6539 -21.2352 -20.5743 -21.539 -21.7957 -21.1188 -20.7266 -20.3281 -21.3628 -20.3626 -21.5619 -21.5918 -22.0292 -22.8822 -24.4071 -23.1718 -22.9217 -23.917 -21.7898 -21.8353 -21.397 -21.8991 -22.6021 -25.1938 -22.99 -22.1825 -24.3685 -24.0928 -24.2921 -24.6181 -25.9434 -25.4087 -25.0091 -24.4314 -25.2725 -25.2632 -23.701 -23.1093 -23.1713 -23.7339 -24.3717 -23.9806 -23.6352 -23.6201 -22.6327 -23.3008 -23.2217 -22.7268 -22.5609 -23.1694 -22.799 -21.8528 -21.5128 -21.3526 -21.2559 -21.6964 -22.1789 -22.1496 -21.6209 -21.2032 -21.235
-20.6372 -20.9549 -20.1932 -21.1433 -20.6134 -20.6298 -21.8061 -21.5344 -20.8716 -20.3517 -20.8106 -21.3072 -21.5724 -21.8608 -21.6573 -23.2263 -22.4017 -22.1255 -22.6425 -21.8921 -21.7389 -21.592 -21.2773 -21.214 -21.8427 -22.2594 -23.8664 -24.3791 -23.3178 -24.1996 -26.5113 -24.9426 -24.5488 -24.5062 -24.5079 -25.0835 -24.2172 -23.7412 -23.3948 -23.6204 -24.0464 -23.9077 -23.8422 -23.408 -23.3213 -22.9237 -22.9691 -22.4608 -22.7838 -22.0594 -22.6359 -22.5333 -22.2008 -21.9058 -22.0566 -21.2831 -21.035 -21.2916 -21.6765 -22.0788 -21.767 -21.7113 -21.7656
-20.1552 -20.8603 -20.1941 -20.457 -20.1039 -20.7539 -20.7416 -21.5942 -20.9109 -21.1145 -20.3349 -21.5073 -21.8262 -21.3268 -22.459 -21.9669 -21.8879 -22.3946 -21.1746 -21.0806 -21.0454 -21.4811 -22.6147 -21.6086 -21.7229 -23.8216 -28.7659 -24.2991 -23.7435 -25.0054 -25.2468 -23.819 -24.2254 -24.6341 -24.5817 -24.2364 -22.8867 -22.7958 -23.0221 -23.5397 -23.6172 -23.784 -23.357 -22.9497 -23.3277 -23.0591 -22.7643 -22.1816 -22.2516 -21.6409 -22.0672 -22.1787 -22.2188 -21.3526 -21.2074 -21.4561 -20.9455 -21.1398 -21.8431 -21.917 -21.8723 -21.4433 -21.8897
-20.0906 -20.2589 -20.0226 -20.3592 -20.0957 -20.2579 -20.8982 -21.2294 -20.5818 -21.4436 -21.4148 -20.7114 -21.0985 -22.5648 -21.2307 -21.6867 -23.3872 -21.5116 -21.5743 -20.5692 -21.1295 -21.7685 -21.5843 -22.4106 -23.905 -25.0245 -25.0117 -24.0903 -24.0459 -24.4352 -23.1334 -24.0003 -25.7545 -24.6169 -23.4197 -22.2815 -23.2952 -23.1683 -23.8449 -23.2745 -23.0734 -23.12 -23.1343 -22.9359 -23.0527 -23.2502 -23.2146 -22.3513 -21.7195 -21.4987 -21.8163 -22.1165 -21.2093 -21.5275 -20.9607 -21.466 -21.2291 -20.79 -21.0583 -20.8597 -21.3876 -21.4195 -21.1105
-19.9812 -19.8352 -19.7464 -19.7655 -19.7948 -20.196 -20.5632 -20.1115 -21.8963 -20.9147 -21.2815 -21.2002 -21.1209 -20.7453 -21.2391 -22.125 -21.2828 -20.9541 -20.7861 -20.6652 -20.749 -21.2986 -22.7031 -24.3394 -24.9012 -25.085 -24.2212 -24.0424 -22.82 -23.4498 -23.3024 -24.3163 -25.4688 -23.4264 -22.9313 -22.7358 -22.5122 -22.6322 -23.2885 -23.0104 -23.1143 -23.1554 -23.0316 -22.7109 -23.1025 -22.6593 -22.0169 -22.3786 -22.0624 -21.7401 -21.5331 -21.6464 -21.6167 -20.7734 -21.0485 -21.2191 -21.4932 -20.5453 -20.8101 -20.6552 -21.3619 -21.1718 -20.7678
-19.1896 -19.8245 -19.5317 -19.7223 -18.7135 -19.0538 -19.5479 -20.3361 -20.4944 -21.6448 -21.2306 -20.5102 -20.4214 -21.2357 -21.3159 -21.6944 -21.4744 -21.1889 -20.4862 -21.4153 -20.8943 -20.9928 -22.2454 -23.5474 -23.292 -23.5384 -23.7427 -23.2992 -23.0496 -22.3912 -23.0964 -23.8632 -22.9695 -23.2403 -22.3309 -22.0708 -22.4952 -22.8148 -22.9928 -23.2842 -22.3996 -22.8436 -22.5225 -22.8101 -23.3783 -22.9928 -22.3337 -21.5905 -21.7683 -20.8476 -20.9684 -21.3796 -21.1082 -21.3241 -20.8823 -20.3617 -20.3572 -20.3424 -21.1499 -20.9562 -20.5321 -21.0073 -20.3062
-19.5586 -18.9328 -19.3156 -19.6223 -18.6297 -19.1366 -20.055 -19.8821 -20.3807 -20.7202 -21.0342 -20.4458 -21.7805 -20.8565 -20.838 -21.3697 -21.0262 -20.7343 -20.2639 -20.9214 -22.3325 -22.4518 -23.4472 -22.7781 -22.6855 -22.8192 -23.1484 -23.5437 -22.7571 -21.924 -21.9224 -22.9427 -22.4667 -22.4883 -22.2339 -22.0154 -22.1377 -22.2418 -22.9684 -22.8579 -22.8828 -22.2731 -22.6216 -22.96 -22.8904 -22.57 -21.9633 -21.4306 -20.7317 -20.9285 -20.4855 -20.5827 -21.3652 -20.8613 -20.7729 -20.3645 -20.5824 -20.1343 -21.1335 -21.2426 -19.9165 -20.5077 -20.6965
-19.0537 -19.4682 -19.3122 -19.1968 -18.4743 -19.594 -19.0278 -19.4434 -20.492 -20.0759 -20.3732 -19.7744 -20.0503 -20.458 -20.9415 -21.0953 -20.6088 -20.6257 -21.2711 -21.559 -21.7019 -23.4485 -22.5763 -22.5451 -22.1323 -21.5741 -22.5516 -22.2926 -22.0556 -21.5933 -21.8936 -22.1849 -22.2589 -21.7372 -21.7383 -22.0736 -22.4012 -22.8885 -22.9409 -22.8482 -22.4768 -22.1305 -22.3304 -22.4843 -22.4203 -22.3057 -22.5272 -21.999 -21.4733 -20.9633 -20.381 -20.4044 -21.0483 -21.2614 -21.4277 -20.2616 -20.4643 -19.9271 -20.2604 -20.0147 -19.8174 -19.5569 -20.3212
-18.9952 -19.4735 -19.0098 -18.3835 -18.6156 -19.7805 -20.0967 -19.5831 -20.062 -19.2716 -19.3034 -20.5929 -20.2803 -20.6732 -21.1882 -21.8975 -21.2186 -20.2139 -20.8348 -22.2466 -22.5747 -21.9339 -21.4174 -22.0956 -21.7022 -21.5964 -21.2157 -21.6891 -21.3565 -21.5602 -22.0883 -22.5048 -21.8772 -21.5985 -21.8652 -21.7154 -22.3453 -22.2149 -22.5819 -22.8619 -22.3916 -21.9279 -22.5798 -22.6074 -21.9272 -22.3508 -22.0002 -21.6911 -21.4764 -20.9968 -20.7577 -19.9477 -20.5407 -20.8216 -20.693 -20.2665 -20.3954 -19.6958 -19.2106 -19.4663 -19.1454 -20.1685 -20.3728
-18.6749 -19.0408 -18.3078 -18.4709 -19.4914 -19.2278 -19.7531 -20.2457 -19.6965 -18.9488 -19.4236 -20.9365 -20.7671 -20.406 -20.7151 -21.226 -21.4124 -21.0775 -20.7596 -20.332 -20.4539 -21.8959 -22.1724 -21.9622 -21.04 -20.9391 -21.2087 -22.0119 -21.4819 -22.0614 -22.1033 -22.0858 -21.7926 -21.8363 -21.5689 -21.8558 -22.4472 -22.7549 -22.6342 -23.3712 -22.8488 -23.0339 -22.3054 -21.5552 -21.762 -21.6708 -21.3706 -21.0805 -21.0236 -20.403 -20.5648 -20.2829 -20.2182 -20.4049 -20.4903 -20.2174 -19.6104 -19.5031 -20.0483 -18.9185 -19.1405 -19.6605 -20.0929
-18.346 -18.314 -18.1334 -18.8981 -19.1816 -19.2458 -19.462 -19.5345 -19.4508 -19.7104 -20.092 -19.8129 -20.4149 -19.8863 -19.7693 -21.3544 -21.0664 -20.7322 -20.1931 -20.4749 -20.9648 -20.8344 -21.5305 -20.9055 -21.0242 -20.402 -20.9238 -21.4672 -21.5699 -21.6439 -22.5033 -21.855 -21.4351 -21.1983 -21.0124 -21.6623 -22.0633 -22.759 -22.4501 -22.5213 -21.9996 -22.0438 -21.1645 -20.5674 -20.5792 -20.4432 -20.8165 -21.118 -20.2663 -20.218 -20.4951 -19.8074 -19.3575 -19.5317 -20.4913 -19.5302 -19.6396 -19.5009 -19.8696 -19.4403 -18.7364 -19.6257 -19.704
-18.2599 -18.2155 -18.129 -18.3647 -18.9195 -19.1121 -19.5391 -19.7899 -19.0106 -19.1294 -19.8991 -19.6435 -20.1076 -19.3926 -20.2316 -20.5905 -20.8981 -21.035 -20.3118 -20.3627 -19.7682 -20.5942 -21.3139 -20.6659 -20.8192 -20.5877 -21.0151 -21.0876 -21.7237 -21.5003 -21.9 -22.121 -21.5277 -21.6381 -20.7923 -22.0092 -21.1257 -21.3217 -21.1796 -21.5267 -21.3871 -20.9319 -21.2949 -20.2589 -20.2306 -19.7785 -20.4864 -20.4492 -21.09 -20.2396 -19.8426 -19.6871 -19.5249 -19.2723 -19.997 -20.192 -19.7206 -19.8714 -19.2195 -19.1236 -18.6079 -19.1823 -19.428
-18.1227 -18.1785 -18.0447 -18.0552 -18.2754 -18.4669 -18.8664 -19.2055 -19.0341 -18.3172 -19.3711 -19.1872 -19.6581 -19.8254 -19.8881 -19.2682 -19.8 -20.2569 -20.5975 -20.0059 -19.0092 -19.4853 -20.2098 -20.3568 -20.3644 -19.9815 -20.0799 -20.9009 -20.9173 -20.9697 -21.455 -21.9562 -21.7669 -21.2707 -20.5133 -20.8443 -20.3871 -20.9675 -21.587 -21.6357 -21.202 -21.3365 -21.3996 -20.8301 -20.6213 -20.3316 -20.0334 -19.2974 -20.2684 -20.3393 -20.2686 -20.0551 -19.7794 -18.9653 -19.5274 -20.1668 -19.9717 -19.6836 -19.7421 -19.5195 -18.8741 -18.9742 -19.1342
-18.0738 -17.9501 -17.815 -17.9316 -18.1501 -18.2155 -18.6371 -18.4749 -18.5521 -18.1254 -18.9106 -19.1748 -19.48 -19.4574 -18.6925 -19.6216 -20.1985 -20.1673 -20.1708 -19.3899 -18.5157 -18.3758 -19.302 -19.5112 -19.5262 -19.3577 -19.7598 -19.8184 -20.0481 -20.2901 -20.2372 -20.8162 -20.7542 -20.4026 -20.7079 -20.2508 -20.274 -20.0352 -20.0477 -19.7963 -19.8632 -20.0382 -21.4301 -20.7894 -20.5361 -20.8312 -20.0004 -19.3045 -20.2441 -20.3338 -19.9816 -19.7155 -19.5685 -18.8042 -19.5571 -19.7583 -19.7694 -19.4994 -19.5193 -18.8987 -18.8608 -18.5563 -19.0343
-17.8309 -18.0664 -18.5254 -18.2666 -18.2853 -18.3289 -18.3586 -18.2594 -18.35 -18.2615 -18.2079 -18.4177 -17.9992 -18.2247 -19.1894 -19.2571 -18.5693 -19.5515 -18.8487 -18.8233 -18.1634 -18.0824 -19.1627 -19.6937 -18.6367 -18.4036 -19.1041 -19.0743 -19.266 -20.1161 -20.4377 -20.4674 -20.3009 -20.0526 -19.1991 -20.079 -19.1287 -19.5826 -19.3145 -19.8779 -20.3867 -20.8979 -20.917 -21.1305 -20.2777 -20.0452 -19.7577 -19.2691 -19.9447 -19.8076 -19.4591 -19.3673 -18.9187 -19.1728 -18.8913 -19.5609 -19.5042 -19.3097 -18.8165 -18.6706 -18.4356 -18.4327 -18.3209
-17.7468 -18.4764 -18.1727 -18.1006 -18.2066 -18.5444 -18.6566 -18.2694 -18.1182 -18.2293 -17.8496 -17.8651 -17.8238 -17.8966 -18.2829 -17.9599 -18.1 -18.1439 -17.996 -18.0726 -18.3871 -18.6093 -18.2501 -18.2984 -18.7126 -19.0595 -18.8903 -19.1658 -19.3346 -19.4579 -19.6355 -20.1789 -19.3667 -19.1986 -19.0482 -19.275 -18.3976 -19.3494 -19.4472 -20.0865 -20.5777 -21.0862 -20.3227 -20.6527 -19.845 -19.5425 -19.5931 -18.9315 -19.5738 -19.6626 -19.9798 -19.8766 -19.6671 -18.812 -19.2109 -19.1006 -19.4689 -19.1784 -19.3795 -19.0757 -18.9167 -18.805 -18.3682
-17.5858 -17.6218 -17.8734 -18.1767 -18.0418 -18.7542 -18.212 -18.2802 -17.8218 -18.2063 -18.1938 -18.3572 -18.2285 -18.3741 -17.8167 -17.9501 -18.241 -18.339 -18.2034 -18.1812 -18.1823 -18.3622 -18.5708 -18.6403 -18.491 -18.5719 -18.762 -19.2271 -19.1056 -19.8236 -19.6941 -19.6989 -19.4672 -19.2792 -19.4445 -19.4622 -18.4729 -18.9366 -19.8792 -20.0758 -20.3565 -20.4431 -20.8472 -20.1645 -19.8084 -19.448 -19.667 -18.8077 -19.3073 -19.2044 -19.8295 -19.4019 -19.0391 -19.1348 -18.494 -18.6578 -19.0448 -19.0144 -18.9284 -18.9301 -18.67 -18.7879 -18.7227
-17.5474 -18.2346 -18.6828 -18.3311 -18.0931 -18.2622 -18.339 -17.9901 -17.8438 -18.1184 -17.6945 -17.6254 -18.6485 -18.9032 -19.1277 -18.0559 -18.1542 -18.6308 -18.2058 -18.2449 -18.6135 -18.3975 -18.5134 -18.9044 -18.7744 -18.669 -18.7998 -18.9195 -19.1479 -19.3514 -19.0575 -18.9493 -18.9058 -18.672 -18.6492 -19.0808 -18.3873 -18.959 -19.7832 -20.1637 -20.5374 -20.0437 -20.3081 -19.8848 -20.1334 -19.4928 -19.2916 -18.6914 -19.219 -19.0835 -19.1913 -19.2096 -19.1285 -18.7944 -18.4599 -18.4743 -18.7295 -19.2663 -18.6532 -18.9272 -18.4276 -18.5442 -18.6752
-18.0897 -18.4888 -18.1438 -18.8944 -18.227 -18.0549 -17.6511 -17.5324 -17.9365 -17.5655 -17.9204 -18.903 -18.0718 -18.159 -18.5918 -18.4638 -18.4252 -18.1828 -18.7057 -18.4687 -18.7803 -18.9818 -18.726 -18.9126 -19.1945 -19.009 -18.9294 -19.8108 -20.29 -20.1953 -19.513 -18.8866 -18.8762 -18.6475 -19.3581 -18.1335 -18.8919 -18.912 -19.56 -19.6909 -20.0317 -19.844 -19.7587 -20.0787 -19.5299 -19.6974 -19.4761 -19.1679 -18.901 -18.8454 -19.0352 -19.183 -19.1316 -18.7863 -18.3924 -18.2242 -18.5572 -19.0352 -18.7151 -18.2516 -18.2221 -18.3581 -18.093
-17.6061 -17.6946 -17.9698 -18.4204 -17.7434 -17.8333 -17.8941 -17.4753 -17.3685 -18.2668 -18.4531 -18.6443 -18.202 -18.3195 -18.5395 -18.6774 -18.777 -18.6449 -18.6013 -19.207 -18.7503 -19.7701 -19.4824 -19.6452 -19.8293 -20.2331 -19.2696 -19.7594 -19.5741 -19.5531 -19.1365 -18.9644 -18.6537 -18.4582 -19.0544 -18.0324 -18.7442 -20.2369 -20.1183 -20.0212 -19.8762 -19.213 -19.5469 -19.8807 -19.6647 -19.1321 -19.197 -18.7308 -18.3974 -18.8225 -18.9183 -19.0905 -19.4775 -19.0515 -18.5904 -18.1655 -18.0631 -18.4061 -18.8177 -18.6313 -18.6075 -18.1026 -17.8733
-17.5333 -17.7613 -18.5267 -18.4334 -17.7587 -17.8462 -17.3399 -17.9943 -17.7824 -18.2124 -18.139 -18.1491 -18.2325 -18.3051 -19.1312 -18.6338 -19.2125 -19.4199 -19.3078 -20.0337 -19.6616 -19.5496 -19.3085 -19.7962 -19.375 -19.5653 -19.2523 -19.7651 -19.2861 -19.9072 -19.2043 -19.213 -18.9535 -18.603 -18.6065 -18.4322 -19.2309 -19.303 -19.2347 -19.3259 -19.9756 -19.354 -19.2846 -19.2832 -18.9332 -18.7378 -18.9084 -18.6259 -18.556 -18.4628 -18.6332 -19.2036 -19.2013 -19.1235 -18.9874 -18.6666 -18.1617 -17.9412 -18.5586 -18.2777 -18.4526 -18.1943 -17.9412
-18.2478 -18.9866 -18.9814 -19.2023 -18.1706 -17.1872 -17.3414 -17.5993 -17.9512 -18.7096 -18.7238 -18.3357 -18.3381 -18.9182 -19.1997 -19.5675 -19.4777 -19.4362 -18.937 -19.2629 -19.9105 -19.14 -19.502 -19.2493 -19.2237 -19.3599 -19.567 -19.7361 -19.3129 -19.5341 -19.7136 -19.2906 -19.1412 -18.7682 -18.0758 -19.147 -18.5832 -18.9226 -18.9133 -19.6726 -19.3604 -19.3739 -19.2932 -18.7008 -18.5671 -18.5688 -18.584 -18.524 -18.5102 -18.5003 -18.5008 -19.2059 -19.0827 -19.1587 -18.7874 -18.5637 -18.1722 -17.9088 -18.1555 -18.2964 -18.1421 -17.785 -17.7012
-17.9944 -18.1948 -18.3674 -18.9154 -19.3651 -17.7505 -17.2696 -17.8213 -17.7048 -18.0001 -18.619 -18.5916 -18.9124 -18.4771 -19.0341 -19.0536 -19.052 -18.9025 -18.9301 -19.1885 -19.3783 -18.702 -19.458 -18.6471 -19.7817 -19.7921 -19.1662 -19.1206 -19.0218 -19.7304 -19.561 -19.4319 -19.3779 -18.7296 -17.8106 -18.8904 -18.641 -18.6637 -19.5841 -19.3409 -18.8966 -18.9366 -18.9765 -18.9142 -18.531 -18.4324 -18.2131 -18.4507 -18.3229 -18.4284 -18.5733 -19.0743 -18.9725 -19.0294 -18.5463 -18.9164 -18.1546 -18.0796 -17.9071 -17.5571 -17.6674 -17.4657 -18.0445
-17.682 -18.329 -18.9849 -19.0242 -19.0504 -17.8069 -18.0096 -18.9576 -17.7238 -17.9585 -18.2507 -19.7631 -19.1123 -18.65 -18.5704 -18.4915 -18.6631 -18.5452 -18.9299 -18.7195 -18.4588 -18.9644 -18.6917 -19.0151 -19.1493 -18.9017 -19.2629 -18.4955 -19.2849 -19.0519 -19.0574 -19.0701 -18.9925 -18.9011 -18.2179 -18.2524 -19.172 -18.9333 -19.0735 -18.8778 -18.8591 -18.354 -18.4904 -18.3491 -18.3529 -18.1408 -18.1036 -18.2568 -18.1762 -18.4038 -18.7278 -19.1076 -19.1246 -18.6701 -18.4492 -18.7243 -18.7179 -18.8079 -18.434 -18.13 -18.3981 -18.421 -18.3496
-17.7322 -18.2366 -18.7631 -17.8116 -18.0915 -17.2036 -17.6479 -17.6057 -18.6739 -18.9269 -19.2049 -19.3649 -18.5165 -18.3956 -18.3421 -18.1628 -18.3806 -18.2793 -18.5405 -18.2791 -18.8791 -18.7944 -18.4941 -18.6524 -18.9599 -19.1191 -19.0002 -18.6998 -19.0089 -18.8554 -18.7241 -19.0578 -19.2946 -18.9795 -18.6435 -17.7444 -18.4674 -18.7436 -18.7856 -18.3412 -18.4785 -18.1653 -18.1681 -18.146 -18.1819 -18.0652 -17.9554 -17.9752 -18.1783 -18.3474 -18.8256 -18.8406 -18.7416 -18.7832 -18.379 -18.5369 -18.7048 -18.4487 -18.4529 -18.5126 -18.3035 -18.2037 -18.2588
-16.9859 -18.865 -17.9963 -17.8096 -16.9195 -16.9207 -17.2168 -17.8633 -18.245 -18.5602 -18.9405 -18.5063 -19.0081 -18.4304 -18.7237 -19.112 -17.936 -18.4512 -17.9906 -18.8119 -18.0647 -18.7026 -18.7722 -18.249 -18.1948 -18.4927 -18.6787 -19.0956 -18.6965 -18.8457 -18.6682 -18.7838 -19.0036 -18.4586 -18.4608 -17.4642 -18.2249 -18.4468 -18.4452 -18.1572 -18.1375 -18.0167 -17.8248 -17.8771 -17.7293 -17.7263 -17.7059 -17.9693 -18.1061 -18.9064 -18.865 -18.7486 -18.3625 -18.7124 -18.3392 -18.3393 -18.4999 -18.2899 -18.3224 -18.1254 -18.2261 -18.0159 -17.9027
