data/70055_lisa.smith_molt_lat_elev_map/70055_lisa.smith_molt_lat_elev_map/predkrig.asc
ncols 411
nrows 282
xllcorner -103.69999694824219
yllcorner 24.299999246460544
cellsize 0.0833333333
NODATA_value -9999
[rows 112 to 139 of 282, columns 126 to 188 of 411]
-29.7777 -30.0516 -29.9358 -29.655 -29.6857 -29.7777 -29.0716 -29.1129 -28.8963 -28.0551 -28.0137 -28.4262 -28.0073 -27.2715 -27.1383 -27.2512 -28.9162 -28.5689 -27.8155 -26.9855 -28.1634 -28.379 -27.7486 -27.7569 -27.7597 -26.9458 -27.6982 -26.672 -26.8644 -26.1317 -26.2628 -26.3872 -27.6966 -26.4528 -25.5383 -26.0866 -25.4477 -26.2603 -25.858 -25.364 -25.5763 -25.0362 -25.0397 -24.9671 -24.9948 -25.0785 -25.0288 -25.1539 -25.1533 -25.554 -25.691 -25.8403 -25.8171 -25.468 -25.381 -25.0936 -25.4052 -25.5051 -25.379 -25.2531 -25.5088 -25.4699 -25.995
-28.7269 -29.7222 -30.0114 -29.768 -29.4528 -28.6094 -29.1038 -28.8746 -28.6056 -28.4764 -28.8461 -27.7754 -27.8962 -27.1654 -27.8465 -27.7182 -27.6629 -27.2348 -27.5767 -27.3486 -27.8068 -28.5025 -28.3026 -28.0235 -27.1081 -27.9469 -26.6969 -26.8063 -26.1334 -26.556 -26.9871 -25.6157 -26.8399 -26.7928 -25.6275 -24.9972 -25.8435 -26.1188 -25.5013 -25.0264 -25.0564 -24.8195 -24.8298 -24.8506 -25.0357 -24.994 -24.996 -25.2314 -25.4707 -25.3219 -25.4016 -25.3094 -25.4677 -25.3561 -25.0755 -24.9312 -24.9499 -25.1189 -25.3045 -25.5523 -25.1114 -25.5496 -25.9461
-28.5067 -29.1112 -29.0871 -29.1127 -29.0856 -28.0278 -28.2834 -28.4176 -28.8836 -27.73 -27.6781 -27.2059 -27.6508 -27.9915 -28.2255 -28.1304 -27.7308 -27.7172 -29.0079 -28.862 -29.0753 -28.4679 -27.806 -27.483 -27.711 -27.3728 -27.4716 -26.4558 -26.6484 -26.7722 -26.9751 -25.6737 -26.4722 -26.2297 -25.5001 -26.1436 -26.2631 -26.1912 -25.1826 -24.8443 -24.7043 -24.9366 -24.7698 -25.0753 -25.0249 -25.1312 -25.0939 -25.0502 -25.2733 -25.1313 -24.8172 -24.8045 -24.7164 -25.3962 -25.0781 -25.0499 -24.6716 -24.6757 -25.0438 -25.1981 -24.9946 -25.0954 -25.8406
-28.8535 -28.1447 -28.5294 -27.8393 -28.7057 -28.1842 -27.5428 -27.7906 -27.3835 -27.233 -28.1717 -27.8041 -27.4597 -27.9714 -28.3457 -27.837 -27.4814 -27.5837 -29.0946 -29.0959 -28.0736 -27.859 -28.316 -28.0398 -28.3021 -28.0437 -27.4058 -26.595 -27.1786 -27.2 -26.1916 -26.5174 -26.7638 -25.5127 -24.9213 -24.6622 -25.8999 -26.0965 -25.2247 -24.5882 -24.5062 -24.7199 -24.9781 -25.0357 -25.0348 -24.8835 -24.8275 -24.6755 -24.9634 -24.6902 -24.7071 -24.6283 -24.6569 -24.8288 -24.5873 -24.6892 -24.7849 -24.4496 -24.5319 -24.6862 -25.1042 -24.8773 -25.4048
-28.892 -28.6419 -28.5937 -28.5699 -28.1014 -27.5945 -27.8063 -27.5925 -28.3998 -28.5533 -28.1763 -27.7963 -28.5264 -28.6789 -28.5021 -28.6292 -27.2851 -28.9522 -29.0452 -28.1057 -28.3681 -28.2018 -28.5783 -28.3568 -27.5378 -26.8599 -27.9343 -27.2906 -28.2501 -27.7478 -26.4788 -27.1393 -25.7327 -26.367 -25.5159 -25.0069 -24.4426 -25.6823 -25.1538 -24.6105 -24.5121 -25.056 -24.9109 -24.7992 -24.8841 -25.0155 -24.4083 -24.6013 -24.611 -24.2744 -24.46 -24.1818 -24.296 -24.7254 -24.8726 -24.6802 -24.5429 -24.7742 -24.6108 -24.5522 -24.7278 -24.7896 -24.9982
-29.1392 -28.6692 -28.7132 -27.9627 -27.8752 -28.1312 -27.7637 -28.1457 -28.1355 -28.1 -28.3575 -28.1527 -28.1961 -29.255 -29.1125 -28.0483 -27.5663 -28.3257 -28.9439 -28.234 -28.6973 -28.6318 -28.2333 -27.3008 -27.2601 -27.7709 -27.9946 -27.9957 -27.6895 -27.1859 -27.4154 -26.6709 -26.9606 -26.958 -26.7723 -25.6958 -26.1761 -24.2875 -24.2913 -24.351 -24.5743 -24.9135 -24.5354 -24.493 -24.4026 -24.4259 -24.1164 -24.1814 -24.1739 -23.9702 -24.3152 -24.0208 -24.3911 -24.233 -24.4712 -24.6687 -24.5967 -24.2581 -24.7819 -24.7141 -24.7396 -24.8359 -24.6999
-28.8092 -28.7442 -28.9811 -28.6445 -28.719 -27.7299 -28.9475 -29.0041 -28.3847 -28.4519 -28.6739 -28.6982 -28.4857 -28.9195 -28.5519 -27.5115 -28.3033 -29.0102 -29.058 -28.5148 -28.21 -27.696 -27.761 -27.9724 -27.258 -27.5554 -28.3764 -28.3609 -27.5726 -27.3894 -27.2892 -26.6664 -26.2814 -27.0229 -27.3011 -25.9967 -25.1813 -26.298 -24.3959 -23.9325 -25.3862 -24.5389 -24.2676 -24.2403 -24.4009 -23.9009 -23.8028 -23.991 -23.857 -23.8907 -23.978 -23.9892 -23.8125 -24.2393 -24.3303 -24.5784 -24.1102 -23.9461 -24.3505 -24.4392 -24.8801 -24.3905 -24.6191
-28.8804 -28.8375 -28.4581 -29.0922 -27.7797 -28.9128 -29.0129 -29.3794 -28.4707 -28.3388 -28.8558 -28.2117 -28.2944 -27.4967 -27.4706 -28.3446 -27.8759 -27.8486 -28.7866 -28.596 -28.6758 -28.1857 -28.3555 -28.2327 -27.6731 -27.6642 -27.9291 -28.219 -28.3067 -28.633 -27.5795 -26.577 -26.3208 -26.8198 -26.8755 -26.9609 -26.3303 -24.7237 -24.5902 -24.6091 -23.758 -23.9759 -24.4975 -24.9981 -24.5653 -24.5868 -23.6292 -23.6196 -23.6063 -23.6444 -23.5243 -23.6702 -23.7093 -24.0813 -23.9814 -24.2895 -24.1444 -23.8013 -23.8887 -24.0612 -24.2924 -24.311 -24.388
-28.8472 -29.1933 -29.3656 -29.1187 -28.7244 -28.6466 -29.3738 -29.3391 -29.5827 -28.501 -28.2459 -28.5029 -28.1937 -28.7145 -27.7499 -28.984 -28.0981 -28.6137 -29.1391 -28.7924 -29.0996 -28.6842 -28.7169 -29.0374 -28.3236 -28.1152 -27.8233 -28.4523 -28.2901 -27.1135 -27.5047 -27.4728 -27.7858 -28.1121 -26.8855 -27.4182 -26.0944 -25.9345 -24.2754 -24.6021 -24.5875 -24.2053 -23.4659 -23.4121 -24.5111 -24.3316 -23.7847 -23.5587 -23.4292 -23.5622 -23.5964 -23.6219 -23.8949 -24.2114 -24.0924 -23.837 -23.6052 -23.7619 -24.0238 -23.8961 -24.0631 -24.1141 -24.2091
-28.667 -28.8995 -29.3905 -28.9589 -28.2858 -29.2605 -29.8343 -29.5391 -29.5045 -28.3003 -28.1686 -29.2163 -28.803 -28.9419 -27.6233 -28.2403 -29.0828 -28.6208 -29.2376 -28.6737 -29.1344 -28.6312 -28.7601 -29.3125 -28.2027 -29.1695 -28.1679 -29.3092 -29.5774 -27.4213 -28.9915 -28.1792 -29.772 -26.9078 -27.0098 -27.0798 -26.4437 -26.2941 -25.5537 -25.1787 -24.7642 -24.3725 -24.3267 -24.1932 -23.1894 -23.268 -24.2362 -23.7123 -23.5448 -23.4676 -23.5055 -23.63 -23.5356 -24.0744 -23.9025 -23.5177 -23.5208 -23.5698 -23.6582 -23.7116 -24.0569 -23.9826 -24.1696
-29.0451 -29.0444 -28.9881 -29.7039 -29.4208 -29.7922 -29.9733 -29.8596 -29.3555 -28.5716 -29.4147 -28.8964 -28.6923 -28.9048 -27.7634 -28.8559 -29.1874 -29.3109 -29.0222 -29.0205 -29.1377 -29.2423 -29.1004 -29.4739 -28.8086 -29.7774 -28.6857 -27.983 -28.6799 -29.0583 -29.6977 -28.6554 -27.4949 -26.1248 -27.1882 -26.4696 -27.0618 -26.728 -25.8675 -25.9064 -24.8425 -24.3774 -24.1052 -24.1546 -24.0995 -23.2158 -24.2202 -24.362 -24.0693 -24.1031 -24.2037 -23.8792 -23.9554 -23.9173 -23.5269 -23.3872 -23.3787 -24.13 -24.0451 -23.9675 -23.8787 -23.8003 -24.177
-29.6718 -29.1756 -29.456 -29.5748 -29.9837 -30.4217 -29.5889 -29.5643 -28.8272 -28.8078 -28.8095 -29.0736 -29.0214 -30.0556 -28.5755 -29.1647 -29.2728 -29.7422 -29.4869 -29.1354 -29.2872 -29.3986 -28.942 -29.7755 -29.183 -29.1312 -28.1791 -27.7911 -28.4381 -27.8542 -29.7512 -27.8484 -27.7263 -26.322 -25.2943 -25.674 -26.5894 -26.3016 -25.8764 -24.6634 -25.0873 -24.3078 -24.0016 -23.5175 -23.9885 -22.9947 -24.586 -24.6431 -24.4988 -24.4754 -24.8347 -24.7902 -24.4159 -24.2678 -24.6933 -24.7433 -25.0498 -24.6358 -24.3479 -24.5947 -24.4969 -24.6685 -24.2589
-28.8697 -29.6682 -29.9962 -29.2508 -29.9296 -30.1453 -29.1742 -29.5204 -29.268 -29.5485 -29.2952 -30.0038 -28.8378 -29.8596 -29.4132 -28.5827 -29.1928 -29.4133 -28.2357 -28.6182 -28.9597 -29.1247 -28.6141 -28.5649 -29.2289 -28.6177 -28.037 -27.2754 -26.3402 -26.8882 -27.3002 -27.734 -27.1883 -26.5537 -26.9466 -26.4494 -26.6552 -26.034 -25.627 -24.8917 -24.194 -23.8001 -24.0887 -24.2044 -23.5937 -22.906 -22.8533 -23.5708 -24.2525 -23.3405 -23.0385 -23.5324 -23.4509 -23.4836 -23.465 -23.6417 -23.7023 -23.8313 -23.7258 -23.7623 -23.8377 -23.6755 -24.9339
-29.677 -29.4114 -30.1149 -29.7708 -29.9954 -30.1071 -29.595 -29.9754 -30.3521 -30.0072 -28.6604 -29.0278 -30.1843 -30.0023 -29.4715 -28.3719 -28.9951 -29.4958 -29.0773 -27.4555 -27.1308 -28.2382 -27.5728 -28.0651 -28.2667 -28.303 -28.0887 -27.1921 -27.549 -26.1357 -25.9457 -26.3956 -26.0635 -24.6131 -25.2515 -26.1265 -25.0077 -25.2242 -25.1222 -25.3406 -24.7309 -23.4062 -23.4884 -23.9346 -24.3361 -23.0835 -22.741 -24.0377 -24.0222 -23.0848 -22.9822 -22.7524 -23.3154 -23.4738 -23.0418 -23.0424 -23.1696 -23.0354 -23.7994 -23.363 -24.0904 -24.4048 -24.7559
-29.7884 -30.2924 -29.9615 -30.4027 -30.922 -30.165 -30.4526 -30.5495 -30.4255 -29.3479 -28.9356 -29.1606 -30.4369 -29.3034 -28.4159 -28.8233 -29.3937 -29.0246 -28.4784 -28.9238 -28.2069 -27.6358 -27.3168 -27.6066 -27.6006 -27.1332 -27.7409 -26.9877 -25.8924 -25.8371 -26.2788 -24.9048 -24.6492 -24.2449 -24.9297 -25.1296 -24.1694 -25.3704 -24.4829 -23.5967 -23.5551 -23.2695 -23.3449 -23.2389 -22.9519 -22.6747 -24.0977 -24.3576 -22.9715 -22.6255 -22.6137 -22.673 -22.7079 -23.2121 -22.9857 -23.6885 -23.0849 -23.5512 -24.0835 -23.8357 -24.5313 -24.6662 -25.2627
-29.9849 -30.1815 -29.5996 -30.7357 -30.8628 -31.1186 -31.2952 -30.4567 -29.6497 -29.7436 -29.0223 -30.2958 -30.0484 -29.5035 -29.5811 -29.4309 -29.8438 -29.5235 -29.1689 -28.3822 -28.099 -28.0157 -27.5841 -26.8751 -26.6501 -27.1972 -26.5296 -26.108 -25.9736 -25.7732 -25.799 -25.4432 -24.2581 -24.7241 -24.9803 -25.175 -24.0723 -24.6955 -24.5211 -24.0002 -23.7224 -22.9031 -22.7329 -22.6777 -22.7642 -22.6833 -23.9354 -22.6221 -22.5691 -23.1448 -23.0158 -22.4465 -22.6156 -22.9473 -22.927 -23.5971 -23.3196 -22.926 -24.0987 -23.4378 -23.6814 -24.5124 -24.2067
-29.1179 -29.9671 -30.143 -30.7784 -30.5927 -31.2641 -31.0797 -30.1112 -29.6799 -30.1872 -29.9206 -30.2923 -30.1094 -29.5846 -29.3472 -29.4485 -29.1839 -28.5298 -28.9584 -28.6217 -27.5068 -26.4229 -26.1073 -26.4337 -26.5542 -25.3711 -25.8632 -26.303 -25.6057 -25.4227 -24.6361 -25.9495 -24.9105 -23.5721 -25.2053 -24.5532 -24.5502 -24.3004 -23.3377 -23.0727 -22.9094 -22.6992 -22.6919 -23.0773 -23.3091 -22.5917 -22.5639 -22.6292 -23.0679 -22.5574 -22.4866 -22.7669 -22.8076 -22.8693 -22.5757 -22.7924 -23.0497 -23.096 -23.4405 -23.7385 -23.6653 -23.8768 -24.1689
-29.5619 -29.1974 -29.7048 -29.8234 -30.7213 -29.9851 -30.4196 -29.063 -28.7288 -28.5379 -28.7684 -29.4355 -28.4751 -28.6508 -29.428 -29.3839 -28.5044 -28.6644 -27.8859 -27.4018 -27.4475 -27.3344 -26.904 -27.4901 -26.9692 -25.9382 -25.2077 -25.6276 -26.0138 -25.6882 -24.7069 -24.8593 -24.3864 -24.5706 -24.2413 -24.304 -23.9218 -23.0408 -22.9019 -22.9348 -23.0428 -22.6151 -22.576 -22.6778 -22.6004 -22.5193 -22.4953 -22.4796 -22.4367 -22.3993 -22.6717 -22.9205 -23.0751 -23.028 -22.8861 -23.2908 -22.8176 -23.0856 -23.0933 -23.2353 -23.3339 -23.8354 -24.4377
-29.3903 -29.4418 -29.5058 -28.7643 -29.9486 -29.4087 -28.6223 -28.6457 -28.5475 -28.3138 -27.8224 -28.4079 -27.9801 -27.8266 -28.6081 -28.8577 -28.2734 -28.3349 -28.1175 -27.7413 -27.4488 -27.3269 -27.0391 -27.0649 -26.5823 -25.1964 -24.7289 -25.6466 -25.704 -25.7077 -24.9932 -24.2514 -23.4618 -24.233 -23.5907 -23.6798 -23.0416 -23.0731 -23.2241 -22.8381 -23.1744 -22.5155 -22.4991 -22.5711 -22.4955 -22.4725 -22.4913 -22.4784 -22.4043 -22.4246 -23.1565 -23.0046 -23.0666 -22.9612 -23.2466 -23.185 -22.9256 -23.307 -23.6528 -23.43 -23.4687 -24.2109 -23.9403
-28.2966 -28.5482 -28.1112 -28.5954 -28.272 -28.9121 -28.3264 -28.3947 -28.4834 -27.1405 -27.058 -27.3496 -27.4866 -27.4637 -28.2205 -28.4292 -28.3686 -27.8785 -27.0969 -27.3445 -26.8536 -26.7095 -26.5868 -25.8348 -26.7017 -26.1279 -25.8469 -25.1321 -24.5155 -25.5534 -25.2676 -24.9328 -24.5657 -23.3114 -23.9086 -23.4196 -22.8354 -23.0947 -22.9858 -23.4488 -23.2938 -22.4976 -22.4315 -22.4225 -22.4712 -22.4551 -22.4418 -22.4359 -22.4194 -22.4107 -23.1454 -22.7507 -23.1252 -23.0303 -23.623 -23.3307 -23.044 -23.7869 -23.3036 -24.0547 -23.6562 -23.9349 -24.3681
-28.3536 -28.3985 -27.491 -27.8377 -27.8661 -27.9542 -28.7244 -28.1062 -28.0515 -27.1992 -26.7697 -27.3554 -27.5013 -26.7792 -27.7677 -28.0006 -28.1194 -27.5 -27.0161 -26.53 -25.5718 -26.4415 -26.1543 -26.1607 -26.3461 -26.4383 -25.463 -24.0731 -25.1681 -24.4593 -24.9189 -24.3755 -23.871 -23.8554 -23.0257 -22.774 -22.7519 -22.7512 -22.7158 -22.9939 -22.4763 -22.4313 -22.3874 -22.4192 -22.4039 -22.3699 -22.3982 -22.3973 -22.3653 -22.3768 -23.1894 -22.9583 -23.1629 -23.2221 -23.7101 -23.3118 -23.5838 -23.4832 -24.0772 -23.5863 -23.5533 -23.5461 -24.6633
-27.1801 -26.608 -27.4262 -26.6532 -27.2182 -28.5705 -27.7841 -27.2271 -27.5157 -28.5873 -27.1953 -26.7548 -26.764 -27.3321 -27.2101 -27.4009 -27.4597 -26.7441 -26.99 -26.5678 -26.3087 -26.612 -26.3258 -26.2195 -25.1321 -25.5953 -25.0259 -23.9199 -24.1936 -24.5105 -23.607 -23.727 -23.5869 -23.2599 -22.8099 -22.7021 -22.6874 -22.6732 -22.8074 -22.5081 -22.3908 -22.402 -22.3473 -22.2918 -22.3873 -22.3236 -22.3213 -22.3414 -22.3657 -22.3861 -22.5951 -23.0576 -22.8507 -23.4091 -23.7116 -23.6531 -23.8433 -23.5837 -24.2236 -23.9675 -24.0181 -24.0615 -24.8769
-26.2599 -27.0413 -25.9628 -27.7422 -28.7087 -27.5312 -27.0877 -26.574 -26.987 -27.2973 -26.8664 -25.6 -25.8451 -27.0535 -27.3326 -27.6524 -27.1453 -26.6935 -27.044 -26.2484 -25.5981 -26.1601 -25.5937 -25.2313 -24.3893 -24.6449 -24.6598 -24.885 -23.743 -23.998 -23.5398 -23.4598 -22.7988 -22.6692 -22.6536 -22.6567 -22.5934 -22.6 -22.593 -22.4603 -22.3656 -22.2926 -22.311 -22.262 -22.3602 -22.3736 -22.3189 -22.398 -22.3906 -22.4281 -22.7936 -22.6776 -23.1311 -23.5167 -23.7774 -23.948 -23.9881 -24.1639 -24.3931 -24.0517 -24.406 -23.995 -23.7547
-27.8416 -27.8109 -26.1219 -26.9297 -26.3822 -26.0492 -27.0285 -25.6764 -26.5662 -26.7245 -25.8604 -25.4254 -26.1777 -26.3385 -27.0601 -27.1116 -26.1126 -26.5323 -25.9903 -25.7142 -25.1187 -25.8349 -26.1147 -25.1515 -24.1608 -24.5068 -24.3377 -23.6596 -23.4392 -23.3797 -22.8992 -22.6801 -22.6127 -22.6188 -22.5545 -22.6008 -22.5719 -22.5455 -23.0697 -22.4014 -22.2892 -22.2749 -22.2609 -22.2872 -22.2764 -22.2854 -22.4272 -22.3673 -22.8267 -22.6365 -22.8322 -22.7398 -23.2336 -23.3363 -23.8688 -23.9584 -23.8903 -24.3121 -24.4064 -24.3158 -24.3796 -23.9623 -23.6956
-28.2892 -28.9232 -25.9668 -26.3622 -25.8867 -25.3962 -25.4163 -25.2588 -26.7171 -27.3659 -25.8777 -25.6145 -25.8655 -25.6453 -26.2731 -26.6308 -25.6817 -25.8433 -25.0304 -25.4849 -24.9224 -25.2661 -25.8426 -25.2199 -24.318 -23.8315 -23.6745 -23.6639 -23.7379 -23.0673 -22.6181 -22.5751 -22.6004 -22.5287 -22.5456 -22.4868 -22.7095 -22.4679 -22.3183 -22.3021 -22.2323 -22.2216 -22.2288 -22.2965 -22.2629 -22.3358 -22.3429 -23.0839 -22.7688 -22.9454 -22.895 -22.8299 -23.0889 -23.2336 -23.3597 -23.2207 -23.6485 -23.5281 -24.5111 -24.5921 -24.4524 -24.5712 -23.6986
-29.129 -28.23 -27.9598 -26.4102 -26.2452 -27.6458 -26.3931 -25.5347 -25.1168 -26.4255 -25.5926 -25.6706 -25.2211 -25.7076 -25.8127 -26.064 -26.2041 -24.959 -24.7067 -24.8542 -24.2665 -24.6653 -25.6526 -25.0225 -24.621 -23.1967 -23.441 -22.8187 -23.0928 -22.5031 -22.5144 -22.4551 -22.6951 -22.4601 -22.8718 -23.0237 -22.863 -22.3255 -22.2756 -22.228 -22.1974 -22.2241 -22.2735 -22.2724 -22.3439 -22.4067 -22.3116 -23.2508 -23.0658 -22.9677 -22.5367 -22.6927 -23.0372 -23.2604 -23.2839 -23.8844 -23.542 -24.0624 -24.1916 -24.7449 -24.161 -24.2371 -24.1305
-29.0981 -28.3206 -28.4935 -28.3209 -27.3905 -27.7047 -27.5935 -26.8761 -24.9899 -25.4865 -25.4227 -25.9217 -25.2545 -25.0819 -25.6619 -25.8823 -26.0729 -25.5676 -25.0232 -24.9607 -24.1066 -23.9477 -24.6642 -24.1685 -23.4797 -23.2471 -23.73 -23.0139 -22.4419 -22.4858 -22.5366 -22.4622 -22.4397 -22.436 -23.0223 -22.7401 -22.2619 -22.2475 -22.238 -22.1537 -22.1817 -22.2306 -22.2473 -22.2698 -22.2731 -22.3364 -22.9321 -23.1031 -22.6975 -22.6326 -22.5255 -22.7186 -23.0942 -23.3955 -23.5974 -23.8041 -23.5381 -23.8759 -24.3503 -23.9876 -23.8819 -23.8273 -24.8808
-29.4177 -28.2807 -27.9481 -27.4099 -26.4667 -26.4969 -25.9008 -25.6872 -25.1344 -24.2969 -24.4858 -24.0379 -25.0948 -25.8564 -25.1754 -25.3111 -24.9434 -24.6269 -25.3713 -24.7564 -24.1051 -24.2782 -23.7306 -23.805 -23.0356 -23.3618 -23.0616 -22.4073 -22.3838 -22.4 -22.4153 -22.3626 -22.7276 -23.2328 -22.5017 -22.1923 -22.179 -22.2439 -22.1625 -22.1176 -22.1484 -22.1838 -22.2042 -22.2629 -22.2714 -22.3015 -22.6606 -22.3627 -22.3711 -22.5383 -22.6995 -22.7276 -22.8849 -23.0226 -23.2308 -23.5248 -23.7211 -24.2286 -24.4914 -23.8486 -24.0793 -23.8613 -24.7141
