data/70055_lisa.smith_molt_lat_elev_map/70055_lisa.smith_molt_lat_elev_map/predkrig.asc
ncols 411
nrows 282
xllcorner -103.69999694824219
yllcorner 24.299999246460544
cellsize 0.0833333333
NODATA_value -9999
[rows 224 to 251 of 282, columns 0 to 62 of 411]
-28.4821 -31.1633 -27.2486 -28.4185 -30.5853 -35.6208 -29.4718 -27.1372 -25.6757 -26.9311 -27.6811 -37.4454 -45.3565 -41.1401 -39.4899 -35.6448 -34.2791 -36.9137 -41.1413 -43.8462 -43.2329 -39.2284 -36.4698 -31.4492 -30.3523 -30.6905 -28.4951 -25.4714 -24.8366 -23.2817 -22.6126 -22.15 -21.6706 -21.1916 -21.1745 -20.6226 -19.9433 -20.5283 -20.6453 -20.6838 -20.8111 -20.5169 -20.5732 -20.643 -20.6792 -20.3547 -20.1775 -20.6443 -20.2584 -20.2969 -19.9634 -19.8108 -19.7066 -19.8759 -19.6875 -19.419 -19.6271 -19.9341 -19.4456 -19.7879 -19.3111 -19.5031 -19.3971
-29.6667 -33.0088 -33.9453 -27.0012 -26.7548 -26.7931 -26.7758 -27.4927 -34.0317 -27.4152 -29.527 -31.5542 -35.7005 -54.3583 -42.6764 -40.5868 -35.1523 -37.2998 -42.1498 -49.6399 -44.2733 -40.6519 -33.7387 -33.0748 -32.7491 -32.5064 -30.3549 -28.0602 -25.0702 -24.1883 -22.848 -21.9997 -21.5726 -21.4864 -20.829 -20.9548 -20.6074 -20.2475 -20.3433 -20.4753 -20.5433 -19.9804 -20.1153 -19.9341 -19.7236 -19.7789 -19.9438 -19.9126 -20.138 -19.8456 -20.2075 -19.8899 -19.3844 -19.2428 -19.397 -19.1066 -20.0299 -19.2597 -19.3857 -18.9277 -18.7412 -18.5651 -18.5647
-31.1602 -30.6588 -31.7881 -30.6126 -27.0301 -26.233 -26.2421 -32.338 -35.2115 -28.3616 -31.0038 -30.79 -34.2497 -50.9262 -51.9534 -47.4284 -38.5328 -38.5776 -43.4617 -46.1513 -46.6688 -37.6756 -38.0932 -38.7105 -33.4251 -32.7423 -31.2748 -30.0273 -27.1009 -24.8532 -23.1628 -22.5033 -21.9292 -21.6318 -21.4059 -20.6697 -20.4186 -19.6444 -20.2891 -20.1758 -20.2248 -19.9451 -19.5899 -19.3976 -19.4197 -19.4787 -19.6732 -19.4142 -20.1135 -19.4692 -19.6537 -19.9609 -19.7839 -19.0706 -18.8823 -19.038 -19.7451 -18.771 -18.9027 -19.0518 -18.7256 -18.6523 -18.3653
-41.6266 -34.0901 -30.9759 -29.5656 -27.9582 -27.4211 -28.36 -31.3007 -34.0917 -30.0718 -31.5716 -31.9601 -33.7283 -38.4365 -43.3985 -40.138 -37.7039 -36.5364 -45.723 -39.8751 -38.6173 -37.4021 -34.0732 -33.9236 -36.5253 -31.5639 -30.3605 -28.4126 -27.7163 -24.6595 -23.474 -22.7758 -22.4244 -21.6773 -20.9457 -20.4963 -20.0345 -19.5636 -19.7512 -20.0508 -20.224 -19.9415 -19.5087 -19.1878 -19.28 -19.1214 -19.3736 -19.2551 -19.504 -19.29 -19.1884 -19.2989 -19.0428 -19.2946 -18.6199 -18.849 -19.1688 -18.6798 -18.5204 -18.7915 -18.6831 -18.5381 -18.0897
-43.4958 -43.4782 -33.4214 -30.9926 -29.4575 -28.6904 -31.6357 -28.823 -30.1731 -32.1822 -32.1094 -34.865 -33.7438 -36.22 -42.4697 -38.9046 -41.793 -33.5778 -45.5987 -41.5151 -45.3252 -33.7348 -33.2057 -33.3577 -35.3579 -33.0285 -30.4913 -27.0246 -25.1781 -23.8887 -22.5985 -22.0402 -22.939 -21.8153 -20.9412 -20.6026 -20.3505 -20.0752 -19.3577 -19.4727 -20.0534 -19.3515 -19.1922 -19.3129 -18.8185 -18.8947 -19.1963 -18.8437 -18.9512 -19.3157 -19.7401 -19.3822 -19.0231 -18.6099 -18.4959 -18.5434 -18.9368 -18.7431 -18.2671 -18.6156 -18.3098 -18.3326 -17.9669
-43.6791 -45.4435 -35.4091 -32.7347 -34.9587 -31.1899 -30.0243 -30.1078 -29.3693 -31.8503 -32.9922 -34.9623 -34.0529 -36.2147 -40.2764 -39.2532 -34.1602 -32.1901 -37.9863 -37.5418 -36.554 -35.8575 -31.2382 -32.5217 -34.7126 -31.0321 -32.8 -28.8132 -26.9219 -25.2163 -23.2376 -22.3257 -21.7897 -21.3281 -21.0274 -20.672 -20.3699 -20.1875 -19.5193 -19.6773 -19.8328 -19.5503 -19.4184 -19.1207 -18.7764 -18.5211 -18.7568 -18.6305 -18.7627 -18.8948 -18.8506 -19.1041 -18.9246 -18.7525 -18.6268 -18.2595 -18.3451 -18.4845 -18.3575 -17.9216 -18.1853 -17.8254 -17.8197
-42.3646 -41.9373 -45.2448 -36.262 -35.0044 -32.8665 -31.1874 -30.4994 -30.1256 -30.9345 -33.4286 -39.7464 -34.0917 -39.8275 -46.2443 -44.4977 -40.7356 -36.2561 -31.8482 -30.4799 -31.444 -30.3574 -32.2293 -31.1513 -29.453 -30.9808 -32.0899 -31.1441 -28.7896 -25.8612 -23.9831 -22.904 -22.2815 -21.4893 -20.9307 -20.6455 -20.3243 -19.9164 -20.037 -19.1874 -19.527 -19.7648 -19.6295 -19.0427 -18.8323 -18.8598 -18.4724 -18.3671 -18.5834 -18.6428 -18.5184 -18.7824 -18.7486 -18.5104 -18.3705 -18.3562 -17.9453 -17.9668 -18.1464 -18.1242 -18.1379 -17.5936 -17.5473
-41.1485 -43.6014 -46.7061 -42.7166 -35.4153 -33.2745 -32.3666 -32.3506 -31.1801 -30.8582 -32.4776 -33.2698 -33.8362 -34.4637 -50.13 -47.5491 -38.2589 -45.549 -49.0416 -31.2902 -29.3959 -28.3615 -29.3258 -29.437 -28.4868 -29.6488 -29.4841 -30.4266 -28.6868 -26.0183 -23.9355 -22.8615 -22.3428 -21.6384 -21.2121 -20.783 -20.4936 -20.2974 -20.1896 -19.963 -19.188 -19.4862 -19.9548 -19.3125 -19.378 -18.9143 -18.6974 -18.3072 -18.4721 -18.1471 -18.2779 -18.3309 -18.2116 -18.3756 -18.5974 -18.1204 -17.8773 -17.669 -17.7544 -17.5985 -17.7383 -17.6364 -17.7638
-40.0988 -40.1548 -42.0729 -38.5537 -36.1318 -33.8208 -33.9196 -35.7392 -32.3611 -31.3937 -31.3645 -33.4265 -32.446 -34.8759 -46.5248 -40.4595 -40.1145 -39.634 -44.9169 -44.2853 -38.4516 -29.7722 -28.3142 -26.3717 -26.2351 -27.0584 -27.3824 -27.9036 -28.3762 -26.3357 -24.6699 -23.4422 -22.6925 -21.8139 -21.4215 -21.0099 -20.7044 -20.4355 -20.2038 -19.9888 -19.5215 -19.1961 -19.5602 -19.8275 -19.6776 -19.3664 -18.8756 -18.4332 -18.3319 -18.2626 -17.9804 -18.0853 -17.9337 -17.9705 -18.0915 -18.3484 -17.8151 -17.5637 -17.4384 -17.3412 -17.2599 -17.4091 -17.0292
-39.4923 -38.5778 -37.876 -36.3899 -35.4339 -34.427 -33.713 -40.5399 -35.3063 -32.3392 -35.0387 -32.3516 -32.9164 -40.0298 -53.5389 -41.5583 -40.5682 -38.9226 -44.1443 -38.3986 -39.3981 -34.4285 -33.9507 -28.7854 -25.6678 -24.9901 -25.373 -26.3659 -27.0312 -26.0198 -25.03 -24.7046 -22.9815 -22.2361 -21.8112 -21.3281 -20.825 -20.5231 -20.2192 -19.9168 -19.6922 -19.1051 -19.5069 -19.3814 -19.5351 -19.7497 -19.0569 -18.684 -18.6518 -18.5245 -17.944 -17.8456 -18.1166 -18.0989 -17.5955 -17.8858 -17.7159 -17.8043 -17.9978 -17.6371 -17.45 -17.4501 -17.3686
-40.6827 -38.5767 -38.0307 -38.3983 -36.6489 -34.5479 -33.6118 -40.2443 -43.5397 -33.9033 -33.2752 -35.2833 -33.9585 -35.7651 -42.7104 -43.4156 -40.3586 -39.7396 -41.7697 -37.6065 -43.4185 -34.3625 -31.4225 -30.8187 -28.1067 -26.6185 -24.3026 -24.6911 -25.7002 -24.8734 -25.06 -24.0296 -23.1222 -22.6837 -22.4146 -21.6822 -21.2345 -20.8053 -20.3587 -19.8594 -19.238 -18.5732 -19.3727 -18.8575 -19.4564 -19.506 -19.0892 -19.0133 -18.5377 -18.113 -18.2774 -18.5878 -18.5075 -18.0431 -17.8793 -17.4139 -17.3742 -17.9088 -17.8455 -17.7437 -17.5417 -16.985 -16.7861
-38.82 -38.7061 -41.3633 -44.6507 -42.73 -33.9335 -33.7001 -36.8957 -52.2922 -36.9929 -34.6329 -40.6431 -35.5344 -37.1877 -37.8103 -38.8622 -46.3964 -39.8446 -43.5082 -40.3613 -42.5099 -37.685 -28.3146 -29.1776 -26.9211 -25.2008 -25.0297 -23.9204 -24.1789 -23.8205 -23.2629 -24.0177 -25.0649 -23.9971 -24.048 -22.5719 -21.8445 -21.0379 -20.6385 -20.0061 -19.2687 -18.9563 -18.412 -19.0184 -19.0938 -19.2693 -19.1906 -18.7042 -18.3456 -18.4805 -19.0788 -18.6519 -18.1916 -18.1365 -17.8701 -17.4038 -17.2225 -17.466 -17.708 -17.3875 -17.1132 -16.9422 -17.1852
-37.811 -37.5142 -39.3942 -38.4702 -36.898 -33.8347 -33.5328 -36.7433 -45.4465 -45.7328 -36.5324 -39.9155 -37.4737 -39.7046 -39.0058 -37.4102 -42.0161 -44.538 -35.7146 -37.9294 -39.8053 -32.1706 -27.8187 -25.7566 -24.5165 -25.5615 -23.6842 -23.2476 -22.6886 -22.7733 -22.575 -22.8701 -23.7306 -24.1663 -24.5217 -23.7211 -22.5251 -21.5784 -20.8816 -20.326 -19.8539 -19.3266 -18.9003 -18.5938 -18.7221 -18.9584 -19.4603 -18.7515 -18.5207 -19.1275 -18.6565 -18.7004 -18.6849 -18.1344 -17.5999 -17.363 -17.2014 -17.058 -17.0969 -16.988 -16.8859 -17.2913 -17.95
-39.5378 -38.4089 -36.5833 -36.5531 -38.3963 -34.2418 -33.5098 -35.912 -41.3087 -44.2364 -39.5162 -40.0049 -38.4311 -41.8881 -41.1976 -37.0837 -40.1967 -39.8807 -37.9566 -34.6739 -34.1169 -37.8453 -28.432 -26.1162 -24.0985 -23.5001 -24.7565 -23.0544 -22.4655 -22.454 -22.1852 -22.2425 -23.9531 -24.3155 -25.5838 -27.5131 -23.7641 -22.5206 -21.0981 -20.4369 -19.8452 -19.1845 -19.048 -19.1564 -18.4115 -18.4937 -19.0371 -19.2744 -18.9406 -19.1648 -19.7629 -19.0168 -18.6484 -18.1836 -17.8252 -17.3146 -17.6822 -17.3393 -16.9753 -17.3807 -17.5933 -17.6724 -18.0377
-45.6803 -40.933 -37.8216 -35.4569 -34.5431 -33.6838 -33.5249 -33.9039 -40.0496 -37.016 -37.2826 -42.0768 -39.105 -37.1455 -36.5581 -39.1044 -47.9861 -38.9545 -39.0947 -34.9836 -33.9984 -45.1471 -32.8277 -26.535 -24.0825 -23.2568 -22.7387 -22.4756 -22.0451 -21.8052 -22.0974 -21.7424 -22.8115 -22.9466 -24.8278 -26.1595 -24.0755 -22.8605 -21.3742 -20.4785 -20.025 -19.4707 -19.4789 -18.9386 -18.7389 -18.1982 -18.3997 -18.7981 -18.9225 -18.6659 -19.4541 -18.8752 -18.3254 -17.8981 -17.5862 -17.7301 -17.6941 -17.1721 -17.2083 -17.6889 -17.8953 -17.9301 -18.6776
-40.4131 -43.6085 -37.4891 -35.6061 -34.1457 -33.6103 -33.5241 -33.5807 -33.9546 -34.2942 -36.4657 -39.2742 -38.6707 -38.3947 -36.5193 -36.4593 -40.2601 -43.8173 -38.5783 -38.0449 -37.4821 -41.1556 -44.2836 -32.5454 -26.5261 -24.4773 -23.7078 -22.9444 -22.2818 -21.9276 -21.389 -21.2702 -21.4927 -21.9471 -22.949 -24.6121 -25.2171 -22.8943 -21.1921 -20.3602 -19.8029 -19.6283 -19.5325 -18.7062 -18.5811 -18.4867 -18.2507 -18.8241 -19.1147 -18.3643 -18.8269 -19.5571 -18.5779 -18.1245 -17.894 -17.7761 -17.8197 -17.7414 -17.432 -17.8302 -18.5265 -18.2584 -18.8155
-38.6633 -40.2254 -40.0784 -35.5335 -34.5694 -33.697 -33.5574 -33.6336 -33.7131 -33.8991 -35.0258 -42.3584 -39.6087 -39.2229 -38.1504 -36.4123 -39.1606 -39.8186 -42.0366 -44.3689 -41.3795 -36.1354 -40.7386 -35.9154 -33.8981 -35.7395 -34.6159 -25.8124 -23.3363 -22.1709 -21.734 -21.2652 -20.8855 -21.1968 -21.6367 -22.171 -22.881 -21.6309 -20.7883 -19.945 -19.61 -19.818 -19.145 -18.6417 -18.5331 -18.4009 -17.8816 -18.2504 -18.4723 -18.1151 -18.7589 -19.2492 -18.4864 -18.0757 -17.984 -18.0572 -17.8519 -18.0305 -17.8148 -17.957 -18.4601 -19.4924 -18.5155
-38.2827 -41.2074 -39.0164 -36.447 -35.6567 -34.175 -33.8045 -34.2936 -34.7719 -33.9167 -34.3226 -40.9556 -43.9973 -41.3468 -40.6756 -36.3963 -37.1571 -39.9081 -39.3764 -39.7429 -35.7776 -37.2932 -32.2879 -31.4471 -29.5446 -28.1903 -29.2227 -29.4296 -23.8539 -22.6638 -22.0638 -21.5618 -21.2183 -20.6261 -20.7803 -20.7053 -20.7225 -20.4357 -19.9664 -19.9984 -19.4572 -19.6137 -19.1621 -18.9741 -19.0955 -18.7531 -18.4791 -17.8802 -18.1992 -17.786 -18.8444 -18.9366 -18.7515 -18.3057 -18.1626 -17.9891 -17.9977 -18.1213 -18.4851 -18.4158 -18.899 -18.6986 -18.8557
-38.0981 -39.8257 -39.2679 -36.81 -38.5815 -36.0842 -34.7711 -35.3451 -34.6634 -34.1503 -35.2673 -42.8098 -48.9446 -43.9003 -41.008 -37.699 -36.4547 -40.6667 -42.5938 -41.6318 -35.9583 -32.8687 -33.1807 -29.5819 -28.3758 -28.3301 -26.3706 -25.8516 -23.5883 -23.3716 -22.1883 -21.5109 -22.0623 -20.7412 -20.3349 -20.1236 -20.0652 -19.9916 -19.8078 -19.8936 -19.5086 -19.3231 -19.3906 -19.4648 -19.9109 -19.0465 -18.8061 -18.4981 -17.8644 -17.5394 -17.7593 -18.7434 -18.3451 -18.7001 -18.4555 -18.2576 -18.6056 -18.7418 -19.0531 -19.4227 -19.5015 -18.8995 -18.4412
-37.3401 -38.7378 -40.1967 -37.5703 -38.4135 -39.8444 -35.9982 -36.842 -36.4629 -34.6066 -35.3566 -38.0115 -49.792 -48.7348 -41.48 -39.243 -36.3712 -37.8133 -39.7064 -38.9983 -37.8024 -36.3408 -34.4853 -29.4743 -27.8568 -28.8599 -31.959 -24.873 -23.7277 -22.6653 -22.2302 -21.545 -21.002 -20.5118 -20.4533 -20.2015 -19.7782 -19.8811 -19.7457 -19.5976 -19.5005 -19.3156 -19.2812 -19.0557 -19.48 -19.5775 -18.6348 -18.3591 -18.0044 -17.8421 -17.9151 -17.9272 -18.0614 -18.9227 -18.3898 -18.4399 -18.8799 -19.9628 -19.9298 -19.6204 -19.3001 -18.811 -18.2488
-37.1714 -38.3873 -40.4064 -36.8482 -37.6508 -38.6007 -36.1836 -36.9655 -35.9282 -37.6908 -35.0308 -37.3968 -45.3394 -51.0108 -42.3781 -37.1661 -36.0004 -35.8477 -37.5718 -36.0738 -37.3482 -47.184 -37.7159 -30.9271 -27.8483 -26.9324 -26.0205 -27.5125 -23.3106 -22.1145 -21.7493 -21.238 -20.7144 -20.3479 -20.1831 -19.999 -19.8113 -19.6628 -20.3087 -19.5277 -19.4678 -19.3516 -19.1494 -19.0794 -18.9773 -19.5848 -19.4711 -18.8785 -18.1397 -17.872 -17.6496 -17.8075 -18.5554 -18.4119 -17.963 -18.1547 -18.723 -20.0102 -19.7392 -19.5713 -19.0346 -18.3676 -17.9527
-39.1308 -38.5278 -37.6999 -36.2698 -35.3273 -35.0497 -34.7477 -35.1919 -35.1906 -35.0739 -34.4954 -36.9688 -42.8368 -45.8329 -46.5188 -41.6263 -35.4089 -34.2195 -34.167 -34.3351 -36.0305 -39.803 -36.8557 -37.0269 -27.6316 -26.0146 -24.8159 -25.248 -25.9496 -22.1314 -21.3393 -21.0498 -20.7123 -20.6286 -20.4611 -20.2471 -20.0884 -20.04 -19.4433 -19.3305 -19.268 -19.2268 -19.1829 -18.9616 -18.8179 -19.0497 -19.6062 -18.6466 -18.1192 -18.2785 -17.6289 -17.6167 -18.1312 -17.9283 -17.8003 -18.1206 -18.8897 -20.0161 -20.0827 -19.432 -18.7545 -18.4308 -17.9564
-43.7804 -39.7388 -40.2942 -36.0914 -40.6427 -34.1499 -35.8484 -34.3861 -35.1126 -34.49 -34.3774 -35.5755 -41.5932 -42.8152 -42.3515 -39.636 -34.2964 -33.193 -32.6949 -34.0179 -38.6885 -40.1698 -43.52 -30.5932 -27.6872 -25.1772 -24.1504 -23.5992 -24.9078 -23.7518 -21.427 -22.0449 -21.6354 -21.5771 -21.1166 -20.6024 -20.659 -20.6945 -19.6055 -19.1874 -18.8551 -19.0486 -18.9375 -18.9628 -18.5315 -18.5525 -18.6102 -18.5287 -18.0069 -17.6396 -17.5733 -17.4484 -17.6815 -17.4287 -17.819 -18.1811 -18.6307 -19.8811 -20.0003 -19.3956 -18.705 -18.0783 -17.8715
-41.9936 -43.4236 -36.5503 -35.0231 -37.1705 -34.0845 -34.2157 -33.868 -36.2492 -35.8755 -34.3286 -40.0821 -38.1513 -44.9929 -43.6175 -39.5135 -34.6104 -32.6038 -31.71 -33.6546 -49.351 -40.1487 -37.5891 -31.6928 -26.3426 -24.8306 -23.6579 -23.0008 -22.6008 -22.1309 -21.9616 -22.2733 -25.5446 -23.7894 -22.0958 -21.1516 -20.7898 -20.0428 -19.6327 -19.3066 -19.2133 -19.056 -18.752 -18.5206 -18.5885 -18.3824 -18.1623 -18.1524 -18.3015 -17.4713 -17.9462 -17.3283 -17.4089 -17.8712 -18.2568 -17.9086 -18.47 -18.7791 -19.7426 -19.0878 -18.5198 -18.0364 -17.8619
-38.02 -37.579 -35.0673 -33.6204 -33.7695 -35.2897 -34.6266 -34.591 -33.8018 -35.0063 -35.454 -37.3753 -48.2718 -52.6281 -52.1803 -41.8201 -35.8289 -32.5022 -30.9594 -31.0851 -43.7604 -48.0126 -35.4531 -32.7084 -25.4373 -24.1199 -23.5749 -22.947 -22.6289 -22.5157 -22.2191 -24.0557 -24.2418 -32.0274 -23.1901 -22.0058 -20.9459 -20.23 -19.9265 -19.8744 -19.5943 -19.5724 -18.8199 -18.7666 -18.324 -18.1887 -18.6421 -17.7638 -17.6313 -17.4391 -17.2363 -17.4194 -17.588 -17.9476 -18.0632 -17.6328 -17.8798 -18.8625 -19.4834 -19.0966 -18.4346 -17.9729 -17.682
-35.0362 -34.579 -33.9465 -33.4456 -33.3049 -43.1485 -38.2711 -37.897 -34.47 -37.5583 -35.5811 -36.9257 -36.4076 -38.6711 -40.2948 -60.8739 -56.3937 -41.4931 -34.3135 -29.6148 -40.4733 -40.2532 -32.7614 -26.5844 -27.0933 -24.2251 -23.957 -24.2807 -23.7883 -23.2837 -23.1197 -24.4256 -32.9648 -25.9258 -30.5145 -23.3613 -28.9874 -20.8244 -20.4707 -21.5829 -20.3167 -19.6861 -19.0764 -18.4796 -18.1545 -18.1187 -18.5551 -18.0899 -17.5386 -17.5665 -17.4124 -17.0631 -17.7783 -17.5179 -17.8947 -17.4429 -17.9141 -18.3259 -18.6277 -18.9366 -18.2498 -17.8639 -17.5854
-35.2356 -34.7431 -33.8985 -33.4067 -33.409 -38.9828 -40.0964 -33.705 -33.5909 -37.1535 -36.5889 -36.3167 -35.1472 -35.527 -36.5643 -36.1551 -36.5764 -35.2227 -31.0309 -28.4652 -27.8462 -27.3434 -27.1271 -36.4843 -26.2445 -29.6134 -25.0821 -24.8981 -24.5214 -24.535 -23.9702 -23.8106 -25.3926 -27.4805 -35.0142 -26.9677 -29.7917 -21.6299 -20.8504 -24.4308 -23.9892 -20.5441 -19.8116 -18.6761 -18.3601 -17.9851 -17.9977 -18.2216 -17.6617 -17.5478 -17.3959 -17.6133 -16.969 -17.533 -17.5421 -17.167 -17.5427 -17.8945 -18.5018 -19.1662 -18.4236 -17.9852 -17.4608
-35.1316 -34.9119 -34.0468 -33.6611 -33.8054 -36.0116 -43.6276 -35.4287 -33.6379 -34.973 -35.9645 -37.5128 -35.0512 -35.1629 -40.7415 -39.0739 -34.5931 -29.8055 -28.6589 -30.7528 -27.71 -27.3415 -27.5685 -29.7603 -32.7134 -28.7844 -26.4847 -26.3705 -27.4054 -32.4964 -26.7325 -25.3906 -25.4244 -26.4097 -26.605 -33.7514 -24.4833 -22.0837 -21.4505 -22.3492 -40.097 -21.8152 -23.8329 -19.3539 -18.944 -18.0179 -17.7131 -17.5637 -17.5349 -17.3307 -17.6828 -17.6455 -17.5091 -17.0852 -16.9419 -17.8238 -17.7817 -17.9744 -18.4706 -18.6588 -18.5859 -17.9001 -17.4399
