data/70055_lisa.smith_molt_lat_elev_map/70055_lisa.smith_molt_lat_elev_map/predreg.asc
ncols 411
nrows 282
xllcorner -103.69999694824219
yllcorner 24.299999246460544
cellsize 0.0833333333
NODATA_value -9999
[rows 84 to 111 of 282, columns 252 to 314 of 411]
-39.494 -40.2392 -39.8529 -40.2577 -39.0113 -39.9542 -38.5786 -39.0288 -39.6756 -37.8844 -38.6085 -39.0325 -39.4819 -39.5582 -38.8577 -39.0999 -38.9433 -39.4911 -39.7925 -39.8878 -40.024 -39.9545 -39.6263 -39.4386 -39.8615 -39.3 -38.7178 -38.584 -39.649 -39.7695 -38.6257 -38.452 -38.9017 -39.5838 -40.1895 -40.4979 -39.8185 -39.4529 -39.6555 -39.8954 -40.2936 -39.7918 -40.5714 -40.6499 -40.814 -43.7387 -42.6959 -41.9696 -42.9805 -43.121 -42.7395 -41.3736 -42.8828 -42.8962 -45.1515 -42.0752 -39.3316 -40.9748 -39.605 -40.1966 -40.1346 -39.9778 -43.2922
-39.7294 -40.0514 -40.8235 -40.3585 -39.5198 -39.7518 -40.1257 -39.3327 -38.6973 -37.9401 -38.9937 -39.3363 -38.887 -38.5144 -38.3683 -38.9054 -38.874 -38.7632 -39.1799 -38.8018 -39.2613 -39.6209 -39.1916 -39.0503 -38.7891 -38.1015 -37.8338 -39.8663 -38.9814 -37.2728 -39.1711 -38.6867 -39.2053 -39.1403 -39.6058 -40.0294 -38.6826 -39.6949 -39.2397 -39.4081 -39.724 -38.9172 -39.81 -39.3163 -40.5432 -41.6311 -41.7002 -41.3786 -42.8531 -44.9158 -41.7292 -42.5279 -45.1705 -44.7501 -39.8952 -40.5383 -40.2166 -39.5363 -42.5121 -44.7904 -43.4739 -40.1248 -37.0049
-40.463 -39.7268 -39.1932 -39.8844 -38.9341 -39.4958 -38.3261 -38.511 -39.4914 -38.4654 -38.4343 -39.1727 -39.0112 -39.296 -37.843 -38.0554 -37.9251 -38.1404 -39.1638 -39.1302 -39.1442 -38.6972 -38.7468 -38.6256 -38.6933 -38.5716 -36.9784 -37.2619 -38.7354 -38.8189 -37.9573 -38.6726 -39.3322 -38.8929 -38.5555 -38.961 -38.2219 -38.6723 -38.3833 -39.4501 -38.4901 -39.5942 -40.7986 -40.5815 -40.3317 -41.1863 -43.2544 -43.2131 -43.6332 -43.1062 -41.5164 -45.0621 -42.7945 -38.1809 -39.0691 -38.4832 -40.7963 -37.0955 -37.7255 -37.8233 -37.738 -39.9086 -36.267
-40.1376 -39.2535 -39.454 -39.2285 -39.4606 -38.6775 -39.024 -38.6393 -38.9127 -38.5487 -38.3308 -38.9269 -38.3587 -38.0921 -37.7727 -38.088 -38.574 -37.6326 -38.119 -38.8488 -39.1017 -39.1707 -39.0086 -38.9977 -37.2355 -36.3861 -38.9743 -39.2831 -39.2136 -37.611 -37.0926 -38.7887 -38.5312 -37.916 -38.8925 -37.5118 -38.2707 -39.334 -39.1822 -38.7855 -38.9592 -39.43 -39.4756 -39.7206 -40.465 -42.9195 -42.1394 -43.2253 -44.1309 -43.4925 -42.7418 -46.5597 -39.3176 -43.3917 -40.4888 -39.3791 -37.9579 -36.3661 -38.4444 -37.5376 -36.7967 -35.0595 -40.0444
-38.6845 -38.3668 -38.0785 -38.6956 -38.4072 -37.9374 -38.0856 -38.9306 -37.9399 -37.42 -37.5075 -38.0297 -37.9813 -38.424 -38.1631 -37.3565 -37.5894 -38.4992 -37.3172 -38.3412 -38.9328 -38.5881 -38.5978 -38.5836 -38.5553 -38.1852 -38.5623 -38.3955 -38.2136 -38.3754 -38.1649 -38.5259 -36.0621 -36.2688 -38.5706 -38.2636 -38.3861 -38.7698 -38.7207 -37.7468 -37.9757 -37.9656 -37.852 -41.6912 -41.5552 -40.2389 -44.4179 -43.3807 -43.8951 -43.4632 -45.6897 -40.9299 -39.9142 -38.3508 -37.6128 -41.528 -36.0259 -37.8348 -38.1615 -36.7588 -36.0058 -40.9027 -36.0456
-39.5728 -39.2793 -38.9248 -37.4593 -37.747 -37.8175 -37.0867 -38.1627 -37.4648 -36.3855 -37.4883 -37.7585 -37.0948 -37.3448 -38.1705 -37.2463 -37.3505 -37.4031 -37.702 -38.57 -37.8852 -38.5484 -38.0724 -37.9493 -38.45 -36.5326 -37.7614 -38.3334 -37.9654 -38.4894 -37.7077 -38.0925 -38.4263 -38.3934 -38.0151 -38.1462 -38.0795 -38.1479 -38.8963 -38.3728 -38.3576 -38.2215 -42.6532 -39.0996 -38.7404 -41.0019 -40.6725 -44.7111 -41.1588 -45.3691 -45.135 -39.5743 -41.2099 -39.6632 -38.9445 -36.8886 -36.7385 -37.3123 -35.4626 -36.8267 -39.2633 -37.9341 -38.3213
-38.3426 -38.4874 -37.9257 -37.232 -37.5707 -37.2682 -37.8178 -37.5 -37.548 -37.3566 -35.93 -36.2835 -36.8414 -37.1709 -36.5197 -37.8755 -37.8085 -36.9509 -37.8708 -37.9584 -37.8247 -38.3181 -38.2354 -38.0821 -37.6788 -37.2517 -36.6791 -38.433 -38.2513 -38.557 -38.1903 -37.089 -38.1602 -37.7013 -36.2281 -36.4221 -37.9045 -38.4776 -37.7335 -39.3104 -37.419 -42.5449 -39.5885 -39.8881 -46.2989 -41.6549 -41.2578 -43.8509 -45.0623 -45.8007 -45.9747 -38.8262 -39.5374 -39.7657 -36.7334 -39.6962 -38.3155 -42.7249 -34.909 -37.4225 -37.0722 -38.9299 -36.0744
-37.8745 -37.898 -37.2393 -37.4415 -37.5055 -37.5881 -36.9572 -37.0544 -36.3459 -36.7471 -36.0243 -36.8662 -35.7903 -36.9027 -37.2936 -37.1296 -37.8729 -37.4337 -37.5586 -38.0327 -37.7311 -38.0382 -37.0277 -37.2367 -37.8399 -37.8693 -37.3963 -38.1524 -38.0095 -37.9936 -37.4292 -37.196 -37.9499 -36.2381 -37.8406 -37.2797 -36.8371 -37.2847 -37.4787 -37.4067 -42.6343 -39.6585 -38.9119 -45.9114 -42.2346 -42.1578 -42.0124 -42.7011 -46.2992 -41.6599 -38.9665 -41.4686 -38.908 -42.7195 -38.5428 -43.194 -39.5115 -37.199 -38.1936 -37.9659 -36.6847 -40.2927 -42.2601
-37.5613 -37.4012 -37.4195 -37.1868 -37.1134 -36.4095 -35.7678 -35.794 -36.0307 -35.246 -36.7505 -36.6774 -36.6969 -36.6116 -36.67 -36.1082 -36.5553 -36.884 -37.6644 -37.0931 -37.8157 -37.2226 -37.1587 -38.0796 -36.1989 -37.2882 -38.1943 -37.6082 -37.8391 -37.8563 -38.0399 -37.8025 -37.51 -37.7735 -36.0219 -37.4889 -37.2563 -38.2568 -37.4567 -40.689 -41.022 -41.3615 -46.1872 -43.956 -42.5656 -41.6914 -44.2465 -45.1377 -46.1551 -38.2977 -37.6015 -38.7281 -40.749 -36.7783 -40.5199 -43.8547 -36.207 -35.6605 -37.356 -37.5503 -39.8092 -35.2085 -34.3559
-37.254 -37.4176 -36.9668 -35.9525 -35.7866 -35.6494 -35.5003 -35.3452 -35.59 -35.3752 -36.1218 -36.4282 -36.8206 -36.3552 -36.5143 -36.5662 -35.9019 -36.8911 -37.7691 -37.3358 -37.6712 -37.3613 -37.1859 -37.3279 -35.6996 -36.0922 -37.2183 -38.2046 -38.1267 -37.2023 -37.3557 -37.5511 -37.2138 -37.1085 -36.0678 -37.2155 -38.1647 -36.6879 -37.463 -42.5088 -40.2792 -46.4306 -43.8809 -43.6102 -43.6956 -43.117 -44.9334 -46.6958 -40.3747 -38.0215 -37.5564 -37.5983 -39.7287 -38.1768 -38.6606 -40.5504 -36.6255 -36.1629 -38.3889 -38.3883 -35.2715 -34.5268 -34.5927
-36.7015 -36.0395 -35.7836 -35.573 -36.7334 -36.9712 -36.3867 -36.0516 -35.0505 -35.8088 -35.2536 -35.9151 -35.6926 -36.3459 -35.4963 -36.1032 -36.1053 -36.0554 -36.8765 -37.5769 -37.4905 -37.6598 -37.6036 -36.7152 -37.023 -36.661 -37.2415 -37.129 -37.849 -37.5092 -37.9964 -37.3706 -35.8249 -36.9573 -36.3334 -37.237 -36.6682 -37.4804 -39.4955 -39.6119 -43.7661 -43.4312 -42.6526 -42.7391 -44.6423 -44.2488 -44.1728 -41.7866 -40.9702 -38.2979 -38.3963 -38.0295 -37.8654 -37.535 -37.8706 -36.7208 -36.2917 -38.2689 -37.9686 -35.1698 -34.0516 -34.2663 -35.3808
-35.409 -35.6882 -35.5218 -36.4264 -36.0479 -35.5943 -35.1276 -35.3172 -34.855 -35.0088 -34.6305 -35.1557 -36.0641 -35.4435 -35.1201 -36.2947 -35.7284 -36.6775 -36.9737 -37.0525 -37.1976 -37.3207 -35.5442 -35.0778 -36.3761 -37.0766 -37.4341 -37.5062 -37.9934 -37.1424 -37.2519 -37.0077 -36.9147 -36.0765 -36.7712 -37.2366 -36.4262 -43.2684 -43.1828 -40.4088 -44.4135 -41.9379 -41.8759 -43.9528 -43.7905 -43.7595 -43.2249 -42.5154 -42.4246 -42.7287 -39.6818 -38.0057 -38.567 -38.2124 -38.774 -34.598 -37.0756 -39.939 -33.7227 -33.676 -33.9503 -34.5742 -35.0813
-35.0058 -35.437 -35.3181 -35.3156 -36.0784 -35.9711 -35.7919 -35.5228 -35.2081 -35.7369 -34.8726 -35.0799 -36.1208 -36.1169 -35.065 -35.5372 -36.017 -36.1912 -37.3253 -36.9339 -36.885 -36.7408 -36.6407 -35.5329 -36.4883 -37.3393 -37.8941 -38.0195 -38.3113 -37.8045 -37.7814 -36.7765 -37.2599 -36.048 -36.5633 -36.1462 -43.0357 -41.2035 -41.1739 -44.1805 -40.4798 -40.263 -45.8425 -45.0884 -42.5152 -44.1161 -43.2439 -40.7475 -36.6782 -37.1582 -41.0451 -37.8263 -36.4384 -37.45 -34.5415 -34.0194 -36.949 -36.4075 -33.2955 -33.4565 -33.5058 -34.6291 -36.6548
-35.9743 -34.9899 -34.8617 -35.1574 -34.8036 -34.9163 -34.9709 -35.3274 -34.8888 -35.4364 -34.3399 -35.1604 -34.8668 -35.6893 -35.7358 -35.0252 -35.648 -35.6503 -35.958 -35.4941 -35.928 -36.7873 -35.2617 -36.4086 -37.0876 -37.0555 -37.5369 -37.7054 -37.1505 -36.7743 -36.4643 -35.7996 -36.6482 -36.2423 -36.4608 -37.5214 -42.4061 -39.5139 -42.5149 -42.9517 -39.3735 -44.1989 -45.4774 -43.3541 -44.4847 -44.8856 -40.4808 -38.1973 -36.0153 -38.2962 -36.0677 -35.87 -37.2805 -35.4354 -33.0691 -33.8364 -32.993 -38.3379 -33.4336 -32.528 -33.8461 -33.4688 -33.778
-34.9857 -35.7158 -34.3024 -34.7411 -35.3447 -35.114 -35.124 -34.9706 -35.2596 -35.1783 -35.3539 -35.1725 -34.1169 -34.8196 -34.9935 -34.329 -34.7632 -35.4528 -34.8016 -35.1664 -34.5488 -35.8369 -35.2729 -35.9991 -35.701 -36.7958 -37.1345 -37.3719 -37.4112 -37.7969 -37.6015 -36.7837 -36.455 -35.0182 -37.0603 -41.4689 -39.2473 -39.6616 -41.4875 -42.6226 -43.051 -44.4692 -44.7651 -45.7439 -44.1258 -43.4235 -41.3626 -34.376 -35.4376 -38.2686 -35.1759 -36.1457 -33.0366 -33.0405 -33.8917 -33.2112 -32.6583 -33.2222 -32.2864 -32.1576 -32.6217 -33.2736 -38.3178
-35.5541 -35.9177 -34.932 -34.1187 -34.2923 -34.7781 -35.2541 -34.5285 -34.4439 -34.745 -34.4486 -34.0208 -33.7212 -33.4536 -33.522 -34.8335 -33.969 -35.0885 -34.19 -35.5156 -34.4672 -34.9918 -34.5807 -35.9437 -35.2433 -36.2128 -36.5046 -36.6873 -36.6471 -36.711 -36.8266 -36.2438 -35.6436 -37.1488 -41.4956 -39.9423 -39.549 -39.4254 -45.5357 -45.563 -44.6676 -45.0409 -44.6208 -40.6705 -42.0927 -41.4734 -34.7439 -34.4158 -33.6473 -33.2602 -33.215 -33.8226 -38.4021 -39.7674 -33.6317 -36.6966 -32.9954 -32.2244 -31.7678 -32.0386 -32.1114 -33.2245 -35.9139
-34.4418 -34.8209 -34.7363 -35.0226 -34.3971 -34.1552 -34.1076 -34.2874 -34.5709 -34.751 -34.6844 -33.9269 -33.8204 -33.4508 -34.5047 -32.9695 -33.4309 -33.9285 -34.678 -34.5686 -34.5657 -34.9918 -33.9147 -35.4959 -35.8181 -36.5734 -36.7934 -36.5779 -36.6649 -36.6915 -35.1664 -35.927 -37.2891 -38.2102 -39.8525 -39.3144 -40.8652 -39.1026 -44.8957 -44.1679 -45.1176 -43.7633 -43.5044 -41.1116 -39.0853 -34.5123 -33.9179 -33.2555 -35.5361 -33.2751 -35.0758 -37.8241 -34.1761 -34.2081 -34.6617 -33.2942 -34.4137 -31.8254 -31.8304 -31.5366 -31.6593 -34.078 -32.2838
-34.9419 -34.2369 -34.5257 -34.1924 -33.9681 -34.6374 -34.1346 -33.1703 -34.3223 -33.3082 -33.5991 -33.9722 -33.9682 -33.4988 -34.1944 -33.2319 -32.8833 -33.7923 -33.2149 -33.7509 -34.5424 -34.9143 -35.2691 -34.8399 -35.0005 -34.6841 -36.1127 -36.1663 -35.7036 -35.2145 -35.6837 -36.8337 -36.2728 -37.0002 -37.4316 -39.2933 -40.4679 -40.3124 -45.151 -43.5151 -43.2167 -45.5177 -42.6789 -40.488 -38.1438 -35.5496 -34.0317 -37.4777 -34.1652 -35.7178 -35.8889 -33.9405 -36.7367 -35.3959 -35.6734 -32.8827 -32.4943 -31.9357 -32.154 -31.6132 -32.3399 -32.2268 -31.6763
-33.3528 -34.0842 -34.3781 -33.4409 -33.2692 -34.1694 -33.6539 -33.1429 -34.0424 -33.0297 -33.2836 -33.6704 -33.1374 -32.9601 -32.4027 -33.2648 -33.5097 -33.4839 -35.1319 -34.9679 -34.2915 -34.9909 -35.1253 -34.9435 -35.308 -35.4988 -35.9784 -36.296 -35.9757 -36.1295 -35.6408 -37.0154 -35.5318 -37.6493 -37.1551 -38.5732 -41.5702 -39.0838 -44.9624 -43.2019 -44.5475 -43.5859 -43.9339 -42.8172 -37.3635 -35.0652 -34.0925 -33.3529 -37.223 -36.476 -34.1165 -35.7158 -35.7412 -33.5954 -32.6776 -33.3861 -32.045 -31.8424 -31.8007 -31.1605 -32.1171 -31.0621 -31.0438
-32.4498 -33.5684 -33.3219 -33.1321 -33.4111 -33.4299 -32.9615 -33.813 -33.5258 -33.2944 -33.1578 -32.7346 -32.4762 -32.8567 -32.7404 -32.8404 -33.888 -34.0099 -33.9097 -33.2746 -33.3751 -34.2426 -35.0196 -35.2417 -35.0166 -35.4528 -35.8911 -35.678 -34.4872 -34.8551 -35.3988 -36.5583 -37.3416 -38.5224 -38.4104 -43.8575 -40.074 -42.7564 -42.0247 -44.8757 -47.1586 -47.2498 -45.9197 -43.7756 -35.2398 -36.4646 -37.9383 -39.3342 -38.835 -39.5136 -36.9697 -34.4286 -34.7678 -33.2225 -33.6368 -32.5078 -31.7671 -32.2651 -31.3412 -33.5138 -33.7572 -30.9238 -30.9518
-32.5571 -32.9862 -32.9606 -33.0633 -32.6867 -33.205 -32.6285 -32.8705 -32.8953 -33.1115 -32.6969 -33.0691 -32.2523 -33.2349 -32.5896 -33.4543 -32.1002 -33.1172 -33.6761 -34.2748 -34.0483 -34.0162 -34.4749 -35.0082 -34.9795 -35.27 -36.0155 -35.4281 -35.7107 -35.8886 -35.3827 -37.3644 -37.0157 -38.4627 -38.6142 -41.9877 -39.7 -40.8001 -47.3319 -46.7092 -46.8926 -48.4337 -38.9449 -36.8336 -38.1291 -33.732 -35.4986 -39.3598 -41.136 -39.0428 -34.1125 -37.6681 -33.9991 -33.595 -33.0259 -32.3036 -31.9757 -31.4033 -30.9743 -32.479 -31.4351 -31.5229 -29.9997
-32.4721 -31.9936 -32.5534 -32.5494 -32.215 -32.5878 -32.3378 -32.0728 -32.2914 -32.6333 -32.6142 -31.7553 -32.7337 -33.1995 -33.9789 -33.6112 -32.3768 -33.6473 -34.1131 -34.1328 -33.5663 -34.1917 -34.4 -34.2927 -33.9789 -35.3848 -35.3734 -34.5925 -35.8655 -36.0743 -37.1506 -37.4237 -39.2717 -39.331 -40.9948 -40.6004 -39.3749 -44.7713 -46.5819 -47.9064 -49.9887 -49.9974 -39.829 -35.0995 -34.8221 -32.9485 -39.0951 -38.0008 -37.0651 -35.6244 -40.4073 -34.4962 -33.2779 -32.1641 -32.2791 -31.8407 -31.391 -33.0082 -34.374 -30.9739 -30.6059 -30.8405 -30.2546
-32.3593 -32.6152 -32.3086 -32.8582 -31.8304 -32.6491 -32.5617 -31.6574 -32.0643 -32.0355 -31.7599 -32.4785 -33.0006 -32.2481 -33.6902 -32.6286 -32.5358 -32.5503 -32.5539 -33.3382 -34.3921 -33.4052 -33.7863 -33.806 -33.9225 -34.3485 -34.9061 -35.7102 -35.2039 -36.2429 -36.7219 -38.9092 -40.3798 -38.9908 -41.3747 -42.6254 -44.327 -47.5374 -43.8989 -43.3991 -48.5762 -38.6488 -35.9738 -34.6872 -34.6496 -35.9634 -39.7727 -36.5846 -40.4277 -43.8548 -38.4271 -33.0644 -31.7004 -31.8897 -31.5929 -31.0786 -33.9992 -32.6389 -31.1033 -30.5843 -30.6234 -30.4195 -29.7086
-32.2042 -32.7324 -32.0409 -31.9778 -31.6252 -31.7494 -32.0682 -30.9808 -31.7897 -32.4128 -31.2807 -32.0154 -32.7499 -32.5205 -33.2488 -32.8709 -33.4311 -33.6401 -33.1212 -33.7402 -32.8709 -34.199 -34.5578 -34.2635 -33.3033 -34.6652 -34.6221 -34.9864 -36.6392 -36.8028 -38.6301 -39.8546 -42.4124 -41.4285 -39.6247 -42.3262 -43.7936 -45.1496 -45.9574 -45.6907 -45.8747 -43.1454 -36.9761 -35.073 -38.2013 -41.7338 -38.3354 -41.2718 -36.3849 -33.8728 -33.3028 -31.8849 -32.7479 -31.3987 -34.1573 -35.3933 -35.3125 -32.1601 -31.1341 -31.44 -32.3603 -29.7944 -29.2163
-31.9118 -32.1617 -32.2457 -32.5353 -31.4712 -31.912 -31.2243 -32.1294 -30.9451 -31.6453 -32.7743 -32.3096 -32.478 -31.8091 -32.2996 -33.155 -33.0911 -33.6861 -32.9013 -33.009 -34.0759 -33.1038 -34.4189 -34.0487 -34.9751 -34.0251 -33.6267 -35.7765 -37.7274 -38.654 -39.3432 -42.3253 -43.4524 -45.9505 -39.0958 -48.0188 -44.9507 -45.9745 -45.692 -51.8954 -40.1157 -40.1918 -36.8446 -41.7834 -42.6425 -37.3847 -38.0275 -36.0566 -35.1871 -33.2303 -34.7899 -33.7893 -31.6127 -36.763 -34.5579 -32.4665 -30.8818 -30.8277 -31.3929 -32.7063 -31.0329 -29.605 -29.0244
-31.74 -31.8781 -32.1439 -31.6369 -31.7184 -32.0389 -31.3698 -32.1661 -32.3802 -30.7999 -31.2759 -32.2763 -32.0981 -32.2653 -32.7584 -32.9493 -33.2553 -33.3975 -32.9717 -33.4667 -33.7943 -33.8835 -33.9585 -34.7433 -35.0508 -33.9758 -35.5682 -37.0182 -37.3496 -41.1625 -41.5517 -43.0604 -43.6702 -39.1995 -44.0813 -48.9873 -48.322 -48.2847 -50.1748 -40.4173 -44.8015 -37.7608 -42.8485 -38.7006 -42.1548 -39.4429 -38.0635 -35.9059 -33.534 -32.5237 -37.857 -31.8108 -33.4075 -39.2326 -34.8171 -31.1011 -30.7076 -30.3084 -31.1108 -30.6276 -29.5939 -29.2373 -28.6654
-31.1302 -31.7981 -31.7182 -31.1969 -32.0672 -31.7448 -31.6479 -31.4171 -31.9459 -30.4763 -31.7948 -31.9295 -32.4317 -32.4788 -32.4618 -32.3154 -32.5086 -33.1973 -33.3601 -33.933 -33.8631 -33.9425 -34.1893 -34.407 -34.1316 -35.6713 -36.3568 -35.1708 -38.7796 -41.2863 -45.094 -47.5221 -43.1332 -42.5218 -49.2642 -45.8501 -48.5412 -49.6304 -44.781 -49.4256 -42.0258 -44.3401 -37.0531 -46.5928 -41.5013 -37.3863 -35.6091 -33.5828 -33.1702 -35.9761 -31.595 -32.1248 -34.7073 -41.1409 -31.5143 -31.0081 -29.7694 -29.5788 -29.1602 -29.6926 -29.2692 -28.4862 -28.3264
-30.049 -31.2025 -31.5202 -30.7035 -31.1759 -30.7229 -31.118 -31.2664 -31.2929 -30.3506 -31.559 -31.8623 -31.6587 -31.5056 -32.0597 -32.9487 -33.1277 -31.8966 -32.7937 -32.9301 -33.7979 -32.752 -33.3137 -35.356 -36.1055 -37.3653 -38.541 -38.4654 -40.5913 -42.3393 -46.6802 -45.8328 -43.6685 -48.9161 -51.4923 -44.1277 -47.8435 -48.9851 -46.9667 -45.3541 -43.0578 -40.2729 -40.3339 -45.6687 -42.1205 -38.677 -35.3836 -34.3343 -33.7555 -34.0325 -34.493 -35.1878 -46.2335 -38.6114 -31.0122 -30.2832 -29.7135 -29.1028 -28.8616 -28.6408 -28.6498 -29.0928 -29.2642
