data/70055_lisa.smith_molt_lat_elev_map/70055_lisa.smith_molt_lat_elev_map/predkrig.asc
ncols 411
nrows 282
xllcorner -103.69999694824219
yllcorner 24.299999246460544
cellsize 0.0833333333
NODATA_value -9999
[rows 140 to 167 of 282, columns 126 to 188 of 411]
-30.2141 -28.4886 -29.2334 -27.4601 -27.0217 -27.2785 -27.6837 -26.7099 -25.1202 -26.3029 -27.3227 -25.803 -24.0936 -24.1939 -24.7601 -24.8989 -25.597 -25.0212 -24.3471 -24.5269 -24.3479 -23.5924 -23.3297 -23.7768 -23.7336 -22.8957 -22.3552 -22.3515 -22.37 -22.2823 -22.2984 -23.1549 -23.0426 -22.5289 -22.1921 -22.126 -22.1341 -22.1455 -22.1226 -22.1189 -22.1537 -22.174 -22.1791 -22.2414 -22.2709 -22.2588 -23.3854 -22.682 -22.6617 -22.8106 -23.0036 -22.7926 -22.8439 -23.1765 -23.6375 -23.6199 -23.9513 -24.0093 -23.8423 -24.0321 -24.24 -24.4868 -24.8946
-28.9129 -26.921 -27.7831 -27.0566 -27.7819 -27.5165 -26.0248 -25.7658 -26.1134 -25.6354 -26.71 -26.3773 -26.7238 -24.9011 -23.9644 -24.5664 -24.889 -24.935 -24.2964 -24.263 -23.7404 -23.8141 -23.4802 -22.6332 -22.7717 -22.2868 -22.2482 -22.3377 -22.2855 -22.2524 -22.2699 -23.4743 -22.6268 -22.2595 -22.088 -22.1127 -22.1084 -22.1222 -22.0666 -22.0849 -22.159 -22.1649 -22.2075 -22.219 -22.2387 -22.6527 -22.7773 -22.7524 -22.4952 -22.7335 -22.9464 -23.3137 -22.9783 -23.4172 -23.4424 -23.2549 -23.6344 -23.4899 -23.8408 -24.1872 -23.859 -24.401 -24.124
-27.3233 -31.4111 -26.1101 -26.2415 -25.926 -25.5264 -25.4791 -26.5695 -27.1537 -26.0018 -26.6837 -25.4372 -25.8472 -24.7342 -25.1359 -24.1279 -25.0409 -24.8502 -24.1205 -24.4657 -24.3893 -23.5758 -22.787 -22.4292 -22.3865 -22.1531 -22.2098 -22.2321 -22.2038 -22.1688 -22.8884 -23.1776 -22.5106 -22.0797 -22.1437 -22.0315 -22.0472 -22.1642 -22.0325 -22.103 -22.1108 -22.1559 -22.1125 -22.1962 -22.1986 -22.4108 -22.6702 -22.453 -22.4814 -22.645 -22.8907 -22.9835 -23.2181 -23.473 -23.4629 -23.8827 -24.0972 -24.2077 -23.6997 -24.251 -24.4758 -24.7382 -23.895
-32.476 -30.0397 -29.4796 -30.5297 -28.6417 -26.6159 -25.9816 -29.0281 -28.905 -26.8576 -28.103 -26.7003 -25.6147 -24.7489 -24.5658 -24.2147 -23.3195 -23.5586 -24.2295 -23.4705 -24.5659 -23.6652 -23.1508 -22.3799 -22.0934 -22.1887 -22.1768 -22.1289 -22.1183 -22.4184 -22.7276 -22.5867 -22.0511 -22.0098 -22.0068 -22.0053 -21.9869 -22.0604 -22.0285 -22.0712 -22.1174 -22.1269 -22.1566 -22.231 -22.2715 -22.9412 -22.4681 -22.5457 -22.6943 -22.7286 -23.0331 -23.4019 -23.3827 -23.3705 -23.7706 -23.8886 -24.3483 -24.7388 -24.3193 -24.4123 -24.7479 -24.0079 -25.1071
-31.3701 -30.8153 -32.3077 -29.4396 -30.2944 -27.7488 -31.4572 -28.4337 -28.2793 -27.9575 -27.618 -28.6684 -27.7929 -26.6849 -27.7754 -27.7634 -23.1378 -23.9931 -23.4486 -23.0168 -22.9868 -23.5439 -22.8402 -21.9976 -22.1277 -22.0836 -22.1069 -22.0624 -22.1069 -22.2816 -22.6529 -22.0556 -21.9983 -21.9598 -21.9791 -21.9787 -21.9634 -22.022 -22.0119 -22.0208 -22.068 -22.1339 -22.184 -22.3736 -23.326 -23.4122 -22.6333 -22.5213 -22.7876 -22.9153 -22.8777 -23.2051 -23.2593 -23.5502 -23.9287 -23.7546 -24.2333 -24.5892 -24.3969 -24.8662 -24.489 -24.8339 -25.2592
-27.9296 -30.6559 -30.241 -30.2642 -28.6312 -30.7313 -30.4034 -27.8618 -28.354 -27.8454 -27.7376 -26.4626 -27.1539 -27.033 -25.5574 -27.2782 -26.0573 -26.3897 -22.5524 -23.1306 -22.1613 -22.5954 -22.0436 -22.0655 -22.0369 -22.0314 -21.9859 -22.0149 -21.991 -22.0569 -22.0544 -21.9458 -21.8918 -21.9036 -21.8983 -21.896 -21.9567 -21.9492 -21.9752 -22.0757 -22.089 -22.1317 -22.1868 -22.7566 -22.9796 -23.1315 -22.6131 -22.556 -22.6291 -22.8542 -23.1165 -23.3927 -23.4329 -23.5397 -24.1371 -24.3982 -23.9649 -24.2987 -24.6718 -24.566 -24.6569 -24.0782 -24.5147
-27.5752 -28.3598 -29.0817 -29.0467 -29.5127 -28.5408 -29.6273 -27.5259 -26.8669 -26.4376 -25.7479 -25.2053 -24.9582 -26.4751 -24.5886 -26.9112 -25.5871 -25.5751 -24.4227 -24.1527 -23.0819 -21.9901 -21.9294 -21.9384 -21.9655 -21.9425 -21.971 -21.9654 -22.0172 -22.0486 -22.0368 -21.8748 -21.8561 -21.9653 -21.8824 -21.8904 -21.9174 -21.9442 -21.9937 -22.0263 -21.9896 -22.245 -22.2428 -22.289 -22.409 -22.613 -22.7659 -22.9303 -22.797 -23.0017 -23.0914 -23.2815 -23.1457 -23.8915 -23.8686 -24.1122 -24.1556 -24.5366 -24.1498 -24.0263 -24.1496 -24.5855 -24.4832
-26.3348 -28.186 -25.9594 -28.0683 -27.5178 -29.0638 -26.8085 -27.2476 -24.1948 -25.5489 -24.1588 -23.4806 -23.7359 -24.0448 -23.6599 -24.7561 -25.1437 -23.9953 -24.1915 -23.8232 -23.929 -23.1383 -21.8887 -21.8619 -21.9313 -21.9254 -21.9223 -21.9209 -21.9382 -21.9548 -22.4909 -21.8005 -21.8223 -21.8467 -21.8715 -21.8808 -21.9096 -21.9592 -21.9918 -22.0638 -22.1688 -22.4423 -22.9001 -22.5451 -22.4777 -22.4863 -22.6671 -23.0179 -22.9567 -23.2438 -23.5108 -23.8168 -23.993 -23.6087 -23.627 -23.9891 -24.2469 -24.3242 -24.4383 -24.1638 -24.6047 -24.3794 -25.1655
-24.9546 -24.9444 -23.85 -24.7748 -26.3932 -26.2131 -25.223 -25.2364 -24.5065 -25.6813 -25.2765 -24.6792 -25.687 -23.8888 -24.972 -22.2503 -22.8707 -22.8188 -23.2588 -23.4926 -23.0469 -23.2853 -21.812 -21.7572 -21.8593 -21.8569 -21.8554 -21.8738 -21.8758 -21.8968 -22.6545 -21.7812 -21.8932 -21.8142 -21.8424 -21.8727 -21.9043 -21.92 -21.957 -22.0971 -22.9404 -23.0754 -22.7408 -22.6061 -22.632 -22.5991 -22.5819 -22.7197 -22.8153 -22.7962 -23.0545 -23.8607 -24.0301 -23.9856 -23.7452 -23.678 -24.4364 -24.8345 -24.116 -24.3701 -24.4044 -24.3861 -24.8943
-24.0578 -24.0047 -25.4682 -24.6302 -23.1414 -24.4664 -24.4499 -23.5275 -24.709 -23.495 -24.5536 -24.2456 -23.9975 -25.1288 -24.9962 -23.583 -22.9016 -22.2164 -22.6275 -22.3184 -23.9871 -21.7523 -21.687 -21.8083 -21.7717 -21.7527 -21.7537 -21.8114 -21.8319 -21.923 -22.8024 -21.7089 -21.754 -21.7823 -21.8135 -21.8629 -21.8971 -21.9328 -22.1759 -22.6522 -22.378 -22.5902 -22.6223 -22.4818 -22.652 -22.9124 -23.0332 -22.8985 -23.2126 -23.5631 -23.084 -23.5927 -24.0017 -24.2806 -24.2143 -23.894 -24.3721 -24.3287 -23.9866 -24.1554 -24.1127 -23.9707 -24.3511
-22.784 -22.7834 -24.4624 -25.4919 -22.5834 -23.4547 -23.6893 -24.0307 -24.1594 -23.0604 -23.6211 -24.3823 -23.9684 -23.7149 -24.5387 -24.4262 -22.9782 -21.8943 -22.0325 -22.3626 -21.7251 -21.7033 -21.6667 -21.7011 -21.6533 -21.6865 -21.7601 -21.7835 -21.839 -21.9167 -22.6559 -21.706 -21.7176 -21.7673 -21.785 -21.8355 -21.8909 -21.8952 -22.618 -22.3428 -22.2943 -22.5178 -22.6015 -22.3663 -22.5111 -22.6188 -23.1424 -23.374 -23.7171 -23.4606 -23.5407 -23.3241 -23.7056 -24.3317 -24.197 -24.1204 -24.7551 -24.4493 -24.0811 -24.6505 -23.8986 -24.6493 -24.7083
-23.4355 -22.5065 -22.6662 -22.6597 -22.2978 -22.2485 -22.3846 -22.5865 -22.2992 -22.5048 -22.5247 -22.8592 -22.5447 -22.7797 -23.7615 -23.1068 -22.0954 -22.5155 -21.8346 -21.7231 -21.6108 -21.7146 -21.6261 -21.5773 -21.6338 -21.5828 -21.7309 -21.6836 -21.7091 -21.8733 -22.7108 -21.6528 -21.6855 -21.7011 -21.7362 -21.8457 -21.8478 -21.8539 -21.9953 -22.4278 -22.4649 -22.4781 -22.8497 -22.5377 -22.7686 -23.0241 -23.173 -23.602 -24.0118 -24.4539 -23.7988 -23.5925 -23.5101 -23.7713 -23.7358 -24.3081 -24.6533 -24.4941 -24.2652 -23.8792 -24.0817 -24.6057 -25.7122
-22.8243 -22.409 -22.3406 -22.37 -25.7967 -22.2066 -22.3161 -22.0966 -22.2627 -22.5916 -22.5407 -22.798 -22.9758 -22.5441 -22.535 -22.3287 -22.0768 -21.7203 -21.6086 -21.6448 -21.4863 -21.6957 -21.5176 -21.6321 -21.5653 -21.5347 -21.6623 -21.759 -21.7006 -22.0112 -22.6028 -21.635 -21.6501 -21.6678 -21.6872 -21.7278 -21.7876 -21.7763 -22.1107 -22.3467 -22.4481 -22.5087 -22.5615 -23.0258 -22.9772 -23.3621 -23.5519 -23.8455 -23.9134 -24.3977 -23.8427 -23.7639 -23.6533 -23.8834 -23.9397 -24.3111 -24.2845 -24.3374 -24.0532 -23.8986 -24.9757 -25.4674 -25.8953
-22.4336 -22.4617 -23.0348 -23.7885 -23.1012 -22.3741 -22.7447 -22.9419 -21.9423 -22.3744 -22.1785 -22.1183 -22.3932 -22.1841 -22.0424 -21.7671 -21.6039 -21.565 -21.4917 -21.458 -21.4787 -21.5849 -21.3942 -21.4724 -21.5447 -21.5863 -21.5819 -21.6466 -21.6599 -22.0541 -21.8984 -21.5955 -21.6146 -21.6337 -21.6746 -21.6997 -21.7615 -21.9344 -22.2714 -22.1959 -22.3595 -22.5792 -22.758 -22.7394 -22.6763 -22.8962 -23.109 -23.4957 -24.3529 -24.2719 -24.2817 -24.0926 -23.6743 -23.6137 -24.0671 -23.9573 -23.98 -24.4219 -24.666 -24.02 -24.8258 -25.3845 -25.9001
-22.8508 -23.5758 -23.2822 -22.2636 -22.0239 -22.3941 -22.1045 -23.422 -22.1533 -22.3735 -21.9389 -22.3382 -22.156 -22.4412 -21.9796 -22.1184 -21.9239 -21.8033 -21.5791 -21.5056 -21.4913 -21.4029 -21.3236 -21.4 -21.405 -21.5062 -21.5354 -21.5825 -21.5781 -21.6447 -21.637 -21.5406 -21.5602 -21.6191 -21.6265 -21.7028 -21.7147 -22.124 -22.1165 -22.5734 -22.8311 -22.9388 -22.9262 -23.021 -23.4046 -23.4936 -23.5228 -23.6317 -23.3741 -24.5131 -24.5811 -24.4272 -23.8525 -23.8031 -24.3295 -23.6397 -24.4294 -24.3976 -24.2176 -25.3944 -24.9695 -25.1149 -25.8614
-25.0757 -23.94 -23.4425 -25.5805 -25.9862 -23.1556 -22.5375 -21.9977 -21.9858 -21.7161 -21.9533 -22.5168 -22.0644 -22.1215 -21.8567 -21.7865 -21.693 -21.6386 -21.5325 -21.4111 -21.4117 -21.4737 -21.4269 -21.3865 -21.3728 -21.3678 -21.4874 -21.5002 -21.5522 -21.6393 -21.7127 -21.5195 -21.5616 -21.6333 -21.6317 -21.5734 -21.6884 -22.2337 -22.2852 -22.4722 -22.4261 -22.3483 -22.9614 -23.0692 -22.9667 -23.5346 -24.0559 -24.1781 -24.0946 -24.1668 -24.2913 -24.1155 -24.1689 -24.0284 -24.6033 -24.1348 -23.8679 -24.6267 -24.8315 -24.3205 -25.127 -25.1649 -25.6283
-26.2334 -27.5693 -27.4417 -26.0296 -25.3353 -24.0927 -23.8965 -23.6818 -22.7077 -22.3927 -22.0572 -22.1374 -21.8642 -21.6795 -21.592 -21.6295 -21.5907 -21.5224 -21.56 -21.5289 -21.5667 -21.5281 -21.3863 -21.2052 -21.3222 -21.3179 -21.3494 -21.4374 -21.5231 -21.5602 -21.4742 -21.4639 -21.5217 -21.4441 -21.5634 -21.6094 -21.6132 -22.0582 -21.9479 -22.68 -22.1048 -22.5214 -22.8454 -23.1499 -23.6768 -23.8013 -23.8472 -23.8465 -23.8414 -23.7413 -24.3468 -24.5906 -24.3981 -24.4356 -23.9598 -24.49 -24.2922 -24.2459 -24.8564 -24.8252 -25.165 -25.3367 -25.5763
-25.5764 -24.89 -24.2932 -23.8671 -24.0117 -23.3285 -23.19 -22.7177 -23.396 -23.0171 -22.2148 -21.7896 -21.6712 -21.5084 -21.5452 -21.511 -21.476 -21.4599 -21.4286 -21.5235 -21.388 -21.3809 -21.2639 -21.2231 -21.2724 -21.2511 -21.2851 -21.3196 -21.3935 -21.5357 -22.1279 -21.4073 -21.5794 -21.6194 -21.5273 -21.5428 -21.5597 -22.0354 -21.8316 -21.8856 -22.4333 -22.6073 -22.9047 -23.0906 -23.5564 -24.1907 -23.4808 -23.6188 -23.1518 -24.3337 -23.4093 -23.9066 -24.3721 -24.6777 -24.2053 -24.5121 -24.3508 -24.6965 -24.7958 -24.9648 -25.0407 -24.9543 -25.6146
-24.0941 -25.2036 -24.6344 -24.096 -23.2628 -22.8613 -23.1337 -22.6983 -22.6719 -22.3172 -22.1266 -22.089 -21.516 -21.4785 -21.426 -21.3727 -21.359 -21.342 -21.3143 -21.3556 -21.3664 -21.3066 -21.3506 -21.2423 -21.2371 -21.2343 -21.2891 -21.2538 -21.3293 -21.4939 -21.6035 -21.836 -21.3996 -21.5548 -21.4721 -21.4734 -21.7407 -22.1519 -21.9791 -22.0735 -22.1342 -22.5389 -23.3113 -23.4217 -23.4433 -22.9667 -23.332 -23.0426 -23.5986 -23.7644 -23.8038 -23.9783 -24.0072 -24.6712 -24.8242 -23.7711 -24.3925 -23.951 -24.2018 -24.6168 -25.0976 -24.7175 -25.2012
-23.8152 -24.2531 -24.6184 -24.3153 -24.4999 -22.7436 -22.1837 -22.0994 -22.213 -22.1131 -22.3621 -21.738 -21.485 -21.3391 -21.3762 -21.396 -21.3311 -21.2466 -21.22 -21.2798 -21.3096 -21.2837 -21.2964 -21.206 -21.2029 -21.1494 -21.1849 -21.242 -21.336 -21.3609 -21.4411 -21.9831 -21.2617 -21.4059 -21.4042 -21.4572 -21.596 -22.31 -22.3683 -22.4568 -22.3208 -22.7822 -23.1569 -23.1009 -22.5767 -22.5432 -22.7427 -23.1172 -23.2903 -23.7016 -23.2459 -23.4962 -24.0035 -24.5277 -24.0834 -23.6906 -24.2202 -23.7947 -23.909 -24.56 -25.2398 -25.6599 -25.3423
-22.9865 -22.6365 -22.9206 -22.4751 -23.102 -23.2701 -22.3205 -21.7025 -22.0742 -22.0069 -21.6881 -21.9645 -21.7104 -21.6279 -21.3485 -21.2808 -21.235 -21.1511 -21.1593 -21.2235 -21.2527 -21.2291 -21.1714 -21.2225 -21.1162 -21.1881 -21.1207 -21.1947 -21.207 -21.1577 -21.2197 -21.2676 -21.3027 -21.3155 -21.3155 -21.354 -21.4114 -22.1209 -22.4274 -22.3108 -22.5893 -22.6488 -22.2979 -22.4618 -22.7953 -23.3127 -23.5658 -23.3207 -22.8238 -23.0271 -23.1098 -23.7614 -24.0319 -23.5476 -23.6171 -23.5347 -23.5827 -23.812 -23.7033 -24.2438 -24.9455 -24.904 -25.7909
-25.0182 -24.1155 -23.6558 -23.4462 -22.5931 -22.1562 -21.681 -21.4485 -21.8972 -21.7288 -21.6731 -21.7091 -21.6813 -21.7101 -21.1914 -21.1984 -21.1876 -21.0891 -21.1508 -21.1265 -21.103 -21.1353 -21.1507 -21.1334 -21.0988 -21.1545 -21.0364 -20.9877 -21.0487 -21.165 -21.1971 -21.1326 -21.2229 -21.2929 -21.3142 -21.3153 -21.3567 -21.4376 -22.0677 -22.4237 -21.9032 -22.3616 -22.782 -22.9618 -22.9917 -23.7269 -23.9315 -23.2726 -23.5917 -23.0129 -23.2407 -23.6676 -24.0103 -23.2005 -23.3064 -23.8345 -23.8374 -23.4612 -23.7429 -24.6375 -24.5756 -25.4558 -26.0903
-22.9265 -22.9158 -22.8557 -22.2681 -21.4071 -22.6272 -21.9035 -21.3022 -21.5133 -21.3514 -21.3913 -21.6275 -21.6334 -21.5682 -21.3214 -21.0983 -21.0894 -21.0099 -21.0143 -21.0787 -21.0641 -21.06 -21.114 -21.0787 -21.0441 -21.086 -20.9724 -20.9553 -21.0351 -21.1341 -21.2029 -21.1631 -21.1972 -21.2515 -21.2743 -21.3504 -21.3046 -21.3834 -21.5501 -22.0277 -22.534 -22.6937 -23.4311 -23.2182 -22.9839 -23.0901 -23.2869 -23.4713 -23.6848 -23.302 -23.5406 -24.1061 -24.0111 -23.5147 -23.1972 -23.6934 -23.9598 -23.7566 -23.8613 -24.4009 -24.6365 -25.1858 -25.3604
-23.1991 -22.7129 -22.1136 -21.2248 -21.7668 -22.1759 -22.6943 -21.5364 -21.1942 -21.2818 -21.131 -21.6369 -21.5361 -21.5967 -21.2266 -21.0549 -21.0269 -20.9836 -20.9425 -21.0271 -21.0584 -21.0053 -21.0422 -21.0623 -21.0633 -20.9976 -20.9217 -20.9257 -21.1154 -21.184 -21.093 -21.1052 -21.1762 -21.1797 -21.2027 -21.2617 -21.2716 -21.3338 -22.2541 -21.9028 -22.18 -22.8388 -22.5051 -22.3074 -22.9551 -23.5142 -23.0775 -23.3029 -23.4628 -23.7426 -23.5463 -23.5378 -23.1541 -23.3662 -23.2716 -23.5316 -23.5814 -23.7446 -23.7714 -23.9947 -24.5023 -25.4559 -25.7555
-21.8986 -21.9124 -21.0658 -21.0364 -21.3752 -22.3895 -22.1806 -21.9069 -21.4596 -20.9984 -20.9963 -21.2875 -21.1657 -21.4915 -21.4493 -21.0251 -20.9622 -20.9044 -20.9 -20.9155 -20.8952 -20.8966 -20.9652 -21.0259 -21.0109 -20.9622 -20.9399 -20.8983 -20.9393 -20.9588 -20.9546 -21.0588 -21.1145 -21.1538 -21.18 -21.2002 -21.25 -21.2807 -22.2812 -22.2989 -22.0682 -22.1793 -22.6415 -22.364 -22.8823 -23.3996 -23.6646 -23.2246 -23.4423 -23.2771 -23.2381 -24.0829 -23.6713 -23.3692 -23.0288 -23.0972 -23.4696 -23.4057 -23.4289 -23.9464 -24.6829 -24.6171 -25.5277
-21.0443 -21.4884 -20.8396 -20.9286 -21.6651 -21.2615 -21.4619 -22.0786 -21.4491 -21.4406 -21.072 -21.044 -21.0369 -21.119 -21.4183 -21.3015 -20.9851 -20.8755 -20.8188 -20.8173 -20.8179 -20.8899 -20.8932 -20.896 -20.89 -20.9969 -20.8646 -20.862 -20.8903 -20.8882 -20.959 -20.9782 -21.0357 -21.0771 -21.1361 -21.2561 -21.1563 -21.2398 -21.936 -22.3786 -22.5114 -23.0202 -22.6154 -22.6873 -22.9174 -23.0056 -22.9968 -23.1809 -22.9054 -22.8663 -23.3129 -23.6689 -23.5465 -23.1925 -22.9713 -22.9272 -23.0525 -23.2251 -23.6452 -24.4337 -24.6516 -24.6387 -24.8614
-21.3631 -21.0072 -21.057 -20.7413 -20.8898 -21.4212 -21.1225 -21.1797 -21.4554 -21.0777 -21.1313 -20.7435 -21.1024 -20.9925 -21.2451 -21.1854 -21.6208 -20.9254 -20.7434 -20.7245 -20.7079 -20.7096 -20.7686 -20.8281 -20.8334 -20.8592 -20.8677 -20.9722 -20.8444 -20.8787 -20.8974 -20.9012 -20.9567 -21.0001 -21.0256 -21.123 -21.1566 -21.1705 -21.9609 -21.8268 -22.1788 -22.6116 -22.2047 -22.6697 -22.9143 -22.4045 -22.3836 -22.7444 -23.3632 -23.0643 -23.1725 -23.5234 -23.192 -23.2342 -23.0561 -23.1941 -23.0033 -23.3636 -23.9031 -24.4299 -24.4859 -24.7213 -25.1192
-21.0511 -21.2605 -21.0779 -20.7551 -20.5827 -21.1116 -20.9676 -21.2063 -21.5802 -21.2221 -20.9017 -20.9596 -20.6803 -21.0615 -20.9239 -20.8989 -21.6311 -21.4337 -20.8769 -20.7001 -20.6647 -20.6704 -20.6193 -20.6625 -20.689 -20.6486 -20.657 -20.744 -20.7931 -20.8118 -20.8482 -20.8881 -20.8776 -20.8999 -20.9988 -21.029 -21.0417 -21.1276 -21.9103 -22.355 -22.4787 -22.3098 -21.7816 -22.5934 -22.7927 -23.0306 -22.7756 -22.6967 -22.8392 -22.7446 -23.1227 -23.2943 -23.2703 -22.9146 -23.1951 -22.9962 -23.1793 -23.1971 -23.8968 -23.6261 -24.0073 -24.2457 -25.1755
