data/70055_lisa.smith_molt_lat_elev_map/70055_lisa.smith_molt_lat_elev_map/predreg.asc
ncols 411
nrows 282
xllcorner -103.69999694824219
yllcorner 24.299999246460544
cellsize 0.0833333333
NODATA_value -9999
[rows 224 to 251 of 282, columns 63 to 125 of 411]
-19.0992 -19.0208 -18.8092 -18.1808 -18.1903 -18.3513 -17.861 -18.1053 -17.7715 -18.0013 -18.339 -17.9578 -17.3611 -17.2498 -16.8756 -17.3135 -17.327 -17.0724 -16.7102 -16.5701 -16.5508 -16.4738 -16.3578 -16.2631 -16.2993 -16.261 -16.2999 -16.241 -16.1834 -16.2398 -16.163 -16.1267 -16.0282 -16.0115 -15.9902 -15.9317 -15.9158 -15.8171 -15.7766 -15.7789 -15.6805 -15.7191 -15.7191 -15.7191 -15.7191 -15.7191 -15.7191 -15.7191 -15.7191 -15.7191 -15.7191 -15.7191 -15.7191 -15.7191 -15.7191 -15.7191 -15.7191 -15.7191 -15.7191 -15.7191 -15.7191 -15.7191 -15.7191
-18.2154 -18.4212 -18.4041 -18.3954 -17.8201 -17.8657 -17.7894 -17.732 -17.731 -18.3477 -18.4141 -18.0472 -17.8641 -17.5383 -16.8119 -16.6827 -17.2073 -16.9116 -16.6482 -16.435 -16.3159 -16.2809 -16.2388 -16.165 -16.1235 -16.1623 -16.163 -16.1233 -16.1436 -16.1057 -16.0852 -16.1233 -16.0479 -16.0068 -15.9123 -15.9682 -15.9132 -15.9329 -15.795 -15.7016 -15.7175 -15.7175 -15.7175 -15.7175 -15.7175 -15.7175 -15.7175 -15.7175 -15.7175 -15.7175 -15.7175 -15.7175 -15.7175 -15.7175 -15.7175 -15.7175 -15.7175 -15.7175 -15.7175 -15.7175 -15.7175 -15.7175 -15.7175
-17.8989 -17.8588 -18.0416 -17.8207 -17.9687 -17.6771 -17.6911 -17.3493 -17.4995 -18.1305 -18.1325 -17.5767 -17.3662 -17.228 -17.1138 -16.915 -16.818 -16.8198 -16.5726 -16.3571 -16.2399 -16.2013 -16.1263 -16.1033 -16.0472 -16.0862 -16.0867 -16.0663 -16.0479 -16.0656 -16.0668 -15.9879 -15.9902 -15.9288 -15.9461 -15.8895 -15.8153 -15.7963 -15.7571 -15.7176 -15.7176 -15.7176 -15.7176 -15.7176 -15.7176 -15.7176 -15.7176 -15.7176 -15.7176 -15.7176 -15.7176 -15.7176 -15.7176 -15.7176 -15.7176 -15.7176 -15.7176 -15.7176 -15.7176 -15.7176 -15.7176 -15.7176 -15.7176
-18.1941 -17.9026 -17.7688 -17.72 -18.1492 -18.2196 -18.174 -18.0024 -17.3104 -17.5313 -17.7926 -17.8312 -17.5585 -17.2253 -16.9569 -16.8414 -16.3601 -16.4158 -16.4362 -16.2811 -16.1655 -16.048 -16.0102 -16.0072 -16.0286 -15.9918 -15.9693 -16.0095 -15.9707 -15.9877 -15.9719 -15.9125 -15.8946 -15.8901 -15.8929 -15.7585 -15.7574 -15.6808 -15.7194 -15.7194 -15.7194 -15.7194 -15.7194 -15.7194 -15.7194 -15.7194 -15.7194 -15.7194 -15.7194 -15.7194 -15.7194 -15.7194 -15.7194 -15.7194 -15.7194 -15.7194 -15.7194 -15.7194 -15.7194 -15.7194 -15.7194 -15.7194 -15.7194
-17.751 -17.516 -17.2526 -17.8854 -18.2493 -18.1475 -18.1022 -17.66 -17.9176 -17.0768 -17.3846 -17.7316 -17.5395 -17.2161 -17.1156 -16.7128 -16.5186 -16.1727 -16.3437 -16.2056 -16.0915 -15.975 -15.9552 -15.9522 -15.9552 -15.8947 -15.9155 -15.9167 -15.8958 -15.9543 -15.8969 -15.8794 -15.7627 -15.8008 -15.7816 -15.7034 -15.7227 -15.7227 -15.7227 -15.7227 -15.7227 -15.7227 -15.7227 -15.7227 -15.7227 -15.7227 -15.7227 -15.7227 -15.7227 -15.7227 -15.7227 -15.7227 -15.7227 -15.7227 -15.7227 -15.7227 -15.7227 -15.7227 -15.7227 -15.7227 -15.7227 -15.7227 -15.7227
-17.452 -17.1783 -17.1333 -17.6488 -17.5333 -17.8975 -18.1425 -18.3789 -18.1387 -17.784 -16.8912 -17.2001 -17.3574 -17.0119 -16.6803 -16.4657 -16.3632 -16.1347 -15.9588 -16.1542 -16.0382 -15.9804 -15.7284 -15.9214 -15.8832 -15.7284 -15.7284 -15.8249 -15.845 -15.807 -15.8255 -15.7135 -15.709 -15.7091 -15.7284 -15.7284 -15.7284 -15.7284 -15.7284 -15.7284 -15.7284 -15.7284 -15.7284 -15.7284 -15.7284 -15.7284 -15.7284 -15.7284 -15.7284 -15.7284 -15.7284 -15.7284 -15.7284 -15.7284 -15.7284 -15.7284 -15.7284 -15.7284 -15.7284 -15.7284 -15.7284 -15.7284 -15.7284
-17.8198 -17.9621 -17.0722 -17.5027 -17.5103 -17.5771 -18.3292 -18.1691 -17.8031 -17.7819 -17.6259 -17.2929 -16.8258 -16.7991 -16.5629 -16.4533 -16.374 -16.2577 -15.9282 -16.0824 -16.0457 -15.9479 -15.9087 -15.735 -15.735 -15.7157 -15.735 -15.735 -15.735 -15.7168 -15.736 -15.6771 -15.735 -15.735 -15.735 -15.735 -15.735 -15.735 -15.735 -15.735 -15.735 -15.735 -15.735 -15.735 -15.735 -15.735 -15.735 -15.735 -15.735 -15.735 -15.735 -15.735 -15.735 -15.735 -15.735 -15.735 -15.735 -15.735 -15.735 -15.735 -15.735 -15.735 -15.735
-17.3673 -17.4815 -17.6533 -16.9389 -17.4984 -17.2021 -18.4261 -17.9335 -17.4076 -17.6056 -17.1474 -17.0979 -16.8888 -16.6134 -16.5564 -16.4029 -16.2485 -16.154 -16.0752 -15.8021 -15.9716 -15.9373 -15.8582 -15.8591 -15.7433 -15.7433 -15.7433 -15.7433 -15.7433 -15.7433 -15.7433 -15.7433 -15.7433 -15.7433 -15.7433 -15.7433 -15.7433 -15.7433 -15.7433 -15.7433 -15.7433 -15.7433 -15.7433 -15.7433 -15.7433 -15.7433 -15.7433 -15.7433 -15.7433 -15.7433 -15.7433 -15.7433 -15.7433 -15.7433 -15.7433 -15.7433 -15.7433 -15.7433 -15.7433 -15.7433 -15.7433 -15.7433 -15.7433
-17.4864 -17.2002 -16.9068 -16.6733 -16.7387 -17.3787 -17.9042 -17.8099 -17.7707 -17.4448 -17.013 -16.663 -16.5657 -16.4482 -16.394 -16.2393 -16.2374 -16.1616 -16.0631 -16.0284 -15.7513 -15.8708 -15.8506 -15.847 -15.8895 -15.7544 -15.7544 -15.7544 -15.7544 -15.7544 -15.7544 -15.7544 -15.7544 -15.7544 -15.7544 -15.7544 -15.7544 -15.7544 -15.7544 -15.7544 -15.7544 -15.7544 -15.7544 -15.7544 -15.7544 -15.7544 -15.7544 -15.7544 -15.7544 -15.7544 -15.7544 -15.7544 -15.7544 -15.7544 -15.7544 -15.7544 -15.7544 -15.7544 -15.7544 -15.7544 -15.7544 -15.7544 -15.7544
-17.2996 -16.7987 -17.1213 -17.3552 -16.5826 -17.1142 -17.3613 -17.7855 -17.4531 -16.9673 -16.8493 -16.6396 -16.3476 -16.2679 -16.1926 -16.1526 -16.096 -16.057 -16.0193 -15.9209 -15.7466 -15.7461 -15.8624 -15.7853 -15.766 -15.766 -15.766 -15.766 -15.766 -15.766 -15.766 -15.766 -15.766 -15.766 -15.766 -15.766 -15.766 -15.766 -15.766 -15.766 -15.766 -15.766 -15.766 -15.766 -15.766 -15.766 -15.766 -15.766 -15.766 -15.766 -15.766 -15.766 -15.766 -15.766 -15.766 -15.766 -15.766 -15.766 -15.766 -15.766 -15.766 -15.766 -15.766
-17.0002 -17.4137 -17.9515 -17.7622 -17.1592 -16.4522 -16.741 -17.347 -17.1528 -16.7499 -16.615 -16.6277 -16.3995 -16.2235 -16.0532 -16.0124 -16.0119 -15.9752 -15.9168 -15.8565 -15.7698 -15.7406 -15.7792 -15.7792 -15.7792 -15.7792 -15.7792 -15.7792 -15.7792 -15.7792 -15.7792 -15.7792 -15.7792 -15.7792 -15.7792 -15.7792 -15.7792 -15.7792 -15.7792 -15.7792 -15.7792 -15.7792 -15.7792 -15.7792 -15.7792 -15.7792 -15.7792 -15.7792 -15.7792 -15.7792 -15.7792 -15.7792 -15.7792 -15.7792 -15.7792 -15.7792 -15.7792 -15.7792 -15.7792 -15.7792 -15.7792 -15.7792 -15.7792
-17.9307 -17.9381 -18.0207 -17.4916 -17.5563 -17.5392 -16.476 -16.9129 -17.0327 -16.8044 -16.5527 -16.3766 -16.2599 -16.125 -16.0318 -15.9909 -15.9913 -15.9146 -15.7985 -15.9511 -15.7958 -15.7958 -15.7958 -15.7958 -15.7958 -15.7958 -15.7958 -15.7958 -15.7958 -15.7958 -15.7958 -15.7958 -15.7958 -15.7958 -15.7958 -15.7958 -15.7958 -15.7958 -15.7958 -15.7958 -15.7958 -15.7958 -15.7958 -15.7958 -15.7958 -15.7958 -15.7958 -15.7958 -15.7958 -15.7958 -15.7958 -15.7958 -15.7958 -15.7958 -15.7958 -15.7958 -15.7958 -15.7958 -15.7958 -15.7958 -15.7958 -15.7958 -15.7958
-18.3107 -18.6156 -18.3368 -17.6347 -17.2004 -17.0098 -16.8198 -16.4317 -16.8008 -16.6277 -16.4491 -16.3725 -16.238 -16.009 -16.0463 -15.9872 -15.8123 -15.8123 -15.793 -15.8123 -15.8123 -15.8123 -15.8123 -15.8123 -15.8123 -15.8123 -15.8123 -15.8123 -15.8123 -15.8123 -15.8123 -15.8123 -15.8123 -15.8123 -15.8123 -15.8123 -15.8123 -15.8123 -15.8123 -15.8123 -15.8123 -15.8123 -15.8123 -15.8123 -15.8123 -15.8123 -15.8123 -15.8123 -15.8123 -15.8123 -15.8123 -15.8123 -15.8123 -15.8123 -15.8123 -15.8123 -15.8123 -15.8123 -15.8123 -15.8123 -15.8123 -15.8123 -15.8123
-19.4699 -18.9215 -18.1046 -18.0784 -17.3193 -17.4382 -16.8981 -16.3892 -16.4191 -16.6046 -16.4138 -16.18 -16.1218 -16.0975 -16.0039 -15.9462 -15.8304 -16.0041 -15.8304 -15.8883 -15.8304 -15.8304 -15.8304 -15.8304 -15.8304 -15.8304 -15.8304 -15.8304 -15.8304 -15.8304 -15.8304 -15.8304 -15.8304 -15.8304 -15.8304 -15.8304 -15.8304 -15.8304 -15.8304 -15.8304 -15.8304 -15.8304 -15.8304 -15.8304 -15.8304 -15.8304 -15.8304 -15.8304 -15.8304 -15.8304 -15.8304 -15.8304 -15.8304 -15.8304 -15.8304 -15.8304 -15.8304 -15.8304 -15.8304 -15.8304 -15.8304 -15.8304 -15.8304
-19.3769 -19.0842 -18.7171 -18.2104 -17.7388 -17.2662 -17.0538 -16.6682 -16.1621 -16.5116 -16.395 -16.2773 -16.2188 -16.1649 -16.046 -15.9512 -16.0235 -15.8526 -15.9491 -15.8526 -15.8526 -15.8526 -15.8526 -15.8526 -15.8526 -15.8526 -15.8526 -15.8526 -15.8526 -15.8526 -15.8526 -15.8526 -15.8526 -15.8526 -15.8526 -15.8526 -15.8526 -15.8526 -15.8526 -15.8526 -15.8526 -15.8526 -15.8526 -15.8526 -15.8526 -15.8526 -15.8526 -15.8526 -15.8526 -15.8526 -15.8526 -15.8526 -15.8526 -15.8526 -15.8526 -15.8526 -15.8526 -15.8526 -15.8526 -15.8526 -15.8526 -15.8526 -15.8526
-19.2381 -18.5825 -18.4916 -17.9275 -17.4999 -17.2342 -16.8085 -16.5342 -16.3324 -16.4084 -15.9458 -15.9132 -16.1442 -16.0775 -16.0024 -16.0092 -15.874 -15.874 -15.874 -15.874 -15.874 -15.874 -15.874 -15.874 -15.874 -15.874 -15.874 -15.874 -15.874 -15.874 -15.874 -15.874 -15.874 -15.874 -15.874 -15.874 -15.874 -15.874 -15.874 -15.874 -15.874 -15.874 -15.874 -15.874 -15.874 -15.874 -15.874 -15.874 -15.874 -15.874 -15.874 -15.874 -15.874 -15.874 -15.874 -15.874 -15.874 -15.874 -15.874 -15.874 -15.874 -15.874 -15.874
-18.6978 -18.8599 -18.1229 -17.857 -17.3667 -17.0975 -16.8446 -16.574 -16.4012 -16.4199 -16.3235 -16.21 -16.1864 -15.8969 -15.8969 -15.8969 -15.8969 -15.8969 -15.8969 -15.8969 -15.8969 -15.8969 -15.8969 -15.8969 -15.8969 -15.8969 -15.8969 -15.8969 -15.8969 -15.8969 -15.8969 -15.8969 -15.8969 -15.8969 -15.8969 -15.8969 -15.8969 -15.8969 -15.8969 -15.8969 -15.8969 -15.8969 -15.8969 -15.8969 -15.8969 -15.8969 -15.8969 -15.8969 -15.8969 -15.8969 -15.8969 -15.8969 -15.8969 -15.8969 -15.8969 -15.8969 -15.8969 -15.8969 -15.8969 -15.8969 -15.8969 -15.8969 -15.8969
-19.1768 -18.5386 -18.1291 -17.7071 -17.3766 -17.0678 -16.7781 -16.5828 -16.4089 -16.3115 -16.2923 -16.178 -16.1167 -16.1385 -15.9246 -15.9246 -15.9246 -15.9246 -15.9246 -15.9246 -15.9246 -15.9246 -15.9246 -15.9246 -15.9246 -15.9246 -15.9246 -15.9246 -15.9246 -15.9246 -15.9246 -15.9246 -15.9246 -15.9246 -15.9246 -15.9246 -15.9246 -15.9246 -15.9246 -15.9246 -15.9246 -15.9246 -15.9246 -15.9246 -15.9246 -15.9246 -15.9246 -15.9246 -15.9246 -15.9246 -15.9246 -15.9246 -15.9246 -15.9246 -15.9246 -15.9246 -15.9246 -15.9246 -15.9246 -15.9246 -15.9246 -15.9246 -15.9246
-18.6558 -18.2696 -17.9644 -17.5594 -17.2105 -16.9207 -16.7077 -16.4949 -16.3584 -16.2415 -16.2023 -16.2231 -16.1453 -15.9712 -16.086 -15.9509 -15.9509 -15.9509 -15.9509 -15.9509 -15.9509 -15.9509 -15.9509 -15.9509 -15.9509 -15.9509 -15.9509 -15.9509 -15.9509 -15.9509 -15.9509 -15.9509 -15.9509 -15.9509 -15.9509 -15.9509 -15.9509 -15.9509 -15.9509 -15.9509 -15.9509 -15.9509 -15.9509 -15.9509 -15.9509 -15.9509 -15.9509 -15.9509 -15.9509 -15.9509 -15.9509 -15.9509 -15.9509 -15.9509 -15.9509 -15.9509 -15.9509 -15.9509 -15.9509 -15.9509 -15.9509 -15.9509 -15.9509
-18.5521 -18.1078 -17.8135 -17.3905 -17.0817 -16.7923 -16.656 -16.4638 -16.2715 -16.2307 -16.1912 -16.1344 -16.153 -16.0371 -15.9788 -15.9788 -15.9788 -15.9788 -15.9788 -15.9788 -15.9788 -15.9788 -15.9788 -15.9788 -15.9788 -15.9788 -15.9788 -15.9788 -15.9788 -15.9788 -15.9788 -15.9788 -15.9788 -15.9788 -15.9788 -15.9788 -15.9788 -15.9788 -15.9788 -15.9788 -15.9788 -15.9788 -15.9788 -15.9788 -15.9788 -15.9788 -15.9788 -15.9788 -15.9788 -15.9788 -15.9788 -15.9788 -15.9788 -15.9788 -15.9788 -15.9788 -15.9788 -15.9788 -15.9788 -15.9788 -15.9788 -15.9788 -15.9788
-18.5299 -18.0641 -17.6974 -17.4068 -17.0206 -16.7858 -16.5741 -16.399 -16.2843 -16.3023 -16.2441 -16.1656 -16.0913 -16.012 -16.0699 -16.012 -16.012 -16.012 -16.012 -16.012 -16.012 -16.012 -16.012 -16.012 -16.012 -16.012 -16.012 -16.012 -16.012 -16.012 -16.012 -16.012 -16.012 -16.012 -16.012 -16.012 -16.012 -16.012 -16.012 -16.012 -16.012 -16.012 -16.012 -16.012 -16.012 -16.012 -16.012 -16.012 -16.012 -16.012 -16.012 -16.012 -16.012 -16.012 -16.012 -16.012 -16.012 -16.012 -16.012 -16.012 -16.012 -16.012 -16.012
-18.3457 -17.9945 -17.6874 -17.3408 -17.0496 -16.7792 -16.5851 -16.4488 -16.257 -16.0432 -16.1397 -16.1783 -16.0432 -16.0432 -16.0432 -16.0432 -16.0432 -16.0432 -16.0432 -16.0432 -16.0432 -16.0432 -16.0432 -16.0432 -16.0432 -16.0432 -16.0432 -16.0432 -16.0432 -16.0432 -16.0432 -16.0432 -16.0432 -16.0432 -16.0432 -16.0432 -16.0432 -16.0432 -16.0432 -16.0432 -16.0432 -16.0432 -16.0432 -16.0432 -16.0432 -16.0432 -16.0432 -16.0432 -16.0432 -16.0432 -16.0432 -16.0432 -16.0432 -16.0432 -16.0432 -16.0432 -16.0432 -16.0432 -16.0432 -16.0432 -16.0432 -16.0432 -16.0432
-18.3407 -18.0287 -17.5663 -17.123 -16.9672 -16.7343 -16.6182 -16.4829 -16.2918 -16.1746 -16.076 -16.076 -16.076 -16.076 -16.076 -16.076 -16.076 -16.076 -16.076 -16.076 -16.076 -16.076 -16.076 -16.076 -16.076 -16.076 -16.076 -16.076 -16.076 -16.076 -16.076 -16.076 -16.076 -16.076 -16.076 -16.076 -16.076 -16.076 -16.076 -16.076 -16.076 -16.076 -16.076 -16.076 -16.076 -16.076 -16.076 -16.076 -16.076 -16.076 -16.076 -16.076 -16.076 -16.076 -16.076 -16.076 -16.076 -16.076 -16.076 -16.076 -16.076 -16.076 -16.076
-18.3535 -18.0499 -17.5678 -17.0851 -16.7945 -16.7341 -16.5979 -16.481 -16.3469 -16.327 -16.2306 -16.1534 -16.1148 -16.1148 -16.1148 -16.1148 -16.1148 -16.1148 -16.1148 -16.1148 -16.1148 -16.1148 -16.1148 -16.1148 -16.1148 -16.1148 -16.1148 -16.1148 -16.1148 -16.1148 -16.1148 -16.1148 -16.1148 -16.1148 -16.1148 -16.1148 -16.1148 -16.1148 -16.1148 -16.1148 -16.1148 -16.1148 -16.1148 -16.1148 -16.1148 -16.1148 -16.1148 -16.1148 -16.1148 -16.1148 -16.1148 -16.1148 -16.1148 -16.1148 -16.1148 -16.1148 -16.1148 -16.1148 -16.1148 -16.1148 -16.1148 -16.1148 -16.1148
-18.3556 -18.3383 -17.6054 -17.1219 -16.8466 -16.7523 -16.5973 -16.5403 -16.4624 -16.4037 -16.2679 -16.2665 -16.2281 -16.1509 -16.1509 -16.1509 -16.1509 -16.1509 -16.1509 -16.1509 -16.1509 -16.1509 -16.1509 -16.1509 -16.1509 -16.1509 -16.1509 -16.1509 -16.1509 -16.1509 -16.1509 -16.1509 -16.1509 -16.1509 -16.1509 -16.1509 -16.1509 -16.1509 -16.1509 -16.1509 -16.1509 -16.1509 -16.1509 -16.1509 -16.1509 -16.1509 -16.1509 -16.1509 -16.1509 -16.1509 -16.1509 -16.1509 -16.1509 -16.1509 -16.1509 -16.1509 -16.1509 -16.1509 -16.1509 -16.1509 -16.1509 -16.1509 -16.1509
-18.2209 -17.816 -17.6204 -17.2693 -16.9997 -16.7328 -16.5953 -16.4601 -16.4624 -16.4009 -16.342 -16.2872 -16.1886 -16.1886 -16.1886 -16.1886 -16.1886 -16.1886 -16.1886 -16.1886 -16.1886 -16.1886 -16.1886 -16.1886 -16.1886 -16.1886 -16.1886 -16.1886 -16.1886 -16.1886 -16.1886 -16.1886 -16.1886 -16.1886 -16.1886 -16.1886 -16.1886 -16.1886 -16.1886 -16.1886 -16.1886 -16.1886 -16.1886 -16.1886 -16.1886 -16.1886 -16.1886 -16.1886 -16.1886 -16.1886 -16.1886 -16.1886 -16.1886 -16.1886 -16.1886 -16.1886 -16.1886 -16.1886 -16.1886 -16.1886 -16.1886 -16.1886 -16.1886
-18.169 -17.7414 -17.8123 -17.336 -17.068 -16.7757 -16.5629 -16.5253 -16.4259 -16.4257 -16.3495 -16.2328 -16.2328 -16.2328 -16.2328 -16.2328 -16.2328 -16.2328 -16.2328 -16.2328 -16.2328 -16.2328 -16.2328 -16.2328 -16.2328 -16.2328 -16.2328 -16.2328 -16.2328 -16.2328 -16.2328 -16.2328 -16.2328 -16.2328 -16.2328 -16.2328 -16.2328 -16.2328 -16.2328 -16.2328 -16.2328 -16.2328 -16.2328 -16.2328 -16.2328 -16.2328 -16.2328 -16.2328 -16.2328 -16.2328 -16.2328 -16.2328 -16.2328 -16.2328 -16.2328 -16.2328 -16.2328 -16.2328 -16.2328 -16.2328 -16.2328 -16.2328 -16.2328
-18.0168 -17.6655 -17.7866 -17.4035 -16.9724 -16.7024 -16.5836 -16.4482 -16.4283 -16.4486 -16.4843 -16.2739 -16.2739 -16.2739 -16.2739 -16.2739 -16.2739 -16.2739 -16.2739 -16.2739 -16.2739 -16.2739 -16.2739 -16.2739 -16.2739 -16.2739 -16.2739 -16.2739 -16.2739 -16.2739 -16.2739 -16.2739 -16.2739 -16.2739 -16.2739 -16.2739 -16.2739 -16.2739 -16.2739 -16.2739 -16.2739 -16.2739 -16.2739 -16.2739 -16.2739 -16.2739 -16.2739 -16.2739 -16.2739 -16.2739 -16.2739 -16.2739 -16.2739 -16.2739 -16.2739 -16.2739 -16.2739 -16.2739 -16.2739 -16.2739 -16.2739 -16.2739 -16.2739
