data/70055_lisa.smith_molt_lat_elev_map/70055_lisa.smith_molt_lat_elev_map/predreg.asc
ncols 411
nrows 282
xllcorner -103.69999694824219
yllcorner 24.299999246460544
cellsize 0.0833333333
NODATA_value -9999
[rows 84 to 111 of 282, columns 0 to 62 of 411]
-59.8618 -59.1981 -58.8488 -58.3467 -57.2584 -56.8849 -56.8323 -56.1964 -55.5591 -55.0277 -55.0364 -55.8785 -56.4999 -56.7576 -56.281 -55.8562 -55.4514 -55.1032 -54.6433 -54.2381 -53.9468 -53.5596 -53.4379 -53.0188 -52.7286 -52.5765 -52.17 -51.9163 -52.1906 -51.7697 -51.5106 -50.9428 -50.8406 -51.0324 -50.5433 -49.9167 -49.8932 -49.8034 -49.5958 -49.5054 -50.0642 -49.7035 -49.6257 -48.9918 -47.8891 -47.3793 -47.2479 -47.0548 -46.9199 -46.764 -47.0243 -46.9581 -46.8667 -46.4956 -45.7624 -45.7483 -45.6888 -45.5724 -45.3827 -44.8171 -44.6007 -44.4098 -44.1971
-59.08 -58.6739 -58.0905 -58.343 -57.8898 -56.9113 -56.577 -55.3108 -55.541 -56.7926 -57.2916 -57.2155 -56.6995 -56.2705 -55.8869 -55.5596 -55.1348 -54.7661 -54.3802 -53.9911 -53.6465 -53.2805 -52.9722 -52.6192 -52.4116 -52.0847 -51.8684 -51.4055 -51.746 -51.8368 -51.3555 -51.4247 -50.5749 -50.3883 -50.3302 -50.2578 -49.6773 -49.0443 -49.0124 -48.4779 -49.1371 -48.5977 -48.8853 -48.8779 -48.7635 -48.2433 -48.1783 -46.9774 -46.5426 -46.3507 -46.1768 -46.043 -45.8699 -45.7846 -46.094 -45.8921 -45.1793 -44.9233 -44.71 -44.5152 -44.3409 -44.1858 -44.3954
-59.7323 -58.9471 -58.1771 -57.0459 -57.2525 -56.5466 -55.423 -56.0995 -57.2625 -58.1594 -57.4944 -56.9548 -56.506 -56.0835 -55.5991 -55.1173 -54.7714 -54.3865 -54.0172 -53.7295 -53.3813 -52.9959 -52.6266 -52.3592 -51.9748 -51.6673 -51.5899 -51.2942 -51.4032 -50.8767 -51.5334 -51.3334 -51.1407 -49.9188 -49.9419 -50.3168 -48.9692 -48.2853 -47.9036 -47.7037 -48.3446 -47.9413 -48.234 -47.7445 -48.0424 -47.9056 -47.9408 -47.145 -46.6725 -46.7756 -46.3321 -45.9423 -45.6902 -45.5213 -45.2688 -45.0765 -44.8644 -44.7095 -44.5526 -44.4171 -44.5379 -44.3483 -44.1741
-59.1805 -59.3358 -58.577 -57.412 -56.9131 -55.7111 -55.7026 -57.3826 -58.3098 -58.0295 -57.4179 -56.8222 -56.3966 -55.9514 -55.4301 -54.932 -54.4433 -54.0208 -53.6925 -53.2862 -52.9424 -52.6332 -52.2649 -51.9755 -51.607 -51.2813 -50.6427 -50.8106 -50.5833 -50.6503 -50.1984 -50.4156 -50.3437 -49.8425 -48.9722 -49.6296 -49.1437 -48.8795 -48.4548 -47.469 -46.8433 -47.1553 -47.2637 -47.3828 -46.8843 -46.9867 -47.0483 -46.9242 -46.9376 -46.6835 -46.5605 -45.9517 -45.6585 -45.412 -45.2727 -45.1412 -44.9652 -44.8277 -44.5811 -44.37 -44.1203 -44.0248 -43.678
-58.8126 -58.8509 -58.2224 -56.9757 -55.7905 -55.6796 -56.7068 -57.7443 -58.3074 -57.725 -57.0692 -56.5088 -56.1039 -55.6438 -55.0458 -54.5396 -54.3668 -53.9894 -53.5466 -53.3191 -53.1049 -52.2428 -51.6982 -51.3875 -50.9164 -50.9399 -50.574 -50.9023 -50.7168 -49.4451 -49.5021 -50.0158 -49.2536 -48.7737 -48.854 -48.6092 -47.9844 -48.0041 -48.2138 -47.6237 -47.1702 -46.1795 -46.4131 -46.4214 -45.8938 -46.0131 -45.9918 -45.8148 -46.2457 -46.268 -46.1977 -45.7552 -45.4862 -45.4282 -45.0211 -44.9055 -44.8098 -44.7503 -44.4587 -44.0963 -43.6727 -43.5001 -43.3443
-58.5679 -57.2109 -56.4623 -55.8123 -56.2022 -56.5302 -56.9211 -57.2873 -57.662 -56.9717 -56.6022 -56.0609 -55.5641 -55.0903 -54.6432 -54.2554 -53.9654 -53.731 -53.3639 -53.0425 -52.7084 -52.2652 -51.8455 -51.5346 -51.1879 -51.4767 -51.2574 -51.2495 -50.568 -49.594 -48.4394 -48.1888 -49.0435 -48.8957 -48.4336 -47.9656 -47.3501 -47.4999 -47.6996 -47.2288 -46.7279 -46.6318 -45.7258 -45.9148 -45.5507 -45.0349 -45.3001 -45.207 -45.2298 -45.2299 -45.3086 -45.4533 -45.5763 -45.1459 -44.8736 -44.543 -44.3954 -44.4705 -44.2802 -43.9658 -43.718 -43.2584 -42.966
-56.578 -56.094 -56.0423 -56.7751 -57.184 -57.527 -57.5847 -57.6604 -57.3705 -57.0464 -56.428 -55.9285 -55.0923 -54.7262 -54.5114 -54.2605 -53.8014 -53.4987 -53.1527 -52.7967 -52.4873 -52.2406 -51.8723 -51.683 -51.2563 -50.8459 -50.9979 -50.9877 -50.5684 -50.0173 -49.3799 -48.5375 -47.8984 -47.6586 -47.6409 -47.4574 -47.3952 -47.2202 -46.335 -46.5012 -46.4155 -45.7439 -45.6781 -45.1903 -44.5963 -44.284 -44.1427 -44.3714 -44.3915 -44.2722 -44.3309 -44.9388 -45.0658 -44.8032 -44.6675 -44.5559 -44.3493 -43.934 -43.9984 -43.7813 -43.1891 -43.0467 -43.1605
-56.6699 -56.2091 -57.2088 -56.7124 -57.2637 -57.9492 -58.3101 -57.7445 -57.2846 -56.6435 -56.2194 -55.5784 -55.1774 -54.7311 -54.2663 -54.0187 -53.5941 -53.3235 -52.822 -52.5307 -52.1834 -51.8608 -51.6007 -51.2798 -50.9496 -50.56 -50.1566 -50.6389 -49.5608 -49.1401 -48.6705 -48.3828 -47.7938 -47.6206 -46.9838 -46.224 -46.0168 -46.3674 -45.9736 -45.2542 -45.3946 -45.5781 -45.4136 -45.0795 -45.0225 -45.2703 -44.9286 -44.8679 -44.3204 -43.7984 -43.4599 -43.9424 -43.8348 -43.9057 -43.7338 -44.1402 -43.6406 -43.5938 -43.2298 -42.7961 -42.9831 -43.0403 -42.5602
-57.3756 -56.3633 -56.9335 -57.6847 -57.3321 -58.2918 -58.199 -57.5277 -57.0561 -56.4576 -55.9799 -55.5156 -55.1269 -54.5507 -54.1258 -53.7453 -53.339 -53.0535 -52.6321 -52.2064 -51.9899 -51.2339 -51.175 -50.833 -50.5758 -50.191 -49.5985 -49.7221 -48.488 -47.8635 -47.306 -47.4661 -47.6588 -47.3713 -47.5594 -46.89 -46.054 -46.2574 -46.256 -46.2168 -46.0422 -46.0294 -45.6625 -45.2032 -44.7222 -44.1982 -44.1819 -43.5436 -43.6249 -43.0573 -42.7862 -42.7212 -43.2094 -43.1819 -43.1934 -43.0824 -42.7812 -42.6492 -42.5173 -42.5386 -42.1587 -42.108 -41.9107
-57.3421 -56.6533 -56.5581 -57.4834 -58.2873 -58.4045 -58.102 -57.584 -56.9942 -56.5383 -56.125 -55.7251 -55.0483 -54.6 -54.1882 -53.6189 -53.253 -52.6048 -52.8576 -52.3006 -51.3569 -50.2754 -49.9279 -49.739 -49.447 -49.1483 -48.779 -48.4832 -49.0404 -48.6684 -48.5902 -48.5258 -47.7665 -47.3595 -46.8751 -47.0436 -47.133 -46.9027 -46.3932 -45.8746 -45.1708 -44.9326 -45.1158 -45.3189 -45.0853 -44.3559 -43.6931 -43.4033 -43.5277 -43.6678 -43.6772 -43.4875 -43.1788 -42.1586 -42.3294 -42.0758 -42.2045 -42.407 -41.9969 -41.8044 -41.8064 -41.6058 -41.15
-57.4285 -57.1376 -56.8198 -57.0961 -58.1285 -59.1277 -58.0756 -57.5971 -57.0252 -56.5027 -56.098 -55.5935 -55.2435 -54.7464 -54.167 -53.642 -53.3942 -53.4048 -52.8828 -51.7728 -50.3777 -51.2483 -51.3214 -50.7279 -50.2646 -49.2238 -49.1192 -49.4058 -49.433 -49.5645 -49.0393 -48.9227 -48.0624 -47.8527 -47.93 -47.2082 -47.0209 -46.2925 -46.1875 -46.1394 -45.7123 -45.0315 -44.5045 -44.4992 -44.5024 -44.4695 -44.4251 -44.472 -44.137 -43.5988 -43.0658 -43.0292 -42.7429 -43.1334 -42.9703 -42.7591 -43.0026 -42.4624 -42.1855 -42.7065 -42.0068 -42.0698 -41.8614
-57.4892 -57.3952 -57.6438 -57.6731 -58.4282 -58.9725 -58.3125 -57.526 -57.0404 -56.5026 -56.0585 -55.6248 -55.1668 -54.7283 -54.2829 -53.7979 -53.3551 -52.9351 -52.0785 -51.0693 -51.6087 -51.4455 -51.0129 -50.5121 -48.9542 -49.5678 -49.7332 -50.0092 -50.0323 -49.5982 -49.0049 -48.5156 -48.3303 -47.4017 -46.5558 -46.7754 -46.6231 -46.6503 -46.2516 -45.461 -45.1841 -45.6768 -45.1365 -45.0858 -45.2089 -44.7372 -44.2379 -43.8504 -43.008 -43.3177 -43.5392 -43.454 -43.0153 -42.6001 -42.5739 -42.1681 -41.5211 -41.9245 -41.0272 -41.3161 -41.8944 -41.7134 -41.0815
-58.0255 -58.0335 -57.9899 -58.154 -58.2252 -58.8866 -58.3328 -57.9467 -57.0389 -56.5156 -56.1671 -55.7136 -55.2081 -54.6125 -54.1874 -53.6447 -53.1369 -52.3601 -52.4839 -52.3745 -52.0629 -51.1697 -50.6151 -49.5428 -49.9908 -50.4562 -50.5143 -50.1687 -49.7493 -49.3555 -48.4194 -48.1506 -46.986 -47.4208 -47.3895 -47.3456 -46.8006 -45.843 -45.2455 -45.8162 -46.0192 -45.6833 -45.0835 -44.6787 -44.1008 -43.7353 -43.8555 -44.0177 -43.953 -43.5381 -43.0996 -41.9797 -41.8423 -41.5518 -41.4334 -41.361 -40.6802 -40.6191 -40.5313 -40.5062 -41.0158 -40.748 -40.5915
-57.9539 -58.6036 -58.3987 -58.8091 -59.1134 -58.9456 -58.4433 -57.9213 -57.3773 -56.5916 -56.0718 -55.4595 -54.8069 -54.2079 -54.1269 -53.8182 -53.5634 -53.1795 -52.6036 -52.2075 -51.041 -50.6476 -49.8668 -50.2733 -50.2563 -50.4916 -50.3201 -49.9949 -49.1997 -49.0281 -48.5874 -48.0916 -48.1266 -47.494 -47.0719 -46.2948 -46.4413 -46.0632 -46.1015 -45.9223 -45.4118 -44.9645 -44.3085 -44.5605 -44.4841 -44.3608 -43.6715 -43.5571 -43.0872 -42.412 -42.0626 -41.9882 -41.1413 -40.6181 -40.3007 -40.2684 -40.0708 -39.8226 -39.9071 -39.9296 -40.3556 -39.9323 -39.6138
-58.6143 -59.3614 -59.4806 -59.9234 -59.7818 -59.08 -58.5431 -57.832 -57.1966 -56.5246 -56.0323 -55.4756 -54.9913 -54.5104 -53.9872 -53.8036 -52.9197 -52.5404 -51.8257 -50.7689 -50.8286 -50.52 -51.1015 -51.0538 -50.7044 -50.2083 -49.8717 -49.459 -49.2346 -48.4339 -48.6426 -48.5752 -48.077 -47.1279 -47.1303 -46.6346 -46.7408 -46.2195 -45.5734 -45.2215 -45.1977 -44.9906 -45.0764 -44.5703 -43.9008 -43.3538 -42.6742 -42.1913 -41.8445 -41.6566 -41.6359 -41.4171 -40.8165 -41.0128 -40.6111 -40.2072 -39.8562 -39.4247 -39.4025 -39.1243 -39.8346 -39.5242 -39.3844
-59.1202 -60.2862 -61.1426 -60.4984 -59.8044 -59.0738 -58.4676 -57.6883 -57.3911 -56.8901 -56.2327 -55.4801 -54.9795 -54.4948 -53.9584 -53.0383 -52.6361 -52.5235 -52.361 -51.6928 -51.9363 -51.4431 -51.3514 -50.7456 -50.5773 -50.1945 -49.8986 -49.3293 -49.3851 -49.0896 -48.7188 -48.347 -48.0524 -47.6396 -47.0049 -46.9105 -46.5595 -46.0823 -46.0379 -45.8501 -45.3174 -44.8049 -44.4232 -44.3908 -43.9468 -43.7711 -43.6311 -42.9909 -42.4535 -42.1917 -42.1394 -41.5968 -40.9185 -40.3755 -40.6017 -40.6912 -40.3659 -40.2316 -40.1452 -39.2656 -38.453 -38.9838 -38.7226
-60.497 -61.8749 -61.2064 -60.6204 -59.7731 -59.0942 -58.4773 -58.0872 -57.2997 -56.6548 -56.2833 -55.7998 -54.9602 -54.1825 -53.5681 -53.7485 -53.2428 -52.6822 -52.7287 -52.2987 -52.0641 -51.5898 -51.2345 -50.8745 -50.2954 -49.7275 -49.8811 -49.4978 -49.0624 -48.9641 -48.5376 -48.058 -47.9105 -47.5732 -46.8905 -46.8185 -46.4722 -46.0107 -45.6957 -45.5764 -45.2484 -44.852 -44.4242 -44.1146 -43.9257 -43.755 -43.2527 -42.9206 -42.3487 -41.9444 -41.8143 -40.8842 -40.7226 -40.2819 -40.0375 -39.7268 -39.2416 -38.8512 -38.6255 -38.8564 -38.9603 -38.6609 -38.1548
-62.9116 -62.1067 -61.4332 -60.8752 -60.0189 -59.3229 -58.9069 -58.0207 -57.28 -56.4991 -56.0746 -55.1383 -54.9245 -54.5416 -54.2264 -53.6408 -53.2585 -53.0326 -52.7323 -52.403 -52.109 -51.4779 -51.1342 -50.7242 -50.4272 -50.1658 -49.8098 -49.4909 -48.9103 -48.4885 -48.4145 -47.8719 -47.6031 -47.4455 -46.9141 -46.8357 -46.4761 -46.2409 -45.8435 -45.4041 -44.9017 -44.1499 -43.999 -43.3829 -43.133 -42.7821 -42.4028 -41.6316 -41.3601 -40.6552 -40.3219 -40.1187 -40.3233 -40.3833 -40.2859 -39.5487 -40.028 -39.685 -39.1763 -38.8004 -38.4959 -38.1959 -38.1426
-60.8343 -60.9704 -61.8653 -61.0369 -60.2888 -59.7286 -58.8199 -58.298 -57.6313 -56.714 -56.3651 -55.7433 -55.1507 -54.6203 -54.4509 -53.7499 -53.6587 -53.4111 -52.7444 -52.1864 -51.9303 -51.5182 -51.0663 -50.732 -50.4609 -50.0758 -49.5762 -49.1896 -48.9304 -48.7056 -48.2223 -47.8803 -47.5698 -47.1875 -46.7041 -46.5111 -46.1936 -45.9063 -45.3704 -44.6693 -44.2432 -44.5055 -44.0918 -43.6179 -43.47 -42.9226 -42.0101 -42.3015 -41.7326 -41.3974 -41.1593 -40.7618 -40.641 -40.6976 -40.7642 -40.2943 -40.6461 -40.0871 -40.2617 -39.2591 -39.1932 -38.6144 -39.0151
-60.8274 -59.6006 -59.6091 -59.4072 -60.3245 -59.8929 -59.0456 -57.8843 -57.5158 -56.8125 -56.5918 -55.9364 -55.1211 -54.9137 -54.3889 -54.1467 -53.4791 -53.2623 -52.9157 -52.5524 -51.9746 -51.4679 -50.8762 -50.61 -49.8796 -49.9112 -49.6032 -49.1194 -48.8122 -48.392 -48.0207 -47.8397 -47.3212 -46.8579 -46.7248 -46.3798 -45.9947 -45.6854 -45.1648 -44.9497 -44.3889 -44.33 -43.851 -43.6774 -43.2359 -43.1193 -42.8647 -42.3056 -42.1884 -41.9829 -41.8002 -41.5642 -41.4517 -41.0685 -40.8046 -40.5021 -40.0602 -39.7552 -40.1893 -39.8464 -39.4361 -39.5648 -39.342
-61.1222 -60.2462 -58.6204 -57.9732 -58.2225 -58.9145 -58.7473 -58.611 -57.8328 -57.2213 -56.5272 -55.8673 -55.5251 -55.3087 -54.7392 -54.1837 -53.9011 -53.2612 -52.646 -52.0591 -51.6411 -51.2636 -50.8948 -50.1994 -50.0089 -49.4676 -48.4252 -48.0009 -48.121 -48.0926 -47.8944 -47.4843 -47.0998 -46.7315 -46.3991 -46.0323 -45.7176 -45.4793 -45.0417 -44.5319 -44.4494 -43.9549 -43.4022 -42.7395 -42.6541 -42.2461 -42.0138 -41.728 -41.2228 -40.7255 -40.8833 -40.8244 -40.4856 -40.4263 -40.0882 -40.1197 -40.0921 -38.8739 -38.7285 -38.6851 -38.2509 -37.8389 -37.7283
-60.538 -59.7618 -59.0673 -58.6282 -57.226 -57.4159 -58.5034 -58.748 -58.0693 -57.195 -56.8578 -56.3464 -55.6046 -54.7834 -54.1919 -53.899 -53.434 -53.0732 -52.686 -52.3438 -51.4878 -50.4557 -49.8491 -49.6669 -49.4278 -48.4628 -48.051 -48.0394 -46.7716 -47.7934 -47.524 -47.169 -46.8772 -46.2318 -46.0993 -45.7836 -45.2297 -45.1339 -44.7993 -44.437 -44.0458 -43.9381 -43.6682 -43.2359 -42.9738 -42.7892 -42.2471 -42.2597 -41.992 -41.7113 -41.0366 -40.6324 -40.3403 -40.5715 -40.1241 -39.8483 -38.3481 -38.4388 -38.7672 -38.3592 -38.5761 -37.6296 -37.0228
-59.8568 -58.9852 -58.4472 -57.9461 -57.0891 -56.0108 -56.1917 -56.7482 -56.1905 -55.6166 -55.257 -55.0481 -54.845 -54.9075 -54.91 -54.1003 -53.5083 -52.7942 -52.066 -51.4989 -51.1882 -50.5957 -49.5702 -48.4098 -48.4571 -48.0819 -47.526 -46.648 -46.4394 -45.8957 -46.0965 -46.1404 -45.8695 -46.1302 -45.7594 -45.3729 -45.0163 -44.4762 -43.7945 -43.5874 -43.2788 -43.4846 -43.1404 -42.9944 -42.7351 -42.445 -41.9724 -41.8254 -41.5963 -40.9572 -40.7853 -40.6086 -40.6081 -40.3565 -40.247 -39.8808 -39.1035 -38.3238 -37.2955 -37.114 -37.4917 -37.7327 -37.8644
-59.0535 -58.3524 -57.4949 -57.2321 -55.959 -55.6425 -55.2245 -55.0607 -55.2236 -54.4639 -54.0159 -53.5811 -53.2123 -53.2058 -53.7042 -53.7629 -53.164 -52.1905 -51.5254 -51.0971 -50.6171 -50.2027 -49.8978 -48.4562 -47.9149 -47.1873 -46.8935 -46.8353 -46.4811 -46.1445 -45.6863 -44.5757 -44.4844 -44.6773 -45.0473 -44.8699 -44.1585 -44.1323 -43.8438 -43.4495 -43.1751 -42.9229 -42.0771 -41.6269 -41.7098 -41.6065 -41.6555 -41.8172 -41.5622 -41.5284 -41.1429 -40.8461 -40.0391 -39.7381 -39.4882 -39.1971 -38.9461 -38.9243 -38.6498 -38.5102 -38.5436 -38.318 -37.9169
-58.2205 -58.4965 -57.2565 -55.9036 -55.3507 -55.1698 -56.1996 -54.9077 -54.104 -53.5401 -53.4638 -53.0345 -52.4343 -52.9607 -54.3125 -53.5407 -52.8247 -52.238 -51.4312 -50.9266 -50.3271 -50.0119 -49.6579 -49.1157 -48.8215 -48.6701 -48.1915 -47.6211 -46.6457 -46.2698 -45.4238 -45.5229 -44.7449 -44.2286 -43.4644 -43.2809 -43.5251 -43.6448 -42.8069 -42.7731 -42.2826 -41.8825 -41.6205 -41.2912 -40.8206 -40.7811 -40.594 -40.3559 -40.1155 -39.9357 -39.9385 -40.041 -39.7377 -39.5581 -39.0373 -38.8895 -38.3364 -38.3972 -37.9269 -37.7099 -37.4346 -37.3598 -37.1773
-56.6886 -58.1634 -57.3868 -56.8774 -55.8432 -54.8881 -54.276 -54.2814 -53.5971 -53.4399 -53.1539 -52.5491 -52.0471 -51.972 -52.9125 -53.1789 -52.7599 -52.0317 -51.4904 -50.9824 -50.4257 -50.0232 -49.4839 -48.9386 -48.7278 -48.1097 -47.9364 -47.4559 -47.0119 -46.5685 -45.8536 -45.2593 -44.6286 -44.328 -44.7787 -44.144 -43.235 -42.904 -42.5355 -42.2018 -41.8699 -42.0649 -42.0658 -42.1976 -42.1027 -41.1778 -41.5983 -40.7737 -41.3579 -41.0541 -40.6072 -39.4971 -38.8808 -38.7962 -38.5695 -38.2364 -38.1089 -38.6609 -38.3012 -38.1489 -38.3243 -38.2186 -37.5808
-55.6979 -56.1446 -57.0909 -54.5484 -54.9874 -55.4098 -54.9597 -54.35 -53.9031 -53.3686 -52.6878 -51.9169 -51.7471 -51.2027 -51.3399 -51.8217 -52.4207 -51.931 -51.1642 -50.7799 -50.1814 -49.6153 -49.264 -48.9598 -48.4218 -47.9796 -47.4889 -47.1652 -46.7981 -46.3926 -46.1048 -45.7937 -45.4664 -45.1246 -44.6071 -44.5379 -43.9808 -43.7807 -43.5045 -43.5267 -43.1765 -42.9545 -42.782 -42.4172 -42.1537 -41.9892 -41.8373 -41.4713 -41.1671 -40.424 -39.7991 -39.4491 -39.0767 -39.0977 -38.9551 -38.8366 -38.8159 -38.9056 -38.839 -38.631 -38.4802 -38.4012 -38.3519
-54.886 -55.6554 -55.3354 -54.101 -53.237 -54.1595 -54.2971 -53.8722 -53.4109 -52.9822 -52.5989 -52.0178 -51.4398 -50.5357 -50.7178 -50.5308 -51.2698 -51.4768 -50.8007 -50.2979 -49.9777 -49.1796 -48.9491 -48.4676 -48.1159 -47.6566 -47.3064 -46.861 -46.5098 -46.1972 -45.8758 -45.5283 -45.2287 -44.6755 -44.5577 -44.3516 -44.1184 -43.8116 -43.5799 -43.2894 -43.0224 -42.7155 -41.6715 -41.456 -41.5393 -41.3199 -41.0013 -40.5812 -40.0961 -39.7618 -39.7786 -39.6632 -39.5736 -39.1283 -39.025 -38.9076 -39.0038 -38.7095 -37.9857 -38.0722 -37.7114 -37.8101 -37.657
