data/70055_lisa.smith_molt_lat_elev_map/70055_lisa.smith_molt_lat_elev_map/stdkrig.asc
ncols 411
nrows 282
xllcorner -103.69999694824219
yllcorner 24.299999246460544
cellsize 0.0833333333
NODATA_value -9999
[rows 180 to 209 of 282, columns 134 to 200 of 411]
4.20288 4.18494 4.16562 4.14493 4.12289 4.09952 4.07484 4.04889 4.02171 3.99336 3.9639 3.93341 3.90199 3.86974 3.83679 3.80327 3.76935 3.73521 3.70103 3.66703 3.63344 3.60049 3.56842 3.53748 3.50791 3.47993 3.45376 3.42955 3.40744 3.3875 3.36974 3.3541 3.34044 3.32856 3.31817 3.30892 3.3004 3.29216 3.28371 3.27455 3.26418 3.25212 3.2379 3.22113 3.20144 3.17856 3.1523 3.12256 3.08938 3.05295 3.01364 2.97201 2.92889 2.88537 2.84285 2.80307 2.768 2.73977 2.72042 2.71157 2.71412 2.72801 2.75226 2.78517 2.8247 2.8687 2.91517
4.20115 4.18334 4.16417 4.14366 4.12182 4.09869 4.0743 4.04868 4.02189 3.994 3.96507 3.93519 3.90447 3.87301 3.84096 3.80846 3.77568 3.74279 3.70999 3.67748 3.6455 3.61425 3.58398 3.5549 3.52723 3.50117 3.47688 3.4545 3.43413 3.4158 3.3995 3.38515 3.3726 3.36164 3.35199 3.34333 3.33529 3.32744 3.31936 3.3106 3.30071 3.28927 3.27589 3.26022 3.24195 3.22088 3.19687 3.16988 3.14 3.10746 3.07264 3.03612 2.99867 2.96131 2.92527 2.89199 2.86305 2.84006 2.82451 2.81754 2.81974 2.83108 2.85089 2.87798 2.91082 2.94778 2.98722
4.19877 4.18101 4.16191 4.14148 4.11974 4.09673 4.07249 4.04706 4.02049 3.99287 3.96427 3.93478 3.90452 3.8736 3.84218 3.81039 3.77842 3.74645 3.71468 3.6833 3.65255 3.62264 3.59379 3.56621 3.54009 3.51562 3.49293 3.47215 3.45333 3.4365 3.42162 3.40859 3.39726 3.38741 3.37878 3.37107 3.36391 3.35693 3.34973 3.34192 3.33308 3.32285 3.31089 3.29689 3.28062 3.26189 3.24063 3.21683 3.19062 3.16224 3.13209 3.1007 3.0688 3.03728 3.00718 2.97969 2.95605 2.93749 2.9251 2.91968 2.92167 2.93102 2.94727 2.96955 2.99672 3.02753 3.06066
4.19571 4.17793 4.1588 4.13835 4.11659 4.09358 4.06934 4.04393 4.01742 3.98987 3.96139 3.93206 3.902 3.87135 3.84026 3.80888 3.77739 3.746 3.71489 3.68428 3.65439 3.62544 3.59765 3.57121 3.54632 3.52314 3.5018 3.4824 3.46499 3.44956 3.43607 3.42442 3.41443 3.4059 3.39856 3.39211 3.38623 3.38055 3.3747 3.36832 3.36104 3.35254 3.3425 3.33067 3.31685 3.30089 3.28275 3.26246 3.24015 3.21608 3.1906 3.16424 3.13762 3.11152 3.0868 3.06442 3.04537 3.03057 3.02083 3.01675 3.01862 3.02642 3.0398 3.05812 3.08053 3.10603 3.1336
4.19196 4.17407 4.15482 4.13424 4.11235 4.08919 4.06481 4.03926 4.01261 3.98494 3.95634 3.92693 3.89681 3.86615 3.83508 3.80378 3.77245 3.74127 3.71046 3.68024 3.65084 3.62248 3.59538 3.56975 3.54577 3.5236 3.50337 3.48516 3.46902 3.45494 3.44284 3.43263 3.42412 3.4171 3.41131 3.40645 3.4022 3.39822 3.39415 3.38966 3.3844 3.37807 3.3704 3.36115 3.35016 3.33731 3.32258 3.306 3.28772 3.26797 3.2471 3.22556 3.2039 3.18277 3.1629 3.14504 3.12997 3.1184 3.11094 3.10802 3.10987 3.11645 3.12751 3.14257 3.16097 3.18195 3.20467
4.18752 4.16943 4.14997 4.12914 4.107 4.08356 4.05888 4.03301 4.00604 3.97803 3.9491 3.91935 3.88891 3.85793 3.82657 3.79503 3.76349 3.73216 3.70128 3.67107 3.64178 3.61363 3.58687 3.56169 3.53831 3.51688 3.49754 3.48035 3.46537 3.45257 3.44189 3.4332 3.42631 3.42101 3.41703 3.41407 3.41181 3.4099 3.40802 3.40582 3.403 3.39925 3.39432 3.38801 3.38017 3.37069 3.35956 3.34683 3.33262 3.31717 3.30077 3.28382 3.26679 3.25021 3.23469 3.22084 3.20926 3.20049 3.19501 3.19314 3.19503 3.20067 3.20985 3.22222 3.23725 3.25436 3.27288
4.1824 4.16404 4.14426 4.12309 4.10056 4.07671 4.05157 4.02522 3.99773 3.96918 3.93967 3.90932 3.87827 3.84668 3.81472 3.78258 3.75047 3.71862 3.68728 3.65669 3.6271 3.59879 3.57199 3.54694 3.52385 3.50289 3.4842 3.46788 3.45396 3.44241 3.43317 3.42609 3.42099 3.41763 3.41573 3.41497 3.41504 3.41558 3.41627 3.41675 3.41673 3.41593 3.41409 3.41102 3.40659 3.40069 3.39331 3.3845 3.37438 3.36314 3.35104 3.33843 3.32571 3.31331 3.30172 3.29144 3.28294 3.27664 3.27291 3.27198 3.27398 3.27889 3.28655 3.29668 3.30888 3.32269 3.33756
4.17666 4.15793 4.13775 4.11613 4.09309 4.06868 4.04294 4.01593 3.98773 3.95841 3.9281 3.8969 3.86496 3.83245 3.79955 3.76646 3.73341 3.70065 3.66844 3.63706 3.60678 3.5779 3.55068 3.52539 3.50227 3.48151 3.46327 3.44765 3.43469 3.42438 3.41663 3.41128 3.40814 3.40695 3.4074 3.40917 3.41192 3.41527 3.41889 3.42243 3.42558 3.42805 3.42961 3.43005 3.42924 3.42708 3.42356 3.41872 3.41265 3.40552 3.39756 3.38906 3.38034 3.37178 3.36376 3.35669 3.35093 3.34683 3.34466 3.34461 3.34676 3.35111 3.35753 3.3658 3.37561 3.38659 3.3983
4.17033 4.15117 4.1305 4.10832 4.08466 4.05957 4.03307 4.00524 3.97613 3.94585 3.91449 3.88218 3.84906 3.81532 3.78114 3.74674 3.71238 3.6783 3.64481 3.61221 3.58081 3.55093 3.5229 3.497 3.47351 3.45266 3.43464 3.41956 3.40749 3.3984 3.39219 3.38872 3.38774 3.38897 3.39208 3.39671 3.40249 3.40903 3.41595 3.42291 3.42956 3.43563 3.44085 3.44504 3.44804 3.44977 3.45018 3.44932 3.44726 3.44413 3.44014 3.43552 3.43055 3.42552 3.42077 3.4166 3.41332 3.41119 3.41044 3.4112 3.41355 3.41747 3.42288 3.4296 3.43738 3.44592 3.45488
4.16349 4.14383 4.12258 4.09976 4.07538 4.04947 4.02208 3.99326 3.96307 3.93161 3.89898 3.8653 3.83074 3.79545 3.75966 3.72359 3.6875 3.6517 3.61649 3.58222 3.54924 3.51792 3.48864 3.46172 3.43751 3.41627 3.39822 3.38353 3.37225 3.36439 3.35982 3.35837 3.35978 3.36371 3.36981 3.37767 3.38686 3.39696 3.40757 3.41829 3.42879 3.43874 3.4479 3.45604 3.46302 3.46874 3.47315 3.47627 3.47815 3.47892 3.47874 3.4778 3.47633 3.47458 3.47282 3.4713 3.47027 3.46994 3.47048 3.47201 3.47458 3.47819 3.48277 3.48818 3.49422 3.50065 3.5072
4.15624 4.13602 4.11412 4.09057 4.06536 4.03853 4.01012 3.98016 3.94873 3.9159 3.88178 3.84649 3.8102 3.77307 3.73532 3.6972 3.659 3.62103 3.58365 3.54724 3.5122 3.47896 3.44795 3.41958 3.39424 3.37227 3.35395 3.33946 3.32891 3.32228 3.31945 3.32022 3.32429 3.33126 3.34071 3.35218 3.36519 3.37925 3.39393 3.40878 3.42345 3.43758 3.45091 3.4632 3.47431 3.48411 3.49255 3.49963 3.5054 3.50996 3.51343 3.51598 3.5178 3.51911 3.52011 3.52103 3.52205 3.52336 3.52509 3.52734 3.53017 3.53355 3.53745 3.54174 3.54628 3.55087 3.55529
4.14867 4.12784 4.10524 4.08088 4.05477 4.02693 3.99737 3.96615 3.93332 3.89895 3.86314 3.82601 3.78772 3.74845 3.70842 3.6679 3.62717 3.5866 3.54657 3.50751 3.46989 3.43421 3.40096 3.37064 3.34374 3.32067 3.30177 3.28731 3.27739 3.27203 3.27109 3.27431 3.28134 3.29172 3.30494 3.32046 3.33772 3.35617 3.37532 3.39467 3.41382 3.43241 3.45014 3.46677 3.48212 3.49607 3.50857 3.51959 3.52918 3.5374 3.54438 3.55025 3.55517 3.55933 3.5629 3.56605 3.56897 3.57179 3.57463 3.57756 3.58065 3.58387 3.58719 3.59053 3.59377 3.59674 3.59928
4.14091 4.11943 4.09608 4.07087 4.04379 4.01485 3.98406 3.95147 3.9171 3.88104 3.84336 3.80419 3.76367 3.72198 3.67936 3.63606 3.59242 3.5488 3.50563 3.4634 3.42265 3.38394 3.34788 3.31508 3.28611 3.2615 3.24171 3.22705 3.21768 3.21364 3.21475 3.22072 3.23108 3.24531 3.26277 3.28282 3.30481 3.32811 3.35213 3.37635 3.40031 3.42362 3.44596 3.46707 3.48676 3.50492 3.52147 3.5364 3.54972 3.5615 3.57185 3.58087 3.58872 3.59554 3.60149 3.60672 3.61138 3.6156 3.61946 3.62304 3.62639 3.6295 3.63234 3.63486 3.63695 3.63848 3.63932
4.13309 4.11093 4.08681 4.06071 4.03262 4.00252 3.97044 3.93638 3.90039 3.86251 3.82281 3.78142 3.73846 3.69411 3.6486 3.6022 3.55525 3.50814 3.46134 3.4154 3.37092 3.32858 3.28908 3.25316 3.22155 3.19493 3.17385 3.15874 3.14984 3.14719 3.15058 3.15963 3.17378 3.19236 3.2146 3.23973 3.26696 3.29558 3.32491 3.35436 3.38343 3.4117 3.43882 3.46454 3.48866 3.51104 3.53163 3.5504 3.56736 3.58258 3.59614 3.60816 3.61876 3.62807 3.63624 3.6434 3.64967 3.65517 3.65998 3.66417 3.66778 3.67081 3.67324 3.67503 3.6761 3.67635 3.67565
4.12534 4.10251 4.07761 4.05061 4.02147 3.9902 3.95678 3.92121 3.88351 3.84373 3.80191 3.75816 3.7126 3.66538 3.61674 3.56693 3.51631 3.4653 3.41439 3.36418 3.31537 3.26871 3.22508 3.18536 3.15045 3.12121 3.0984 3.08256 3.07403 3.07286 3.07881 3.09137 3.10985 3.13338 3.16102 3.19182 3.22485 3.25928 3.29433 3.32937 3.36382 3.39726 3.42931 3.45972 3.48829 3.5149 3.53947 3.56199 3.58248 3.601 3.61763 3.63248 3.64566 3.6573 3.66753 3.67646 3.68422 3.6909 3.69659 3.70134 3.7052 3.70817 3.71025 3.7114 3.71155 3.71063 3.70853
4.11782 4.09434 4.06866 4.04076 4.0106 3.97814 3.94337 3.90628 3.86685 3.82512 3.78113 3.73493 3.68665 3.63642 3.58445 3.531 3.47641 3.42112 3.36564 3.31063 3.25686 3.2052 3.15667 3.11236 3.07338 3.04086 3.01576 2.99885 2.99057 2.99102 2.99988 3.0165 3.03995 3.06913 3.10286 3.13997 3.17939 3.22011 3.26129 3.30221 3.34228 3.38103 3.41811 3.45324 3.48625 3.51701 3.54548 3.57164 3.59552 3.61719 3.63672 3.65423 3.66982 3.68362 3.69574 3.70631 3.71543 3.7232 3.72969 3.73496 3.73905 3.74198 3.74374 3.7443 3.74362 3.74163 3.73825
4.11069 4.08658 4.06016 4.0314 4.00024 3.96663 3.93054 3.89194 3.85081 3.80714 3.76096 3.7123 3.66126 3.60794 3.55253 3.49527 3.4365 3.37662 3.3162 3.2559 3.19657 3.1392 3.08497 3.0352 2.99128 2.95464 2.9266 2.90819 2.90004 2.90229 2.91453 2.93586 2.96505 3.00068 3.04126 3.08538 3.13173 3.17921 3.22685 3.27389 3.31973 3.36387 3.40598 3.4458 3.48317 3.51799 3.55021 3.57985 3.60695 3.63158 3.65383 3.67381 3.69164 3.70743 3.7213 3.73336 3.74372 3.75247 3.75968 3.76542 3.76972 3.77261 3.77407 3.7741 3.77266 3.76968 3.76511
4.10409 4.0794 4.05231 4.02274 3.99065 3.95595 3.91861 3.87858 3.8358 3.79026 3.74195 3.69089 3.63711 3.58072 3.52187 3.46075 3.39767 3.33303 3.26738 3.20141 3.13601 3.07227 3.01153 2.95536 2.90551 2.8638 2.832 2.81156 2.80339 2.80769 2.82388 2.85075 2.8866 2.92958 2.97782 3.02959 3.0834 3.13798 3.19232 3.24562 3.29725 3.34676 3.39382 3.4382 3.47977 3.51845 3.55424 3.58716 3.61727 3.64466 3.66942 3.69167 3.71154 3.72914 3.74459 3.758 3.76947 3.7791 3.78697 3.79312 3.79759 3.80043 3.80162 3.80115 3.799 3.79512 3.78944
4.09817 4.07299 4.04529 4.01501 3.98207 3.94639 3.90791 3.86655 3.82225 3.77497 3.72466 3.67132 3.61495 3.55561 3.49341 3.42851 3.36118 3.29176 3.22079 3.14893 3.07709 3.00644 2.93847 2.87498 2.8181 2.77019 2.73363 2.71049 2.70211 2.70879 2.72972 2.76311 2.80669 2.85797 2.91462 2.97462 3.03624 3.09813 3.15923 3.21874 3.27605 3.33075 3.38255 3.43126 3.47678 3.51908 3.55817 3.59411 3.62698 3.65688 3.68392 3.70823 3.72993 3.74915 3.76601 3.78062 3.79308 3.80349 3.81191 3.81842 3.82304 3.82581 3.82673 3.8258 3.82299 3.81826 3.81156
4.09309 4.0675 4.0393 4.00841 3.97475 3.93822 3.89873 3.85621 3.81057 3.76173 3.70964 3.65423 3.59551 3.53346 3.46817 3.39973 3.32836 3.25437 3.1782 3.1005 3.02214 2.94431 2.86858 2.79696 2.73199 2.67662 2.63409 2.60737 2.59853 2.60807 2.63471 2.67584 2.72825 2.78872 2.8544 2.92293 2.99248 3.06161 3.12929 3.19474 3.25742 3.31697 3.37315 3.42582 3.47495 3.52053 3.5626 3.60125 3.63658 3.66872 3.69778 3.7239 3.74722 3.76786 3.78595 3.8016 3.81492 3.82599 3.83489 3.84168 3.84641 3.8491 3.84977 3.8484 3.84497 3.83946 3.8318
4.08897 4.06308 4.0345 4.00314 3.9689 3.93168 3.89139 3.84791 3.80115 3.75101 3.6974 3.64025 3.57949 3.51511 3.44712 3.37557 3.30062 3.22249 3.14157 3.05842 2.97385 2.88899 2.80541 2.72525 2.65133 2.58726 2.53731 2.50586 2.49624 2.50928 2.54291 2.59312 2.65539 2.72564 2.80052 2.87748 2.95463 3.03056 3.1043 3.17515 3.24266 3.30652 3.36657 3.42274 3.47501 3.52344 3.5681 3.6091 3.64656 3.68061 3.71141 3.73909 3.76379 3.78564 3.80477 3.8213 3.83533 3.84695 3.85624 3.86326 3.86805 3.87064 3.87105 3.86926 3.86526 3.85901 3.85048
4.08594 4.05987 4.03105 3.99937 3.96473 3.92702 3.88613 3.84194 3.79433 3.7432 3.68843 3.62991 3.56757 3.50134 3.43119 3.35714 3.27927 3.19774 3.11286 3.02509 2.93513 2.84401 2.75321 2.66483 2.5818 2.50818 2.44933 2.41163 2.40073 2.41825 2.46044 2.5209 2.59351 2.67338 2.75691 2.84151 2.92536 3.00718 3.08608 3.16148 3.23302 3.30047 3.36373 3.42277 3.47764 3.52842 3.5752 3.61813 3.65733 3.69297 3.7252 3.75415 3.77998 3.80282 3.8228 3.84005 3.85465 3.86671 3.87629 3.88347 3.88827 3.89074 3.89089 3.8887 3.88417 3.87725 3.86791
4.0841 4.05799 4.02907 3.99724 3.9624 3.92441 3.88317 3.83855 3.79041 3.73864 3.68311 3.62369 3.56029 3.49281 3.42118 3.3454 3.26548 3.18155 3.09384 3.00271 2.90878 2.81294 2.71652 2.62146 2.53057 2.4479 2.37939 2.33355 2.32056 2.3441 2.39633 2.46716 2.54914 2.63715 2.72766 2.81824 2.90722 2.99348 3.07626 3.15506 3.2296 3.29973 3.36539 3.42659 3.48341 3.53596 3.58436 3.62875 3.6693 3.70616 3.73948 3.76941 3.79611 3.81972 3.84035 3.85814 3.87317 3.88554 3.89533 3.90259 3.90737 3.9097 3.90958 3.90701 3.90198 3.89446 3.88438
4.08352 4.05752 4.02867 3.99688 3.96203 3.924 3.88268 3.83792 3.7896 3.73759 3.68174 3.62194 3.55806 3.49 3.41768 3.34106 3.26015 3.17504 3.0859 2.99307 2.8971 2.79879 2.69937 2.60064 2.5052 2.41683 2.34111 2.2867 2.26997 2.30174 2.36289 2.44101 2.52889 2.62175 2.7163 2.81032 2.90225 2.99108 3.07611 3.15691 3.23325 3.30501 3.37214 3.43471 3.49278 3.54648 3.59594 3.64132 3.68277 3.72046 3.75454 3.78516 3.81247 3.8366 3.85769 3.87584 3.89116 3.90373 3.91363 3.92091 3.92561 3.92777 3.92739 3.92447 3.91898 3.9109 3.90018
4.08428 4.05852 4.02991 3.99835 3.96371 3.92589 3.88476 3.84018 3.79204 3.74019 3.68451 3.62486 3.56113 3.49321 3.42103 3.34455 3.26379 3.17882 3.08984 2.99719 2.90141 2.80334 2.70421 2.60584 2.51087 2.42313 2.34831 2.29526 2.27964 2.31048 2.37115 2.44914 2.53708 2.63012 2.72495 2.81931 2.91163 3.00087 3.08636 3.16764 3.24447 3.31673 3.38438 3.44745 3.50604 3.56025 3.61021 3.65607 3.69799 3.73612 3.77061 3.80161 3.82926 3.8537 3.87504 3.89339 3.90885 3.9215 3.93142 3.93865 3.94324 3.94521 3.94456 3.94131 3.93541 3.92685 3.91556
4.0864 4.06104 4.03284 4.00169 3.96749 3.93011 3.88945 3.84538 3.79778 3.74651 3.69147 3.63251 3.56956 3.50251 3.43131 3.35595 3.27647 3.19298 3.10573 3.01513 2.92178 2.82662 2.73103 2.63699 2.54738 2.46632 2.39977 2.35604 2.34445 2.36817 2.42024 2.49116 2.57355 2.66223 2.75362 2.84526 2.93543 3.02298 3.10712 3.18736 3.26338 3.33502 3.40222 3.46497 3.52334 3.57741 3.62731 3.67317 3.71512 3.7533 3.78787 3.81895 3.84669 3.87119 3.89259 3.91097 3.92643 3.93906 3.9489 3.95602 3.96045 3.96222 3.96132 3.95775 3.95149 3.9425 3.93073
4.0899 4.06509 4.03746 4.00691 3.97335 3.93667 3.89675 3.8535 3.80678 3.7565 3.70255 3.64482 3.58324 3.51775 3.44832 3.37499 3.29784 3.21706 3.13296 3.04604 2.95704 2.86701 2.7775 2.69063 2.60942 2.53792 2.48142 2.44603 2.43698 2.45571 2.49877 2.56015 2.63388 2.71514 2.80031 2.88677 2.97266 3.05666 3.13788 3.21569 3.28971 3.35971 3.42554 3.48718 3.54464 3.59798 3.64728 3.69265 3.73422 3.77209 3.80641 3.83729 3.86486 3.88922 3.91048 3.92874 3.94408 3.95656 3.96626 3.97321 3.97744 3.97898 3.97783 3.97398 3.9674 3.95806 3.94591
4.09477 4.07064 4.04374 4.01397 3.98125 3.94549 3.90658 3.86443 3.81893 3.77001 3.71757 3.66154 3.60188 3.53856 3.47161 3.40109 3.32717 3.25011 3.17031 3.08835 3.00508 2.92168 2.83976 2.7615 2.68976 2.62811 2.58075 2.55188 2.54463 2.55975 2.59529 2.64741 2.71174 2.78427 2.86168 2.94139 3.0215 3.10057 3.1776 3.25186 3.32288 3.39034 3.45403 3.51385 3.56978 3.62182 3.67004 3.71449 3.75529 3.79251 3.82628 3.85669 3.88386 3.90788 3.92884 3.94682 3.96191 3.97416 3.98362 3.99035 3.99435 3.99566 3.99426 3.99016 3.98331 3.97369 3.96125
4.10097 4.07765 4.05162 4.0228 3.99111 3.95647 3.9188 3.87802 3.83404 3.7868 3.73625 3.68234 3.62506 3.56443 3.50052 3.43346 3.36348 3.29089 3.21618 3.14002 3.06332 2.9873 2.91358 2.8442 2.78171 2.72905 2.68939 2.66562 2.65971 2.6721 2.70158 2.74561 2.80107 2.86479 2.93394 3.00619 3.07966 3.15292 3.2249 3.29479 3.36204 3.42625 3.48714 3.54457 3.59844 3.64872 3.69541 3.73857 3.77825 3.81452 3.84746 3.87717 3.90373 3.92721 3.94771 3.96529 3.98001 3.99193 4.0011 4.00755 4.0113 4.01237 4.01074 4.00641 3.99935 3.98952 3.97688
4.10845 4.08606 4.06103 4.03331 4.00281 3.96948 3.93325 3.89406 3.85185 3.80658 3.75823 3.70678 3.65225 3.59472 3.53429 3.47115 3.40557 3.33795 3.26881 3.19887 3.12908 3.06062 2.99502 2.93412 2.88006 2.8352 2.80189 2.78214 2.77725 2.78752 2.81213 2.84935 2.89693 2.95243 3.01354 3.07822 3.14477 3.2118 3.27823 3.34323 3.40619 3.46663 3.52425 3.57883 3.63021 3.67833 3.72316 3.76469 3.80296 3.83801 3.8699 3.89869 3.92445 3.94724 3.96713 3.98418 3.99845 4.00996 4.01878 4.02491 4.02839 4.0292 4.02736 4.02284 4.01562 4.00566 3.99291
