data/70055_lisa.smith_molt_lat_elev_map/70055_lisa.smith_molt_lat_elev_map/stdkrig.asc
ncols 411
nrows 282
xllcorner -103.69999694824219
yllcorner 24.299999246460544
cellsize 0.0833333333
NODATA_value -9999
[rows 30 to 59 of 282, columns 268 to 334 of 411]
4.09394 4.10346 4.11201 4.11964 4.12641 4.13237 4.13756 4.14201 4.14576 4.14883 4.15125 4.15304 4.1542 4.15475 4.15468 4.15399 4.15268 4.15072 4.1481 4.1448 4.14078 4.13602 4.13048 4.12412 4.11689 4.10874 4.09963 4.08951 4.0783 4.06596 4.05243 4.03763 4.02151 4.00399 3.985 3.96447 3.94233 3.9185 3.8929 3.86544 3.83606 3.80466 3.77117 3.73549 3.69755 3.65725 3.61452 3.56927 3.52143 3.47092 3.41768 3.36166 3.30282 3.24115 3.17665 3.10937 3.03941 2.96694 2.89218 2.8155 2.73739 2.65855 2.57992 2.50279 2.42895 2.36081 2.30181
4.07837 4.08708 4.09487 4.1018 4.10792 4.11327 4.11791 4.12186 4.12517 4.12786 4.12995 4.13147 4.13241 4.1328 4.13262 4.13188 4.13055 4.12864 4.12611 4.12294 4.11909 4.11454 4.10924 4.10315 4.09622 4.0884 4.07965 4.06989 4.05907 4.04714 4.03402 4.01966 4.00398 3.98691 3.96839 3.94834 3.92669 3.90336 3.87828 3.85137 3.82255 3.79174 3.75886 3.72384 3.68659 3.64703 3.6051 3.56071 3.5138 3.46431 3.41219 3.35741 3.29993 3.23977 3.17696 3.11157 3.04374 2.97367 2.90164 2.82807 2.75352 2.67878 2.60491 2.53333 2.46594 2.40532 2.35482
4.06189 4.06968 4.07661 4.08273 4.0881 4.09277 4.09678 4.10018 4.10299 4.10524 4.10697 4.10818 4.10889 4.1091 4.10881 4.10802 4.1067 4.10485 4.10244 4.09943 4.0958 4.09151 4.08651 4.08075 4.07419 4.06678 4.05845 4.04914 4.0388 4.02737 4.01476 4.00093 3.9858 3.96931 3.95137 3.93193 3.9109 3.88822 3.86382 3.83762 3.80954 3.77952 3.74748 3.71335 3.67707 3.63855 3.59774 3.55459 3.50903 3.46102 3.41054 3.35757 3.30211 3.2442 3.18391 3.12134 3.05669 2.99019 2.92221 2.85323 2.78388 2.71504 2.64782 2.5837 2.52452 2.47258 2.43051
4.04434 4.05109 4.05704 4.06225 4.06678 4.07068 4.07399 4.07675 4.07901 4.08078 4.0821 4.08298 4.08343 4.08345 4.08305 4.08221 4.08092 4.07916 4.07689 4.07409 4.07073 4.06675 4.06211 4.05675 4.05064 4.0437 4.03587 4.02711 4.01733 4.00648 3.99449 3.98129 3.96682 3.951 3.93376 3.91504 3.89477 3.87288 3.8493 3.82396 3.7968 3.76775 3.73675 3.70373 3.66865 3.63144 3.59205 3.55045 3.5066 3.46048 3.41208 3.36142 3.30853 3.25348 3.19637 3.13737 3.0767 3.01466 2.95166 2.88823 2.82507 2.76305 2.70329 2.64714 2.59621 2.55232 2.51732
4.02552 4.03112 4.03598 4.04018 4.04377 4.0468 4.04933 4.05139 4.05302 4.05426 4.05513 4.05564 4.05581 4.05564 4.05512 4.05424 4.053 4.05135 4.04927 4.04673 4.04367 4.04006 4.03585 4.03097 4.02537 4.01898 4.01175 4.00361 3.99448 3.98431 3.97303 3.96056 3.94684 3.9318 3.91537 3.89749 3.87808 3.8571 3.83447 3.81013 3.78403 3.75611 3.72631 3.6946 3.66092 3.62523 3.58751 3.54774 3.50589 3.46198 3.41602 3.36805 3.31814 3.2664 3.21297 3.15805 3.10189 3.04484 2.98734 2.92995 2.87334 2.81837 2.76605 2.71753 2.67412 2.63716 2.60791
4.00526 4.00957 4.01323 4.01631 4.01885 4.02093 4.02258 4.02386 4.02481 4.02546 4.02583 4.02594 4.0258 4.02542 4.02479 4.02389 4.02271 4.02121 4.01936 4.01712 4.01443 4.01126 4.00754 4.0032 3.9982 3.99245 3.9859 3.97846 3.97008 3.96068 3.9502 3.93855 3.92568 3.91151 3.89599 3.87904 3.86061 3.84063 3.81906 3.79584 3.77092 3.74425 3.7158 3.68553 3.65341 3.61942 3.58355 3.5458 3.50618 3.4647 3.42143 3.37643 3.32979 3.28166 3.2322 3.18164 3.13027 3.07844 3.02661 2.97532 2.92521 2.87704 2.83167 2.79007 2.75322 2.7221 2.69755
3.98337 3.98627 3.9886 3.99043 3.99182 3.99283 3.99353 3.99394 3.99413 3.99413 3.99395 3.99363 3.99317 3.99257 3.99182 3.99091 3.98982 3.9885 3.98692 3.98504 3.98279 3.98012 3.97697 3.97326 3.96893 3.96391 3.95812 3.95149 3.94394 3.93541 3.92581 3.91507 3.90314 3.88993 3.8754 3.85947 3.8421 3.82322 3.8028 3.78078 3.75713 3.73181 3.7048 3.67608 3.64563 3.61346 3.57956 3.54396 3.5067 3.46781 3.42738 3.38549 3.34227 3.29788 3.25251 3.20641 3.15987 3.11326 3.06701 3.02162 2.97766 2.9358 2.89674 2.86125 2.83005 2.80384 2.78318
3.95967 3.96102 3.96189 3.96235 3.96247 3.96231 3.96193 3.9614 3.96075 3.96002 3.95925 3.95846 3.95764 3.95681 3.95596 3.95505 3.95408 3.95299 3.95173 3.95026 3.94852 3.94643 3.94393 3.94094 3.93738 3.93317 3.92824 3.92251 3.91588 3.9083 3.89967 3.88994 3.87902 3.86686 3.85339 3.83856 3.82231 3.8046 3.78538 3.76463 3.74231 3.7184 3.69289 3.66578 3.63707 3.60676 3.5749 3.54152 3.50667 3.47043 3.43288 3.39415 3.35438 3.31374 3.27244 3.23074 3.18893 3.14735 3.10641 3.06655 3.02828 2.99214 2.95871 2.92856 2.90223 2.8802 2.86284
3.93397 3.93363 3.9329 3.93186 3.93057 3.92912 3.92757 3.92598 3.92441 3.92289 3.92147 3.92015 3.91896 3.91789 3.91693 3.91605 3.91523 3.9144 3.91354 3.91255 3.91139 3.90997 3.90821 3.90603 3.90333 3.90004 3.89607 3.89132 3.88572 3.87917 3.87161 3.86295 3.85313 3.84208 3.82974 3.81606 3.80099 3.78449 3.76653 3.74708 3.72612 3.70364 3.67966 3.65417 3.62719 3.59877 3.56894 3.53777 3.50532 3.4717 3.43701 3.40139 3.36499 3.32801 3.29065 3.25317 3.21585 3.17902 3.14303 3.10827 3.07518 3.04419 3.01574 2.99028 2.96818 2.94978 2.93529
3.90611 3.90394 3.90145 3.89876 3.89593 3.89305 3.8902 3.88745 3.88486 3.88247 3.88032 3.87844 3.87684 3.87552 3.87446 3.87363 3.873 3.8725 3.87208 3.87166 3.87117 3.87051 3.86959 3.86832 3.8666 3.86433 3.86141 3.85776 3.85327 3.84786 3.84144 3.83394 3.82528 3.81541 3.80425 3.79177 3.77791 3.76265 3.74595 3.72781 3.70821 3.68717 3.66468 3.64079 3.61552 3.58893 3.56108 3.53205 3.50193 3.47083 3.43889 3.40625 3.37307 3.33957 3.30594 3.27243 3.23931 3.20687 3.17544 3.14534 3.11692 3.09054 3.06653 3.04521 3.02686 3.01167 2.99976
3.87595 3.87176 3.86737 3.86285 3.85833 3.85388 3.8496 3.84556 3.84184 3.83848 3.83554 3.83304 3.831 3.82941 3.82826 3.82751 3.82711 3.827 3.82711 3.82735 3.82762 3.82783 3.82787 3.82762 3.82699 3.82585 3.82411 3.82165 3.81838 3.81419 3.809 3.80274 3.79531 3.78666 3.77673 3.76548 3.75285 3.73883 3.7234 3.70655 3.68828 3.66862 3.64758 3.62521 3.60156 3.57671 3.55073 3.52372 3.49579 3.46707 3.4377 3.40785 3.37769 3.34742 3.31725 3.28742 3.25818 3.22977 3.2025 3.17662 3.15243 3.13019 3.11016 3.09256 3.07757 3.06531 3.05581
3.84335 3.83698 3.83049 3.82398 3.81758 3.8114 3.80552 3.80006 3.79508 3.79066 3.78684 3.78366 3.78114 3.77927 3.77804 3.77739 3.77728 3.77764 3.77836 3.77935 3.78051 3.78171 3.78283 3.78374 3.78432 3.78445 3.78399 3.78284 3.78089 3.77802 3.77415 3.76919 3.76306 3.75568 3.74701 3.737 3.72562 3.71283 3.69863 3.68303 3.66603 3.64767 3.62799 3.60704 3.58489 3.56164 3.53738 3.51222 3.48629 3.45974 3.43273 3.40543 3.37803 3.35072 3.32372 3.29724 3.27153 3.2468 3.2233 3.20126 3.1809 3.16242 3.14601 3.13181 3.11992 3.11039 3.10321
3.80823 3.79947 3.79068 3.78199 3.77352 3.76541 3.75777 3.75071 3.74434 3.73872 3.73393 3.73 3.72696 3.72479 3.72349 3.72299 3.72324 3.72413 3.72558 3.72745 3.72961 3.73194 3.73428 3.73649 3.73843 3.73995 3.74092 3.7412 3.74068 3.73924 3.73677 3.73318 3.7284 3.72234 3.71495 3.7062 3.69604 3.68446 3.67145 3.65703 3.64122 3.62406 3.60561 3.58593 3.56513 3.54329 3.52055 3.49703 3.47287 3.44825 3.42333 3.39831 3.37337 3.34872 3.32457 3.30113 3.2786 3.25721 3.23714 3.2186 3.20174 3.18671 3.17364 3.1626 3.15364 3.14675 3.14187
3.77052 3.75916 3.74786 3.73675 3.726 3.71575 3.70614 3.69731 3.68937 3.68242 3.67653 3.67177 3.66815 3.66568 3.66432 3.66401 3.66469 3.66623 3.66851 3.67139 3.67472 3.67833 3.68205 3.68572 3.68918 3.69224 3.69478 3.69662 3.69765 3.69773 3.69675 3.69462 3.69123 3.68653 3.68045 3.67294 3.66399 3.65357 3.64168 3.62836 3.61363 3.59754 3.58017 3.5616 3.54194 3.52131 3.49984 3.4777 3.45505 3.43207 3.40895 3.3859 3.36311 3.3408 3.31917 3.29844 3.27879 3.26041 3.24348 3.22814 3.21451 3.20271 3.19278 3.18476 3.17863 3.17435 3.1718
3.73022 3.71603 3.70196 3.6882 3.67491 3.66228 3.65047 3.63964 3.62994 3.62149 3.61438 3.60868 3.60443 3.60162 3.60022 3.60017 3.60135 3.60365 3.60691 3.61096 3.61562 3.6207 3.62599 3.6313 3.63644 3.64122 3.64547 3.64902 3.65173 3.65344 3.65405 3.65343 3.6515 3.64819 3.64342 3.63716 3.62938 3.62006 3.60923 3.59689 3.58311 3.56794 3.55147 3.5338 3.51506 3.49538 3.47493 3.45389 3.43243 3.41078 3.38913 3.36771 3.34673 3.32643 3.307 3.28865 3.27157 3.25593 3.24187 3.2295 3.21891 3.21016 3.20325 3.19818 3.19486 3.19322 3.19311
3.68739 3.67011 3.65302 3.63631 3.6202 3.60491 3.59063 3.57755 3.56587 3.55571 3.54722 3.54047 3.53551 3.53234 3.53092 3.53117 3.53298 3.53617 3.54057 3.54598 3.55217 3.55891 3.56597 3.57312 3.58014 3.58682 3.59296 3.59837 3.60288 3.60634 3.60863 3.60961 3.60919 3.6073 3.60385 3.59882 3.59217 3.5839 3.57402 3.56256 3.54958 3.53515 3.51938 3.50238 3.4843 3.4653 3.44556 3.42528 3.40469 3.384 3.36347 3.34332 3.32381 3.30516 3.2876 3.27134 3.25655 3.24339 3.23197 3.2224 3.21471 3.20891 3.20497 3.20283 3.20238 3.20348 3.20595
3.64215 3.62151 3.60109 3.58114 3.5619 3.54362 3.52656 3.51094 3.49699 3.4849 3.47483 3.46688 3.46112 3.45756 3.45614 3.45678 3.45932 3.46357 3.46931 3.47628 3.48422 3.49286 3.50193 3.51114 3.52026 3.52903 3.53723 3.54465 3.55112 3.55645 3.56051 3.56317 3.56432 3.56388 3.56177 3.55795 3.55239 3.54509 3.53606 3.52535 3.51301 3.49914 3.48385 3.46727 3.44956 3.43092 3.41156 3.3917 3.37159 3.35149 3.33168 3.31243 3.294 3.27665 3.26063 3.24614 3.23338 3.22247 3.21354 3.20662 3.20174 3.19887 3.19792 3.19878 3.2013 3.20528 3.21053
3.59474 3.57044 3.54638 3.52284 3.50011 3.47849 3.45827 3.43976 3.42323 3.40892 3.39703 3.38771 3.38104 3.37704 3.37566 3.37677 3.38019 3.38569 3.39298 3.40177 3.41172 3.42252 3.43384 3.44537 3.4568 3.46787 3.47833 3.48794 3.4965 3.50383 3.50977 3.51418 3.51696 3.518 3.51723 3.51461 3.5101 3.5037 3.49543 3.48533 3.47347 3.45995 3.44489 3.42846 3.41083 3.39222 3.37287 3.35303 3.333 3.31307 3.29356 3.27478 3.25704 3.24062 3.22579 3.21279 3.2018 3.19296 3.18636 3.18203 3.17995 3.18003 3.18215 3.18613 3.19179 3.19887 3.20712
3.54547 3.51722 3.48918 3.46169 3.43507 3.40969 3.38591 3.3641 3.3446 3.32772 3.31373 3.30282 3.2951 3.29061 3.28929 3.29098 3.29545 3.30242 3.31153 3.32242 3.33468 3.34793 3.36178 3.37587 3.38986 3.40345 3.41636 3.42832 3.43913 3.44858 3.45651 3.46277 3.46723 3.46979 3.47039 3.46895 3.46545 3.45988 3.45227 3.44264 3.43109 3.41772 3.40266 3.38609 3.36821 3.34927 3.32953 3.30929 3.28889 3.26868 3.24901 3.23025 3.21276 3.19687 3.18289 3.17107 3.16162 3.15469 3.15033 3.14856 3.14931 3.15244 3.15778 3.16509 3.1741 3.18453 3.19608
3.49482 3.46231 3.42995 3.39811 3.36717 3.33757 3.30975 3.28415 3.26123 3.24137 3.22492 3.21215 3.20322 3.19817 3.19693 3.19933 3.20506 3.21377 3.225 3.2383 3.2532 3.26921 3.28589 3.30282 3.31962 3.33595 3.35149 3.36598 3.37918 3.39088 3.4009 3.40908 3.4153 3.41944 3.42141 3.42116 3.41865 3.41386 3.4068 3.39754 3.38613 3.3727 3.35739 3.34039 3.32193 3.30227 3.28172 3.26064 3.23939 3.21839 3.19805 3.17881 3.1611 3.14531 3.13179 3.12086 3.11274 3.10756 3.10541 3.10623 3.10991 3.11627 3.12504 3.13593 3.1486 3.16269 3.17783
3.44339 3.40634 3.36931 3.33272 3.297 3.26268 3.23027 3.20035 3.17345 3.15011 3.13077 3.1158 3.10543 3.09973 3.09863 3.10188 3.10912 3.11987 3.13358 3.14966 3.16754 3.18665 3.20646 3.2265 3.24634 3.26561 3.28397 3.30114 3.31687 3.33093 3.34315 3.35335 3.3614 3.36716 3.37056 3.37151 3.36997 3.36592 3.35936 3.35034 3.33894 3.32525 3.30946 3.29174 3.27235 3.25159 3.22981 3.20738 3.18476 3.16242 3.14086 3.12059 3.10213 3.08596 3.07251 3.06214 3.05512 3.0516 3.05163 3.05514 3.06194 3.07177 3.08429 3.09909 3.11576 3.13385 3.15294
3.39195 3.35012 3.30811 3.26637 3.22542 3.18584 3.14826 3.11337 3.08186 3.05442 3.03166 3.01406 3.00197 2.99551 2.99458 2.99888 3.00792 3.02108 3.03766 3.05692 3.07815 3.10069 3.12392 3.14731 3.1704 3.19278 3.21411 3.23409 3.25246 3.26901 3.28352 3.29583 3.30579 3.31326 3.31814 3.32033 3.31979 3.31646 3.31036 3.30151 3.28998 3.27589 3.25939 3.24068 3.22004 3.19779 3.17431 3.15005 3.1255 3.10122 3.07782 3.0559 3.0361 3.01902 3.00517 2.99502 2.98888 2.98693 2.9892 2.99556 3.00575 3.01939 3.03603 3.05515 3.07623 3.09872 3.12213
3.34143 3.29465 3.24742 3.20021 3.15359 3.10821 3.06483 3.02427 2.98741 2.95515 2.92829 2.90753 2.89336 2.88598 2.88527 2.89085 2.90204 2.91804 2.93792 2.96077 2.98572 3.01198 3.03886 3.06579 3.09227 3.11788 3.14228 3.16517 3.18629 3.2054 3.22231 3.23683 3.2488 3.25807 3.26451 3.26802 3.26852 3.26596 3.26031 3.2516 3.23987 3.22524 3.20786 3.18794 3.16575 3.14164 3.11602 3.0894 3.06234 3.03549 3.00956 2.9853 2.96349 2.94487 2.93012 2.9198 2.91432 2.91388 2.9185 2.92796 2.94189 2.95978 2.98101 3.00493 3.03088 3.0582 3.0863
3.29293 3.24116 3.18858 3.13566 3.08302 3.03137 2.98157 2.93462 2.89159 2.85362 2.82185 2.79725 2.78052 2.77201 2.7716 2.77873 2.79251 2.81181 2.83545 2.86228 2.89124 2.92143 2.95211 2.98265 3.01256 3.04144 3.06894 3.09477 3.11869 3.14045 3.15985 3.1767 3.1908 3.20198 3.21011 3.21505 3.21669 3.21497 3.20983 3.20128 3.18934 3.17412 3.15574 3.13442 3.11044 3.08414 3.05599 3.02651 2.99636 2.96626 2.93708 2.90971 2.88511 2.86424 2.84797 2.83704 2.83197 2.83303 2.84017 2.85309 2.87124 2.89392 2.92031 2.94958 2.98088 3.01345 3.0466
3.24767 3.19103 3.13315 3.07448 3.01564 2.95739 2.90068 2.84662 2.79655 2.75192 2.71423 2.68489 2.665 2.65509 2.65505 2.6641 2.68096 2.70407 2.73189 2.76297 2.79608 2.83024 2.86466 2.89872 2.93197 2.96401 2.99455 3.02331 3.05004 3.07452 3.09651 3.1158 3.13217 3.14544 3.15542 3.16195 3.1649 3.16415 3.15964 3.15134 3.13926 3.12346 3.10406 3.08126 3.05533 3.02662 2.99559 2.96283 2.92903 2.89504 2.86183 2.8305 2.80225 2.77828 2.75977 2.7477 2.74277 2.74533 2.75527 2.77213 2.79512 2.82326 2.85545 2.89063 2.92777 2.96597 3.00444
3.20693 3.14578 3.08288 3.01868 2.95375 2.88886 2.82497 2.76332 2.70543 2.6531 2.60833 2.57314 2.54924 2.53759 2.53806 2.54948 2.56996 2.59733 2.62957 2.66493 2.70204 2.73989 2.77771 2.81496 2.85122 2.88619 2.9196 2.95119 2.98073 3.00797 3.03266 3.05455 3.07339 3.08895 3.101 3.10935 3.11381 3.11425 3.11057 3.1027 3.09062 3.07436 3.05403 3.02979 3.00188 2.97066 2.93657 2.90021 2.86233 2.82385 2.78588 2.74972 2.71683 2.68879 2.66716 2.65329 2.6482 2.65231 2.66546 2.68691 2.7155 2.74984 2.78851 2.83015 2.87354 2.91762 2.96155
3.17197 3.1069 3.0396 2.97044 2.89993 2.82878 2.75793 2.68863 2.62251 2.56165 2.50858 2.46617 2.43713 2.42324 2.42444 2.43881 2.46342 2.49523 2.5317 2.57086 2.61131 2.6521 2.69258 2.73234 2.77107 2.80855 2.84454 2.87882 2.91113 2.9412 2.96873 2.99343 3.01497 3.03308 3.04748 3.05792 3.06419 3.0661 3.06352 3.05634 3.04452 3.02805 3.007 2.9815 2.95178 2.91813 2.88099 2.84096 2.79877 2.7554 2.71207 2.67026 2.63174 2.59851 2.57269 2.55621 2.55056 2.55636 2.57329 2.60016 2.63524 2.67659 2.72235 2.77084 2.82067 2.87067 2.91994
3.14388 3.07576 3.00498 2.93184 2.85677 2.78036 2.70347 2.62726 2.55332 2.48381 2.4216 2.37045 2.3347 2.31791 2.32027 2.33823 2.36705 2.40272 2.44233 2.48393 2.52628 2.56863 2.61054 2.65178 2.69216 2.73155 2.76976 2.80655 2.84162 2.87463 2.90521 2.93296 2.95752 2.97851 2.99559 3.00847 3.01689 3.02061 3.01947 3.01334 3.00213 2.9858 2.9644 2.93802 2.90683 2.8711 2.83122 2.78774 2.74137 2.69309 2.64414 2.59614 2.55113 2.51157 2.48029 2.46014 2.45343 2.46115 2.48267 2.51599 2.5585 2.60751 2.66068 2.71607 2.77214 2.8277 2.88187
3.12344 3.05337 2.98034 2.90458 2.82645 2.74644 2.66528 2.58401 2.50404 2.42736 2.35676 2.29624 2.25174 2.23106 2.23546 2.25695 2.28849 2.3257 2.36587 2.40735 2.44924 2.49106 2.53265 2.57396 2.61497 2.65558 2.69562 2.73477 2.77264 2.80878 2.84268 2.87384 2.90177 2.92601 2.94617 2.96187 2.97282 2.97875 2.97946 2.97479 2.96463 2.94893 2.92768 2.90096 2.86889 2.8317 2.78973 2.74346 2.69355 2.64089 2.58671 2.53263 2.4808 2.43406 2.396 2.37079 2.36229 2.37235 2.39959 2.44049 2.49106 2.54784 2.6081 2.66976 2.73128 2.79152 2.84966
3.11102 3.04023 2.96637 2.88962 2.81028 2.72881 2.64586 2.56238 2.47967 2.39957 2.32464 2.25852 2.20675 2.18115 2.18605 2.20643 2.23552 2.26947 2.30593 2.34359 2.38182 2.42046 2.45957 2.49932 2.53979 2.58091 2.62244 2.66392 2.70477 2.74434 2.78195 2.81692 2.84865 2.87657 2.9002 2.91913 2.933 2.94155 2.94453 2.94178 2.93318 2.91865 2.89819 2.87182 2.83967 2.80192 2.75887 2.71093 2.65869 2.60298 2.54489 2.48596 2.42826 2.37464 2.3291 2.29717 2.28574 2.29894 2.33335 2.38233 2.44046 2.50383 2.56967 2.63599 2.70137 2.76477 2.82548
