data/70055_lisa.smith_molt_lat_elev_map/70055_lisa.smith_molt_lat_elev_map/stdkrig.asc
ncols 411
nrows 282
xllcorner -103.69999694824219
yllcorner 24.299999246460544
cellsize 0.0833333333
NODATA_value -9999
[rows 240 to 269 of 282, columns 67 to 133 of 411]
3.20442 3.16948 3.14196 3.12281 3.11268 3.11184 3.12013 3.13699 3.16152 3.19259 3.22896 3.26939 3.31271 3.35789 3.40405 3.45047 3.49658 3.54197 3.58631 3.6294 3.67111 3.71138 3.75019 3.78754 3.8235 3.85809 3.8914 3.92348 3.9544 3.98421 4.01296 4.04071 4.06748 4.09332 4.11824 4.14227 4.16542 4.18769 4.20911 4.22967 4.24938 4.26825 4.28627 4.30347 4.31983 4.33537 4.3501 4.36402 4.37716 4.38951 4.4011 4.41193 4.42204 4.43142 4.4401 4.44811 4.45545 4.46216 4.46824 4.47373 4.47864 4.483 4.48683 4.49015 4.49299 4.49537 4.49732
3.29746 3.26726 3.24363 3.22726 3.21864 3.21796 3.2251 3.23962 3.26084 3.28788 3.31977 3.3555 3.3941 3.43468 3.47647 3.5188 3.56115 3.60309 3.6443 3.68455 3.72367 3.76157 3.79821 3.83356 3.86763 3.90046 3.93208 3.96253 3.99188 4.02017 4.04743 4.07372 4.09906 4.12349 4.14703 4.1697 4.19153 4.21252 4.23269 4.25204 4.27059 4.28834 4.30529 4.32147 4.33686 4.35149 4.36536 4.37848 4.39086 4.40251 4.41345 4.4237 4.43325 4.44215 4.45039 4.458 4.465 4.4714 4.47722 4.48249 4.48722 4.49145 4.49517 4.49843 4.50124 4.50362 4.5056
3.38724 3.36108 3.34069 3.32664 3.31927 3.31872 3.32489 3.33745 3.35587 3.37945 3.40742 3.43898 3.47331 3.50967 3.54737 3.58582 3.62452 3.66308 3.70118 3.73856 3.77505 3.81054 3.84495 3.87823 3.91037 3.94139 3.97129 4.00011 4.02789 4.05466 4.08045 4.10531 4.12926 4.15233 4.17454 4.19593 4.21649 4.23626 4.25525 4.27346 4.29091 4.3076 4.32355 4.33876 4.35324 4.367 4.38005 4.3924 4.40407 4.41506 4.42538 4.43506 4.4441 4.45252 4.46033 4.46756 4.47421 4.48032 4.48588 4.49094 4.49549 4.49957 4.50319 4.50637 4.50913 4.5115 4.51349
3.47318 3.45045 3.43282 3.4207 3.41436 3.41392 3.41928 3.43018 3.4462 3.46681 3.49138 3.51926 3.54977 3.58228 3.6162 3.65101 3.68626 3.72156 3.75662 3.79119 3.82507 3.85814 3.89031 3.9215 3.9517 3.98089 4.00906 4.03625 4.06246 4.08773 4.11208 4.13554 4.15813 4.17989 4.20083 4.22098 4.24035 4.25896 4.27682 4.29395 4.31035 4.32605 4.34104 4.35534 4.36895 4.3819 4.39417 4.4058 4.41678 4.42714 4.43688 4.44601 4.45455 4.46251 4.46992 4.47677 4.4831 4.48891 4.49422 4.49906 4.50343 4.50736 4.51087 4.51396 4.51667 4.51901 4.521
3.55495 3.53515 3.51984 3.50935 3.50388 3.50352 3.50819 3.51768 3.53167 3.54971 3.57132 3.59595 3.62306 3.6521 3.68257 3.71401 3.74601 3.77823 3.81038 3.84221 3.87355 3.90425 3.93419 3.96332 3.99158 4.01895 4.04541 4.07097 4.09563 4.11942 4.14236 4.16445 4.18574 4.20622 4.22594 4.2449 4.26313 4.28063 4.29743 4.31353 4.32895 4.3437 4.35778 4.37122 4.38402 4.39618 4.40773 4.41866 4.429 4.43875 4.44793 4.45654 4.46461 4.47214 4.47914 4.48564 4.49165 4.49717 4.50224 4.50686 4.51105 4.51483 4.51821 4.52122 4.52387 4.52617 4.52815
3.63236 3.61507 3.60174 3.59263 3.5879 3.5876 3.59168 3.59997 3.6122 3.62804 3.64707 3.66885 3.69293 3.71886 3.74619 3.77453 3.80353 3.83285 3.86224 3.89147 3.92035 3.94874 3.97652 4.00362 4.02998 4.05555 4.08033 4.10429 4.12743 4.14978 4.17133 4.1921 4.21211 4.23137 4.24991 4.26774 4.28487 4.30132 4.3171 4.33222 4.34671 4.36056 4.37379 4.38641 4.39843 4.40986 4.42072 4.431 4.44072 4.4499 4.45855 4.46666 4.47427 4.48138 4.48801 4.49416 4.49986 4.50511 4.50993 4.51434 4.51835 4.52198 4.52524 4.52815 4.53072 4.53298 4.53493
3.70536 3.69023 3.6786 3.67066 3.66654 3.6663 3.66987 3.67713 3.68786 3.70178 3.71857 3.73785 3.75925 3.78238 3.80688 3.8324 3.85862 3.88525 3.91206 3.93881 3.96535 3.99153 4.01723 4.04236 4.06687 4.0907 4.11382 4.13622 4.15789 4.17882 4.19903 4.21852 4.23729 4.25538 4.27278 4.28952 4.3056 4.32105 4.33586 4.35006 4.36366 4.37666 4.38908 4.40093 4.41221 4.42295 4.43314 4.44281 4.45195 4.46058 4.46872 4.47637 4.48354 4.49025 4.49651 4.50233 4.50773 4.51271 4.5173 4.5215 4.52533 4.52881 4.53194 4.53475 4.53725 4.53945 4.54138
3.774 3.76073 3.75054 3.7436 3.74002 3.73981 3.74295 3.74933 3.75876 3.77102 3.78584 3.80292 3.82194 3.84259 3.86454 3.88749 3.91117 3.93532 3.95971 3.98415 4.00848 4.03255 4.05626 4.0795 4.10222 4.12437 4.14589 4.16678 4.18701 4.20658 4.22549 4.24373 4.26133 4.27828 4.29459 4.31029 4.32537 4.33985 4.35375 4.36706 4.37982 4.39201 4.40366 4.41478 4.42537 4.43545 4.44502 4.45409 4.46269 4.4708 4.47846 4.48566 4.49241 4.49874 4.50465 4.51015 4.51526 4.51999 4.52434 4.52834 4.532 4.53532 4.53833 4.54104 4.54346 4.5456 4.54748
3.83835 3.82669 3.81775 3.81167 3.80854 3.80837 3.81113 3.81674 3.82504 3.83586 3.84897 3.86411 3.88104 3.89946 3.91912 3.93975 3.96111 3.98298 4.00514 4.02743 4.04968 4.07176 4.09358 4.11502 4.13604 4.15656 4.17655 4.19598 4.21483 4.23308 4.25073 4.26779 4.28424 4.3001 4.31537 4.33007 4.3442 4.35776 4.37078 4.38326 4.39521 4.40664 4.41757 4.42799 4.43792 4.44737 4.45635 4.46487 4.47294 4.48057 4.48776 4.49454 4.5009 4.50686 4.51244 4.51763 4.52246 4.52694 4.53107 4.53487 4.53835 4.54153 4.54441 4.54702 4.54935 4.55143 4.55327
3.89856 3.88829 3.88043 3.8751 3.87235 3.87221 3.87464 3.87958 3.88691 3.89647 3.90807 3.92152 3.93658 3.95303 3.97063 3.98917 4.00842 4.0282 4.04831 4.06859 4.08891 4.10913 4.12916 4.14891 4.1683 4.18728 4.2058 4.22384 4.24136 4.25835 4.2748 4.2907 4.30606 4.32088 4.33516 4.3489 4.36211 4.37481 4.38699 4.39868 4.40987 4.42057 4.43081 4.44057 4.44988 4.45874 4.46716 4.47515 4.48273 4.48989 4.49665 4.50302 4.509 4.51462 4.51987 4.52478 4.52934 4.53357 4.53749 4.5411 4.54441 4.54744 4.5502 4.5527 4.55494 4.55695 4.55874
3.95478 3.94572 3.9388 3.93411 3.93169 3.93158 3.93373 3.93809 3.94456 3.95302 3.9633 3.97525 3.98866 4.00335 4.01912 4.03577 4.05311 4.07098 4.08921 4.10765 4.12617 4.14466 4.16301 4.18116 4.19902 4.21653 4.23366 4.25036 4.26662 4.2824 4.29771 4.31252 4.32683 4.34065 4.35398 4.36681 4.37916 4.39102 4.40241 4.41334 4.42381 4.43383 4.4434 4.45255 4.46126 4.46956 4.47745 4.48495 4.49205 4.49877 4.50512 4.5111 4.51673 4.52201 4.52696 4.53159 4.53589 4.5399 4.5436 4.54703 4.55017 4.55306 4.55569 4.55808 4.56024 4.56219 4.56392
4.00719 3.99919 3.99309 3.98895 3.98682 3.98672 3.98863 3.99248 3.99821 4.0057 4.01483 4.02545 4.03741 4.05053 4.06465 4.0796 4.09522 4.11135 4.12786 4.1446 4.16146 4.17834 4.19514 4.21178 4.2282 4.24433 4.26014 4.27559 4.29064 4.30528 4.31949 4.33325 4.34657 4.35944 4.37186 4.38383 4.39535 4.40643 4.41707 4.42727 4.43706 4.44642 4.45538 4.46393 4.47209 4.47986 4.48725 4.49427 4.50093 4.50723 4.51318 4.5188 4.52409 4.52906 4.53372 4.53807 4.54213 4.54591 4.54942 4.55266 4.55565 4.5584 4.56091 4.56319 4.56526 4.56713 4.56881
4.05599 4.04891 4.04352 4.03986 4.03799 4.0379 4.03959 4.043 4.04808 4.05473 4.06284 4.07229 4.08295 4.09467 4.10732 4.12074 4.1348 4.14936 4.1643 4.17949 4.19482 4.21021 4.22556 4.2408 4.25587 4.2707 4.28527 4.29953 4.31344 4.32699 4.34016 4.35294 4.36532 4.37728 4.38884 4.39999 4.41072 4.42105 4.43098 4.4405 4.44964 4.45839 4.46675 4.47475 4.48238 4.48964 4.49656 4.50313 4.50937 4.51527 4.52086 4.52613 4.53109 4.53576 4.54014 4.54424 4.54807 4.55164 4.55495 4.55802 4.56085 4.56346 4.56585 4.56803 4.57001 4.57181 4.57342
4.10136 4.09509 4.09032 4.08709 4.08543 4.08536 4.08685 4.08988 4.09438 4.10028 4.1075 4.11592 4.12543 4.13591 4.14724 4.15929 4.17194 4.18508 4.19858 4.21235 4.22628 4.24029 4.2543 4.26824 4.28205 4.29568 4.30908 4.32221 4.33506 4.34758 4.35977 4.37161 4.38309 4.3942 4.40494 4.41531 4.4253 4.43492 4.44417 4.45305 4.46157 4.46974 4.47755 4.48501 4.49214 4.49893 4.5054 4.51155 4.51738 4.52292 4.52815 4.53309 4.53775 4.54213 4.54625 4.55011 4.55371 4.55707 4.5602 4.5631 4.56579 4.56826 4.57053 4.57261 4.5745 4.57622 4.57778
4.1435 4.13794 4.13371 4.13085 4.12938 4.12932 4.13065 4.13333 4.13733 4.14258 4.149 4.1565 4.16499 4.17437 4.18452 4.19534 4.20673 4.21857 4.23078 4.24325 4.25589 4.26864 4.28141 4.29414 4.30678 4.31928 4.33159 4.34368 4.35551 4.36707 4.37834 4.3893 4.39993 4.41023 4.4202 4.42983 4.43912 4.44807 4.45668 4.46495 4.47289 4.4805 4.48778 4.49475 4.5014 4.50775 4.51379 4.51954 4.525 4.53017 4.53507 4.5397 4.54407 4.54818 4.55205 4.55567 4.55907 4.56223 4.56518 4.56792 4.57046 4.5728 4.57496 4.57694 4.57874 4.58039 4.58188
4.1826 4.17766 4.17391 4.17137 4.17007 4.17002 4.1712 4.17359 4.17714 4.18181 4.18753 4.19422 4.2018 4.21019 4.21929 4.22901 4.23925 4.24993 4.26095 4.27224 4.28371 4.2953 4.30693 4.31855 4.33011 4.34155 4.35284 4.36395 4.37485 4.3855 4.3959 4.40602 4.41586 4.4254 4.43464 4.44358 4.4522 4.46051 4.46852 4.47622 4.48361 4.49069 4.49748 4.50398 4.51018 4.5161 4.52174 4.52711 4.53221 4.53705 4.54164 4.54597 4.55006 4.55392 4.55755 4.56095 4.56414 4.56712 4.5699 4.57249 4.57488 4.5771 4.57915 4.58103 4.58275 4.58432 4.58575
4.21885 4.21446 4.21112 4.20887 4.20772 4.20767 4.20872 4.21084 4.21401 4.21816 4.22326 4.22923 4.23601 4.24352 4.25168 4.2604 4.26962 4.27924 4.2892 4.29941 4.30981 4.32033 4.33092 4.34151 4.35206 4.36253 4.37288 4.38308 4.39309 4.4029 4.41248 4.42183 4.43092 4.43974 4.4483 4.45657 4.46457 4.47229 4.47972 4.48687 4.49375 4.50034 4.50666 4.51271 4.51849 4.52402 4.52928 4.53429 4.53905 4.54357 4.54786 4.55192 4.55575 4.55936 4.56276 4.56596 4.56895 4.57175 4.57437 4.57681 4.57907 4.58117 4.5831 4.58489 4.58652 4.58802 4.58939
4.25241 4.24851 4.24554 4.24354 4.24252 4.24248 4.24341 4.2453 4.24812 4.25182 4.25637 4.26171 4.26777 4.27449 4.2818 4.28964 4.29793 4.3066 4.31559 4.32483 4.33425 4.3438 4.35342 4.36307 4.3727 4.38227 4.39174 4.40109 4.41029 4.4193 4.42813 4.43674 4.44513 4.45328 4.46119 4.46885 4.47626 4.48341 4.49031 4.49695 4.50333 4.50946 4.51534 4.52097 4.52636 4.5315 4.53641 4.54108 4.54553 4.54975 4.55375 4.55754 4.56113 4.56451 4.5677 4.57069 4.5735 4.57614 4.5786 4.58089 4.58302 4.585 4.58684 4.58853 4.59008 4.59151 4.59281
4.28348 4.28 4.27736 4.27558 4.27467 4.27464 4.27547 4.27715 4.27967 4.28297 4.28703 4.2918 4.29722 4.30324 4.3098 4.31684 4.3243 4.33211 4.34022 4.34857 4.3571 4.36577 4.37451 4.38329 4.39207 4.40081 4.40947 4.41803 4.42647 4.43475 4.44286 4.45079 4.45852 4.46604 4.47335 4.48043 4.48729 4.49391 4.50031 4.50647 4.51239 4.51808 4.52355 4.52878 4.53379 4.53858 4.54315 4.5475 4.55165 4.55559 4.55932 4.56287 4.56622 4.56938 4.57236 4.57517 4.57781 4.58028 4.58259 4.58475 4.58676 4.58863 4.59036 4.59196 4.59343 4.59479 4.59603
4.31221 4.30911 4.30676 4.30518 4.30437 4.30434 4.30508 4.30658 4.30882 4.31177 4.31539 4.31965 4.32451 4.3299 4.33579 4.34211 4.34882 4.35586 4.36318 4.37073 4.37845 4.3863 4.39424 4.40223 4.41023 4.4182 4.42612 4.43395 4.44167 4.44927 4.45673 4.46402 4.47114 4.47807 4.48481 4.49135 4.49769 4.50382 4.50974 4.51544 4.52094 4.52622 4.53129 4.53616 4.54081 4.54526 4.54952 4.55357 4.55743 4.56111 4.56459 4.5679 4.57103 4.57399 4.57678 4.5794 4.58187 4.58419 4.58636 4.58839 4.59028 4.59204 4.59368 4.59519 4.59659 4.59787 4.59905
4.33877 4.336 4.33391 4.33249 4.33177 4.33175 4.33241 4.33375 4.33575 4.33838 4.34162 4.34543 4.34977 4.35461 4.35989 4.36557 4.37161 4.37795 4.38455 4.39137 4.39836 4.40548 4.41268 4.41994 4.42722 4.43449 4.44172 4.44888 4.45595 4.46291 4.46975 4.47645 4.483 4.48939 4.4956 4.50163 4.50749 4.51315 4.51863 4.52391 4.529 4.53389 4.5386 4.54311 4.54744 4.55157 4.55553 4.5593 4.5629 4.56632 4.56957 4.57265 4.57557 4.57833 4.58094 4.5834 4.58571 4.58789 4.58992 4.59183 4.59361 4.59526 4.5968 4.59823 4.59955 4.60077 4.60189
4.3633 4.36083 4.35896 4.3577 4.35705 4.35703 4.35762 4.35881 4.3606 4.36295 4.36585 4.36926 4.37315 4.37748 4.38222 4.38733 4.39276 4.39847 4.40443 4.41059 4.41691 4.42336 4.4299 4.43649 4.44311 4.44973 4.45632 4.46287 4.46933 4.47571 4.48198 4.48813 4.49415 4.50002 4.50574 4.51131 4.5167 4.52193 4.52699 4.53188 4.53659 4.54112 4.54548 4.54967 4.55368 4.55753 4.5612 4.56471 4.56805 4.57124 4.57426 4.57714 4.57986 4.58244 4.58487 4.58717 4.58934 4.59137 4.59328 4.59507 4.59674 4.5983 4.59975 4.60109 4.60234 4.6035 4.60456
4.38593 4.38373 4.38206 4.38094 4.38036 4.38034 4.38087 4.38194 4.38353 4.38563 4.38822 4.39128 4.39476 4.39865 4.4029 4.40749 4.41238 4.41753 4.4229 4.42846 4.43418 4.44001 4.44594 4.45193 4.45795 4.46398 4.46999 4.47596 4.48187 4.4877 4.49345 4.49909 4.50461 4.51001 4.51527 4.52039 4.52537 4.53019 4.53486 4.53938 4.54373 4.54793 4.55197 4.55585 4.55957 4.56313 4.56654 4.5698 4.57291 4.57587 4.57869 4.58137 4.5839 4.58631 4.58858 4.59073 4.59275 4.59466 4.59644 4.59812 4.59969 4.60115 4.60252 4.60379 4.60496 4.60605 4.60706
4.40682 4.40485 4.40336 4.40235 4.40184 4.40182 4.40229 4.40325 4.40467 4.40655 4.40887 4.41161 4.41473 4.41822 4.42204 4.42616 4.43056 4.43519 4.44004 4.44506 4.45023 4.45551 4.46089 4.46632 4.47179 4.47727 4.48275 4.48819 4.49359 4.49893 4.50418 4.50935 4.51442 4.51938 4.52421 4.52893 4.53351 4.53795 4.54226 4.54643 4.55045 4.55433 4.55807 4.56166 4.56511 4.56841 4.57157 4.5746 4.57749 4.58024 4.58286 4.58535 4.58771 4.58996 4.59208 4.59408 4.59597 4.59775 4.59942 4.60099 4.60246 4.60384 4.60512 4.60631 4.60742 4.60845 4.6094
4.42608 4.42432 4.42298 4.42209 4.42163 4.42161 4.42203 4.42289 4.42416 4.42584 4.42792 4.43037 4.43317 4.4363 4.43973 4.44343 4.44739 4.45156 4.45593 4.46047 4.46514 4.46992 4.47479 4.47972 4.48469 4.48967 4.49466 4.49962 4.50455 4.50942 4.51423 4.51896 4.5236 4.52815 4.5326 4.53693 4.54114 4.54524 4.54921 4.55305 4.55677 4.56035 4.5638 4.56712 4.57032 4.57338 4.57631 4.57911 4.58179 4.58435 4.58679 4.5891 4.5913 4.59339 4.59537 4.59723 4.599 4.60066 4.60222 4.60369 4.60507 4.60636 4.60756 4.60869 4.60973 4.6107 4.6116
4.44383 4.44225 4.44106 4.44026 4.43985 4.43983 4.44021 4.44097 4.44211 4.44362 4.44548 4.44767 4.45018 4.45299 4.45607 4.4594 4.46296 4.46672 4.47066 4.47475 4.47897 4.4833 4.48771 4.49218 4.49669 4.50122 4.50576 4.51028 4.51477 4.51922 4.52362 4.52795 4.5322 4.53637 4.54045 4.54442 4.5483 4.55207 4.55572 4.55927 4.56269 4.566 4.56919 4.57226 4.57521 4.57804 4.58076 4.58336 4.58585 4.58822 4.59048 4.59263 4.59468 4.59662 4.59846 4.6002 4.60185 4.6034 4.60486 4.60623 4.60752 4.60873 4.60986 4.61091 4.6119 4.61281 4.61366
4.46018 4.45877 4.4577 4.45698 4.45661 4.4566 4.45694 4.45762 4.45864 4.45999 4.46165 4.46362 4.46587 4.46839 4.47116 4.47416 4.47736 4.48075 4.4843 4.48799 4.49181 4.49572 4.49971 4.50376 4.50785 4.51197 4.5161 4.52021 4.52431 4.52837 4.53238 4.53634 4.54023 4.54405 4.54779 4.55144 4.555 4.55847 4.56183 4.56509 4.56825 4.5713 4.57424 4.57708 4.57981 4.58243 4.58494 4.58735 4.58965 4.59185 4.59395 4.59595 4.59785 4.59966 4.60137 4.60299 4.60452 4.60597 4.60733 4.60862 4.60982 4.61096 4.61201 4.613 4.61393 4.61479 4.61558
4.47523 4.47397 4.47301 4.47237 4.47204 4.47203 4.47233 4.47294 4.47385 4.47506 4.47655 4.47832 4.48034 4.4826 4.48509 4.48778 4.49066 4.49371 4.49691 4.50025 4.50369 4.50723 4.51084 4.51452 4.51823 4.52197 4.52571 4.52946 4.53319 4.53689 4.54056 4.54417 4.54773 4.55123 4.55466 4.558 4.56127 4.56445 4.56755 4.57055 4.57346 4.57627 4.57898 4.5816 4.58412 4.58654 4.58887 4.59109 4.59323 4.59527 4.59721 4.59907 4.60083 4.60251 4.6041 4.60561 4.60704 4.60839 4.60966 4.61086 4.61199 4.61304 4.61403 4.61496 4.61583 4.61664 4.61739
4.48908 4.48795 4.48709 4.48652 4.48622 4.48621 4.48648 4.48703 4.48785 4.48893 4.49027 4.49185 4.49366 4.49569 4.49793 4.50035 4.50294 4.50569 4.50858 4.51159 4.5147 4.5179 4.52117 4.52449 4.52786 4.53125 4.53466 4.53806 4.54146 4.54483 4.54818 4.55148 4.55473 4.55793 4.56107 4.56414 4.56713 4.57006 4.5729 4.57566 4.57833 4.58092 4.58342 4.58584 4.58816 4.5904 4.59255 4.59461 4.59658 4.59847 4.60027 4.60199 4.60363 4.60519 4.60667 4.60807 4.6094 4.61066 4.61184 4.61296 4.61401 4.615 4.61593 4.6168 4.61761 4.61837 4.61907
4.50182 4.50081 4.50004 4.49953 4.49926 4.49925 4.4995 4.49999 4.50072 4.50169 4.50289 4.50431 4.50593 4.50776 4.50977 4.51194 4.51428 4.51675 4.51936 4.52207 4.52488 4.52777 4.53073 4.53374 4.53679 4.53987 4.54296 4.54606 4.54915 4.55222 4.55527 4.55828 4.56126 4.56418 4.56705 4.56986 4.57261 4.57529 4.5779 4.58043 4.58289 4.58528 4.58758 4.5898 4.59195 4.59401 4.596 4.5979 4.59973 4.60147 4.60314 4.60474 4.60626 4.6077 4.60907 4.61038 4.61161 4.61278 4.61389 4.61493 4.61591 4.61683 4.6177 4.61851 4.61928 4.61999 4.62065
