data/70055_lisa.smith_molt_lat_elev_map/70055_lisa.smith_molt_lat_elev_map/stdkrig.asc
ncols 411
nrows 282
xllcorner -103.69999694824219
yllcorner 24.299999246460544
cellsize 0.0833333333
NODATA_value -9999
[rows 120 to 149 of 282, columns 67 to 133 of 411]
3.10234 3.10328 3.10689 3.11307 3.12167 3.13251 3.14538 3.16008 3.1764 3.19418 3.21328 3.23358 3.25499 3.27748 3.30098 3.32549 3.35099 3.37745 3.40485 3.43315 3.4623 3.49223 3.52285 3.55405 3.58573 3.61775 3.64998 3.68228 3.71452 3.74654 3.77823 3.80945 3.8401 3.87007 3.89927 3.92761 3.95503 3.98147 4.00688 4.03121 4.05445 4.07658 4.09757 4.11743 4.13615 4.15374 4.17021 4.18556 4.19982 4.213 4.22512 4.23618 4.24623 4.25526 4.2633 4.27037 4.27647 4.28163 4.28585 4.28914 4.2915 4.29295 4.29348 4.29309 4.29178 4.28953 4.28634
3.049 3.0528 3.06003 3.07052 3.08398 3.10011 3.11856 3.139 3.16111 3.18462 3.20929 3.23494 3.26141 3.28859 3.31641 3.34481 3.37375 3.40321 3.43314 3.46353 3.49432 3.52549 3.55696 3.58867 3.62053 3.65245 3.68435 3.71611 3.74763 3.77882 3.80956 3.83977 3.86936 3.89824 3.92634 3.95358 3.97993 4.00532 4.02972 4.05309 4.0754 4.09666 4.11683 4.13591 4.15391 4.17082 4.18665 4.20142 4.21513 4.22779 4.23943 4.25006 4.25968 4.26832 4.276 4.28272 4.28849 4.29333 4.29725 4.30025 4.30233 4.30351 4.30377 4.30311 4.30153 4.29902 4.29557
2.98793 2.99471 3.0058 3.02089 3.03955 3.0613 3.08564 3.11208 3.1402 3.1696 3.19997 3.23103 3.26258 3.29448 3.32661 3.3589 3.39129 3.42376 3.45628 3.48882 3.52137 3.55391 3.58639 3.61878 3.65103 3.68307 3.71486 3.74631 3.77736 3.80794 3.83796 3.86737 3.8961 3.92407 3.95125 3.97757 4.00298 4.02746 4.05097 4.07348 4.09497 4.11543 4.13485 4.15322 4.17054 4.18682 4.20206 4.21627 4.22946 4.24164 4.25281 4.26301 4.27223 4.28049 4.28781 4.29418 4.29963 4.30417 4.30779 4.3105 4.31231 4.31321 4.31321 4.31229 4.31046 4.30769 4.30398
2.91919 2.92915 2.94444 2.96455 2.98883 3.01662 3.04723 3.08 3.11437 3.14985 3.18602 3.22256 3.25922 3.29582 3.33224 3.36839 3.40422 3.4397 3.47481 3.50955 3.54392 3.57792 3.61153 3.64474 3.67753 3.70987 3.74173 3.77307 3.80384 3.834 3.86351 3.8923 3.92035 3.9476 3.97401 3.99955 4.02418 4.04787 4.07061 4.09236 4.11312 4.13287 4.15161 4.16934 4.18605 4.20175 4.21644 4.23012 4.24282 4.25453 4.26528 4.27506 4.28389 4.29179 4.29875 4.3048 4.30994 4.31417 4.3175 4.31993 4.32147 4.32211 4.32185 4.32069 4.31861 4.3156 4.31164
2.84312 2.85658 2.87652 2.90216 2.93262 2.96695 3.00425 3.0437 3.08457 3.12627 3.16833 3.21038 3.25213 3.29339 3.33404 3.37398 3.41318 3.45162 3.4893 3.52624 3.56245 3.59795 3.63276 3.66689 3.70034 3.73311 3.76519 3.79657 3.82723 3.85715 3.8863 3.91465 3.94218 3.96886 3.99466 4.01955 4.04353 4.06656 4.08863 4.10973 4.12985 4.14898 4.16712 4.18426 4.20042 4.21558 4.22977 4.24298 4.25522 4.2665 4.27683 4.28623 4.29469 4.30223 4.30887 4.3146 4.31943 4.32337 4.32642 4.32859 4.32986 4.33025 4.32975 4.32834 4.32602 4.32278 4.3186
2.76045 2.77784 2.80302 2.83486 2.87213 2.91356 2.95799 3.00442 3.05199 3.10002 3.14798 3.19547 3.24222 3.28802 3.33277 3.37638 3.41883 3.46014 3.50031 3.5394 3.57743 3.61444 3.65048 3.68558 3.71977 3.75307 3.78549 3.81704 3.84772 3.87753 3.90647 3.93452 3.96167 3.98791 4.01323 4.03762 4.06106 4.08354 4.10505 4.1256 4.14517 4.16375 4.18136 4.198 4.21365 4.22834 4.24207 4.25484 4.26666 4.27754 4.28749 4.29652 4.30464 4.31186 4.31817 4.3236 4.32814 4.3318 4.33458 4.33649 4.33752 4.33766 4.33692 4.33528 4.33274 4.32928 4.32488
2.67245 2.69436 2.72554 2.76437 2.80913 2.8582 2.91014 2.96375 3.01809 3.0724 3.12615 3.17893 3.23047 3.2806 3.32923 3.3763 3.42184 3.46585 3.5084 3.54953 3.58931 3.62781 3.66508 3.70117 3.73614 3.77002 3.80286 3.83467 3.86548 3.89531 3.92415 3.95202 3.97892 4.00485 4.02981 4.0538 4.07681 4.09885 4.11991 4.13999 4.15909 4.17721 4.19436 4.21055 4.22577 4.24004 4.25335 4.26572 4.27717 4.28768 4.29728 4.30598 4.31377 4.32067 4.32669 4.33183 4.3361 4.33949 4.34202 4.34368 4.34446 4.34438 4.34341 4.34155 4.33879 4.33512 4.33052
2.5812 2.60843 2.64653 2.69318 2.74608 2.80319 2.86281 2.92361 2.98457 3.04493 3.10415 3.16188 3.21788 3.272 3.3242 3.37446 3.42282 3.46933 3.51407 3.55711 3.59854 3.63844 3.67689 3.71396 3.74973 3.78424 3.81755 3.84969 3.88071 3.91064 3.93949 3.96728 3.99404 4.01976 4.04447 4.06816 4.09085 4.11254 4.13323 4.15293 4.17164 4.18938 4.20614 4.22194 4.23679 4.25068 4.26363 4.27565 4.28675 4.29694 4.30622 4.3146 4.3221 4.32871 4.33445 4.33932 4.34333 4.34647 4.34876 4.35018 4.35073 4.35042 4.34924 4.34717 4.34421 4.34034 4.33555
2.48998 2.52355 2.56959 2.62481 2.68624 2.75145 2.81856 2.88618 2.95328 3.01916 3.08333 3.14547 3.20542 3.26308 3.31843 3.3715 3.42236 3.47109 3.51778 3.56254 3.60548 3.64668 3.68624 3.72426 3.7608 3.79595 3.82976 3.86229 3.89358 3.92368 3.95262 3.98043 4.00713 4.03274 4.05729 4.08078 4.10323 4.12466 4.14507 4.16447 4.18287 4.20029 4.21674 4.23221 4.24673 4.2603 4.27294 4.28465 4.29545 4.30534 4.31433 4.32243 4.32965 4.336 4.34148 4.3461 4.34986 4.35276 4.35481 4.35601 4.35635 4.35583 4.35443 4.35217 4.34901 4.34496 4.33999
2.40395 2.44507 2.49989 2.56394 2.63365 2.70637 2.78019 2.85375 2.92611 2.99664 3.06493 3.13075 3.19397 3.25456 3.31254 3.36796 3.42093 3.47155 3.51993 3.5662 3.61046 3.65283 3.69341 3.73231 3.7696 3.80538 3.8397 3.87264 3.90426 3.93459 3.96369 3.99158 4.01831 4.04389 4.06836 4.09174 4.11404 4.13528 4.15548 4.17466 4.19282 4.20999 4.22617 4.24138 4.25563 4.26894 4.2813 4.29274 4.30327 4.3129 4.32163 4.32948 4.33645 4.34255 4.34779 4.35218 4.35571 4.35839 4.36022 4.3612 4.36133 4.36061 4.35902 4.35656 4.35322 4.34899 4.34385
2.33121 2.38088 2.44435 2.51624 2.59282 2.67149 2.75045 2.82846 2.90472 2.97868 3.05003 3.11857 3.18424 3.24704 3.30702 3.36428 3.41892 3.47105 3.52082 3.56834 3.61373 3.65712 3.69861 3.73831 3.77631 3.8127 3.84754 3.88092 3.91289 3.9435 3.97281 4.00086 4.02768 4.05331 4.07777 4.10111 4.12333 4.14447 4.16453 4.18355 4.20154 4.21852 4.2345 4.2495 4.26353 4.27661 4.28875 4.29996 4.31026 4.31965 4.32816 4.33578 4.34252 4.3484 4.35342 4.35759 4.36091 4.36338 4.365 4.36578 4.36571 4.36479 4.36301 4.36036 4.35685 4.35244 4.34714
2.28479 2.34157 2.41083 2.48742 2.56786 2.64977 2.7315 2.81194 2.89033 2.96622 3.03931 3.10947 3.17665 3.24087 3.30219 3.36071 3.41655 3.46982 3.52065 3.56916 3.61549 3.65974 3.70203 3.74245 3.7811 3.81807 3.85343 3.88726 3.91961 3.95054 3.98012 4.00837 4.03535 4.06108 4.08562 4.10898 4.13119 4.15229 4.17229 4.19121 4.20909 4.22594 4.24177 4.25661 4.27047 4.28337 4.29532 4.30634 4.31644 4.32564 4.33394 4.34135 4.3479 4.35357 4.35839 4.36235 4.36547 4.36774 4.36917 4.36975 4.36949 4.36838 4.36642 4.3636 4.3599 4.35533 4.34987
2.28056 2.33641 2.40497 2.48103 2.5611 2.64278 2.72442 2.80488 2.88343 2.95958 3.03303 3.10364 3.17135 3.23616 3.29814 3.35735 3.41391 3.46792 3.5195 3.56877 3.61583 3.66079 3.70376 3.74483 3.78409 3.82161 3.85749 3.89177 3.92453 3.95583 3.98571 4.01422 4.04141 4.06732 4.09198 4.11543 4.1377 4.15881 4.1788 4.1977 4.21552 4.23228 4.24802 4.26275 4.27648 4.28924 4.30105 4.31191 4.32185 4.33087 4.339 4.34624 4.3526 4.35809 4.36272 4.3665 4.36943 4.37151 4.37275 4.37315 4.3727 4.37141 4.36926 4.36627 4.3624 4.35766 4.35204
2.31698 2.36441 2.426 2.49644 2.57199 2.65003 2.72876 2.80692 2.88367 2.95845 3.03091 3.10083 3.16812 3.23275 3.29472 3.35409 3.41093 3.46533 3.51737 3.56716 3.61477 3.66032 3.70387 3.74552 3.78535 3.82342 3.8598 3.89456 3.92776 3.95945 3.98968 4.01851 4.04596 4.0721 4.09694 4.12054 4.14292 4.16412 4.18416 4.20307 4.22089 4.23762 4.25331 4.26797 4.28162 4.29428 4.30597 4.31671 4.32652 4.3354 4.34338 4.35046 4.35666 4.36198 4.36644 4.37005 4.3728 4.3747 4.37576 4.37598 4.37535 4.37388 4.37156 4.36838 4.36435 4.35944 4.35366
2.37707 2.41501 2.46711 2.52901 2.59721 2.66906 2.74264 2.81657 2.88987 2.96189 3.03216 3.10041 3.16645 3.23019 3.29159 3.35064 3.40739 3.46187 3.51413 3.56425 3.61229 3.65831 3.70238 3.74457 3.78493 3.82354 3.86045 3.89571 3.92937 3.9615 3.99213 4.02131 4.04909 4.07551 4.1006 4.1244 4.14694 4.16827 4.18842 4.2074 4.22526 4.24201 4.2577 4.27233 4.28593 4.29853 4.31014 4.32079 4.33049 4.33925 4.3471 4.35405 4.3601 4.36528 4.36958 4.37303 4.37561 4.37734 4.37823 4.37827 4.37746 4.37581 4.37331 4.36996 4.36575 4.36067 4.35472
2.44769 2.47719 2.5198 2.57235 2.63194 2.69619 2.7632 2.83156 2.90022 2.96842 3.0356 3.10138 3.16552 3.22783 3.2882 3.34658 3.40294 3.45727 3.50958 3.5599 3.60826 3.65469 3.69924 3.74195 3.78286 3.82203 3.85948 3.89527 3.92945 3.96206 3.99314 4.02273 4.05088 4.07763 4.10302 4.12707 4.14984 4.17135 4.19165 4.21075 4.2287 4.24551 4.26123 4.27587 4.28946 4.30203 4.3136 4.32418 4.3338 4.34247 4.35021 4.35704 4.36297 4.36801 4.37217 4.37546 4.37788 4.37945 4.38017 4.38003 4.37905 4.37722 4.37454 4.371 4.36661 4.36135 4.35523
2.52063 2.54284 2.57681 2.62032 2.67116 2.72734 2.78715 2.84924 2.91255 2.97625 3.03974 3.10254 3.16433 3.22484 3.28389 3.34135 3.39714 3.45118 3.50345 3.55391 3.60255 3.64939 3.69442 3.73766 3.77915 3.8189 3.85694 3.89332 3.92806 3.9612 3.99278 4.02284 4.05142 4.07856 4.10429 4.12865 4.15169 4.17344 4.19392 4.21319 4.23126 4.24818 4.26397 4.27866 4.29227 4.30484 4.31638 4.32692 4.33648 4.34508 4.35274 4.35947 4.36528 4.37019 4.37422 4.37736 4.37964 4.38105 4.3816 4.38129 4.38013 4.37811 4.37524 4.37152 4.36694 4.36149 4.35518
2.59065 2.6065 2.63277 2.66797 2.71048 2.75872 2.81127 2.86688 2.92456 2.98349 3.04299 3.10255 3.16176 3.22029 3.27788 3.33434 3.38949 3.44322 3.49542 3.54603 3.59499 3.64226 3.68782 3.73166 3.77378 3.81418 3.85288 3.8899 3.92526 3.959 3.99114 4.02172 4.05078 4.07836 4.10449 4.12922 4.15257 4.17459 4.19532 4.21479 4.23303 4.25008 4.26597 4.28074 4.2944 4.307 4.31854 4.32907 4.33859 4.34713 4.35472 4.36136 4.36707 4.37187 4.37577 4.37878 4.3809 4.38215 4.38254 4.38205 4.38071 4.37851 4.37545 4.37152 4.36674 4.36109 4.35457
2.65439 2.66452 2.68391 2.71158 2.74639 2.78715 2.8327 2.88199 2.9341 2.98824 3.04375 3.10005 3.15668 3.21324 3.2694 3.32488 3.37947 3.43295 3.48518 3.53603 3.5854 3.63321 3.6794 3.72392 3.76676 3.8079 3.84733 3.88507 3.92113 3.95553 3.9883 4.01946 4.04907 4.07714 4.10372 4.12885 4.15256 4.1749 4.19591 4.21561 4.23406 4.25128 4.2673 4.28217 4.29591 4.30856 4.32013 4.33065 4.34016 4.34866 4.35619 4.36276 4.36838 4.37307 4.37685 4.37973 4.3817 4.3828 4.38301 4.38235 4.38082 4.37842 4.37515 4.37102 4.36602 4.36015 4.3534
2.70971 2.71454 2.72765 2.74847 2.77623 2.81005 2.84906 2.89238 2.93921 2.98881 3.04052 3.09375 3.14799 3.20276 3.25767 3.31238 3.36658 3.42 3.47244 3.5237 3.57364 3.62214 3.66909 3.71443 3.75811 3.80009 3.84036 3.8789 3.91574 3.95088 3.98434 4.01616 4.04636 4.07498 4.10206 4.12763 4.15175 4.17445 4.19576 4.21574 4.23442 4.25183 4.26802 4.28302 4.29686 4.30957 4.32119 4.33173 4.34123 4.34971 4.35719 4.36369 4.36923 4.37383 4.37749 4.38023 4.38206 4.383 4.38304 4.3822 4.38047 4.37786 4.37438 4.37002 4.36479 4.35868 4.35169
2.75528 2.75503 2.76229 2.77678 2.79803 2.82547 2.85845 2.89627 2.93824 2.9837 3.03199 3.08251 3.1347 3.18803 3.24203 3.29628 3.35039 3.40404 3.45695 3.50887 3.5596 3.60898 3.65688 3.7032 3.74786 3.79082 3.83203 3.87149 3.9092 3.94515 3.97938 4.0119 4.04276 4.07197 4.0996 4.12566 4.15022 4.17331 4.19497 4.21525 4.23418 4.25182 4.26819 4.28334 4.29729 4.31009 4.32177 4.33234 4.34185 4.35032 4.35776 4.3642 4.36966 4.37416 4.37771 4.38032 4.38201 4.38278 4.38265 4.38161 4.37968 4.37686 4.37315 4.36855 4.36306 4.35668 4.34942
2.79038 2.7851 2.78674 2.79525 2.81044 2.83197 2.85941 2.89222 2.92985 2.97166 3.01704 3.06536 3.11599 3.16836 3.22191 3.27613 3.33057 3.38483 3.43855 3.49144 3.54324 3.59375 3.64282 3.6903 3.73611 3.78018 3.82247 3.86295 3.90161 3.93846 3.97352 4.00681 4.03837 4.06823 4.09644 4.12304 4.14807 4.17157 4.1936 4.21421 4.23342 4.2513 4.26787 4.28318 4.29727 4.31017 4.32192 4.33254 4.34206 4.35052 4.35793 4.36432 4.36971 4.37411 4.37755 4.38003 4.38157 4.38218 4.38186 4.38062 4.37848 4.37542 4.37147 4.36661 4.36084 4.35418 4.34662
2.81472 2.80432 2.80039 2.80312 2.81253 2.82853 2.85086 2.87917 2.91298 2.95173 2.9948 3.04153 3.09123 3.14324 3.19692 3.25166 3.30694 3.36225 3.4172 3.47142 3.52461 3.57654 3.627 3.67585 3.72299 3.76832 3.8118 3.8534 3.89311 3.93094 3.9669 4.00101 4.03333 4.06387 4.0927 4.11985 4.14538 4.16933 4.19175 4.2127 4.23221 4.25034 4.26713 4.28262 4.29685 4.30986 4.32168 4.33236 4.34191 4.35036 4.35775 4.36409 4.36941 4.37372 4.37704 4.37939 4.38077 4.38121 4.3807 4.37925 4.37688 4.37358 4.36936 4.36422 4.35816 4.35119 4.3433
2.82839 2.81263 2.80304 2.8 2.80378 2.81449 2.83208 2.85634 2.88689 2.92321 2.96466 3.01051 3.06001 3.11238 3.16687 3.22277 3.27946 3.33636 3.39299 3.44894 3.50387 3.5575 3.60961 3.66005 3.70868 3.75542 3.80022 3.84304 3.88388 3.92275 3.95966 3.99464 4.02775 4.05901 4.08848 4.11621 4.14226 4.16667 4.1895 4.2108 4.23062 4.24901 4.26603 4.2817 4.29608 4.30921 4.32112 4.33185 4.34143 4.34988 4.35724 4.36354 4.36878 4.373 4.37621 4.37842 4.37965 4.3799 4.37919 4.37753 4.37492 4.37136 4.36685 4.36141 4.35503 4.34772 4.33946
2.83176 2.81031 2.7948 2.78585 2.78398 2.78952 2.80264 2.82327 2.85112 2.88568 2.92627 2.97207 3.0222 3.07574 3.13181 3.18959 3.24833 3.30738 3.36618 3.42428 3.4813 3.53692 3.59093 3.64314 3.69343 3.74171 3.78793 3.83206 3.87409 3.91405 3.95196 3.98785 4.02177 4.05377 4.0839 4.11222 4.1388 4.16368 4.18692 4.20858 4.22872 4.24739 4.26463 4.28049 4.29503 4.30827 4.32027 4.33106 4.34066 4.34912 4.35646 4.36271 4.36788 4.372 4.37509 4.37716 4.37822 4.37829 4.37737 4.37548 4.37261 4.36877 4.36397 4.35821 4.35148 4.34379 4.33515
2.82556 2.79796 2.77614 2.76099 2.75328 2.75364 2.76245 2.77981 2.80551 2.83904 2.87963 2.92629 2.97798 3.03361 3.09211 3.15252 3.21398 3.27576 3.33722 3.39787 3.4573 3.51519 3.57131 3.62547 3.67755 3.72747 3.77519 3.82069 3.86397 3.90505 3.94398 3.98079 4.01554 4.04828 4.07908 4.108 4.13511 4.16046 4.18411 4.20614 4.22659 4.24552 4.26299 4.27905 4.29373 4.3071 4.31919 4.33003 4.33966 4.34812 4.35544 4.36163 4.36673 4.37075 4.37371 4.37564 4.37653 4.3764 4.37526 4.37313 4.36999 4.36586 4.36074 4.35463 4.34753 4.33945 4.33038
2.81086 2.77655 2.74791 2.7261 2.71221 2.7072 2.71174 2.72615 2.75028 2.78358 2.8251 2.87366 2.92794 2.98663 3.04845 3.11227 3.17712 3.24217 3.30674 3.3703 3.43243 3.49281 3.5512 3.60743 3.6614 3.71303 3.7623 3.80919 3.85373 3.89595 3.9359 3.97363 4.0092 4.04268 4.07415 4.10365 4.13128 4.15709 4.18115 4.20353 4.22429 4.24349 4.26118 4.27742 4.29225 4.30574 4.31791 4.3288 4.33846 4.34692 4.35421 4.36035 4.36537 4.36928 4.37212 4.37388 4.3746 4.37427 4.3729 4.37051 4.36709 4.36265 4.3572 4.35072 4.34323 4.33472 4.32519
2.78911 2.74752 2.71143 2.68233 2.66172 2.65099 2.6512 2.66291 2.68607 2.72002 2.76355 2.81514 2.87314 2.9359 3.00193 3.06991 3.13874 3.20754 3.27558 3.34233 3.40736 3.47036 3.53112 3.58949 3.64538 3.69874 3.74955 3.79783 3.84362 3.88696 3.92791 3.96654 4.00291 4.03711 4.06921 4.09929 4.12741 4.15367 4.17812 4.20084 4.22189 4.24134 4.25925 4.27566 4.29064 4.30423 4.31648 4.32742 4.3371 4.34556 4.35281 4.35889 4.36382 4.36763 4.37033 4.37194 4.37246 4.37192 4.37032 4.36766 4.36395 4.35918 4.35337 4.34651 4.3386 4.32964 4.31962
2.76224 2.71281 2.66859 2.63146 2.60341 2.5864 2.58204 2.59126 2.61411 2.64973 2.69649 2.75237 2.81524 2.88308 2.95412 3.02687 3.10016 3.17303 3.24477 3.31484 3.38285 3.44852 3.51166 3.57215 3.62992 3.68496 3.73728 3.7869 3.83389 3.87829 3.9202 3.95968 3.99681 4.03169 4.06439 4.095 4.1236 4.15028 4.17509 4.19813 4.21946 4.23915 4.25725 4.27383 4.28893 4.30262 4.31494 4.32593 4.33562 4.34406 4.35127 4.35729 4.36213 4.36582 4.36838 4.36982 4.37016 4.36939 4.36754 4.36461 4.36059 4.35549 4.34931 4.34204 4.33369 4.32425 4.31371
2.73268 2.675 2.62206 2.57609 2.53971 2.51564 2.50627 2.51315 2.53646 2.57494 2.62631 2.68779 2.75663 2.83039 2.90705 2.98498 3.06294 3.14 3.21547 3.28884 3.35976 3.428 3.49341 3.5559 3.61546 3.67208 3.72579 3.77666 3.82476 3.87015 3.91293 3.9532 3.99103 4.02653 4.05979 4.09089 4.11993 4.14698 4.17214 4.19547 4.21705 4.23695 4.25523 4.27196 4.28718 4.30096 4.31333 4.32435 4.33405 4.34246 4.34963 4.35558 4.36032 4.36389 4.36631 4.36757 4.36771 4.36672 4.36461 4.36139 4.35706 4.35161 4.34504 4.33736 4.32855 4.3186 4.30752
