data/70055_lisa.smith_molt_lat_elev_map/70055_lisa.smith_molt_lat_elev_map/stdreg.asc
ncols 411
nrows 282
xllcorner -103.69999694824219
yllcorner 24.299999246460544
cellsize 0.0833333333
NODATA_value -9999
[rows 0 to 29 of 282, columns 268 to 334 of 411]
5.05895 5.05802 5.05893 5.05895 5.05907 5.05943 5.06 5.06002 5.05905 5.05954 5.06059 5.06214 5.06194 5.0623 5.06995 5.06486 5.07061 5.07425 5.08163 5.08885 5.09225 5.08516 5.06859 5.06388 5.06368 5.0605 5.06576 5.06881 5.07069 5.06325 5.06979 5.0658 5.07 5.06309 5.06356 5.06339 5.06262 5.06147 5.06121 5.06277 5.06375 5.06381 5.06122 5.06237 5.06109 5.06167 5.06222 5.06108 5.0621 5.05985 5.05963 5.05907 5.05881 5.05802 5.05809 5.059 5.0593 5.05858 5.05801 5.05835 5.05819 5.05865 5.05814 5.05827 5.06124 5.05806 5.05868
5.0456 5.04483 5.04477 5.04439 5.04722 5.0453 5.04671 5.04711 5.04604 5.04513 5.04719 5.04847 5.04859 5.05405 5.0481 5.05208 5.05049 5.05049 5.06392 5.0611 5.08055 5.08164 5.07022 5.06049 5.05021 5.05329 5.05455 5.05418 5.05077 5.04906 5.05329 5.04726 5.05777 5.0518 5.04751 5.04935 5.05027 5.04752 5.05045 5.05019 5.05092 5.04611 5.05069 5.0483 5.04919 5.04859 5.04875 5.04611 5.04694 5.04505 5.04443 5.04437 5.04481 5.04438 5.05211 5.04513 5.04538 5.04437 5.04525 5.04461 5.04507 5.04449 5.04437 5.04497 5.04437 5.05049 5.04751
5.03259 5.03283 5.03285 5.03317 5.03363 5.03353 5.03313 5.03294 5.03256 5.03263 5.03261 5.0329 5.03672 5.03654 5.04439 5.04175 5.04445 5.04237 5.05182 5.06647 5.05678 5.07129 5.07248 5.05557 5.0477 5.04332 5.04844 5.04624 5.04095 5.04347 5.04013 5.04393 5.04841 5.04843 5.04152 5.0342 5.03453 5.03526 5.03593 5.03554 5.03831 5.03699 5.03623 5.03656 5.03516 5.03572 5.03557 5.0368 5.0334 5.03531 5.03432 5.0327 5.03293 5.03264 5.03289 5.03363 5.03262 5.033 5.03342 5.03297 5.03353 5.03269 5.03393 5.03284 5.03328 5.03338 5.03272
5.02111 5.02108 5.02112 5.02105 5.02137 5.02173 5.02147 5.02161 5.02148 5.02129 5.0211 5.02851 5.0239 5.02117 5.02431 5.02712 5.02645 5.02594 5.02901 5.03716 5.05919 5.04254 5.06292 5.06288 5.04239 5.03601 5.03601 5.03662 5.02834 5.0368 5.03287 5.03295 5.03263 5.03137 5.03164 5.02913 5.02473 5.02273 5.02384 5.02219 5.02474 5.02314 5.02204 5.0243 5.02174 5.02393 5.02358 5.02413 5.02503 5.02295 5.02242 5.02342 5.02168 5.02289 5.02329 5.02256 5.02194 5.02176 5.02134 5.02152 5.02538 5.04107 5.02242 5.02145 5.02272 5.02104 5.02211
5.00854 5.00846 5.0084 5.0084 5.0084 5.00841 5.00844 5.0296 5.00842 5.02129 5.01481 5.00852 5.00862 5.0096 5.00868 5.01056 5.01462 5.01629 5.01301 5.01934 5.02661 5.0507 5.05079 5.03951 5.03997 5.02708 5.02234 5.01723 5.02063 5.01888 5.01378 5.01309 5.00962 5.01423 5.0123 5.01326 5.01111 5.00844 5.00983 5.00986 5.01126 5.00872 5.01137 5.00945 5.00917 5.00866 5.01205 5.01085 5.00986 5.00975 5.00873 5.00841 5.01082 5.00976 5.01048 5.00891 5.00901 5.00919 5.00841 5.00948 5.0086 5.00921 5.00887 5.00983 5.00845 5.00856 5.0087
4.99802 4.99747 4.9975 4.99773 4.99761 4.99749 4.99748 5.0187 4.9984 4.99915 4.99747 4.99747 4.9976 5.00616 5.00067 5.00546 5.00606 4.99795 5.00434 5.0026 5.00074 5.00919 5.03968 5.0221 5.02547 5.01088 5.01506 5.00658 5.0105 5.00654 5.00328 5.00262 5.00311 5.00155 5.00224 4.99923 4.99793 4.99754 4.99808 4.99937 4.9993 5.00043 4.99883 5.00024 4.99747 4.99817 4.99973 5.00077 4.99804 4.99821 5.00016 4.99877 4.99749 4.99837 4.99779 4.99793 4.99846 4.99843 4.99822 4.99848 4.9983 4.99909 4.99855 4.99754 4.99749 4.99752 4.99748
4.98695 4.98689 4.9876 4.98719 4.98684 4.98682 4.98688 4.98738 4.9869 4.99268 4.98683 4.99915 4.98694 4.99218 4.99467 4.98874 4.9885 4.98765 4.98891 4.99599 4.9932 4.98697 4.98911 5.02906 4.99938 5.0003 5.00065 4.99287 4.99521 4.99403 4.99096 4.98921 4.98962 4.98706 4.98735 4.98774 4.98719 4.98803 4.98688 4.98718 4.98694 4.98753 4.98913 4.98732 4.98686 4.98852 4.98725 4.98732 4.9872 4.98734 4.98717 4.98793 4.98766 4.98681 4.98798 4.98697 4.98701 4.98763 4.98781 4.98711 4.98761 4.98718 4.98684 4.9869 4.98739 4.98958 4.9886
4.97543 4.97518 4.97583 4.97895 4.9759 4.97713 4.97605 4.97532 4.97513 4.9774 4.97532 4.97537 4.97589 4.97703 4.98367 4.97872 4.97891 4.9753 4.97643 4.97599 4.98101 4.97517 4.97788 4.99641 5.00264 4.99474 4.98064 4.98151 4.98149 4.97686 4.98329 4.98179 4.98006 4.98087 4.97739 4.97529 4.97693 4.97519 4.97518 4.97625 4.97701 4.97568 4.97532 4.97573 4.9765 4.97758 4.9754 4.97526 4.97516 4.97562 4.97557 4.97515 4.97513 4.97523 4.97581 4.97513 4.97513 4.97518 4.97595 4.97555 4.97626 4.97745 4.9755 4.97708 4.97766 4.97912 4.97582
4.96516 4.96568 4.96785 4.96883 4.96505 4.9653 4.96513 4.96513 4.96504 4.96798 4.96572 4.96565 4.96998 4.97281 4.96598 4.96917 4.96506 4.96526 4.96968 4.96871 4.9686 4.97 4.96857 4.9873 4.98885 4.9731 4.97146 4.97389 4.97973 4.97439 4.97094 4.97476 4.9677 4.97045 4.96642 4.96765 4.96867 4.96648 4.96602 4.96902 4.96825 4.96999 4.96523 4.96589 4.96773 4.9661 4.96504 4.96563 4.96508 4.96551 4.96526 4.9656 4.96588 4.96531 4.96558 4.96524 4.96528 4.96517 4.96548 4.96511 4.96536 4.96517 4.96564 4.96505 4.9655 4.9673 4.98161
4.95694 4.95703 4.95528 4.95658 4.95764 4.95523 4.95621 4.95562 4.95557 4.95732 4.95602 4.95834 4.95755 4.95891 4.96193 4.96083 4.95963 4.95987 4.96084 4.9625 4.96176 4.95914 4.95867 4.9581 4.98082 4.96468 4.96703 4.96575 4.96109 4.95792 4.95958 4.96376 4.96171 4.95968 4.95611 4.95555 4.96018 4.96096 4.95873 4.96041 4.95983 4.95839 4.95585 4.95922 4.95581 4.95533 4.95537 4.95546 4.95596 4.95726 4.95525 4.95574 4.95559 4.9553 4.9556 4.95545 4.95591 4.95521 4.95609 4.95559 4.95585 4.956 4.95522 4.95524 4.95526 4.95542 4.96271
4.94531 4.948 4.94772 4.94571 4.94509 4.94461 4.94509 4.94544 4.9471 4.94764 4.95342 4.95552 4.9462 4.95373 4.94467 4.9449 4.95145 4.95101 4.94942 4.94818 4.94756 4.9462 4.94861 4.94683 4.94842 4.95507 4.95455 4.9587 4.95747 4.94647 4.94723 4.94946 4.94451 4.95014 4.95239 4.94903 4.94603 4.94994 4.94819 4.94524 4.94979 4.94751 4.94678 4.94471 4.94451 4.94449 4.94445 4.94503 4.94559 4.94485 4.94549 4.94449 4.94461 4.94492 4.94871 4.94649 4.94839 4.94474 4.94454 4.94445 4.94453 4.94476 4.94584 4.96504 4.95549 4.95055 4.96043
4.93586 4.93669 4.93589 4.93618 4.93533 4.93749 4.93829 4.9405 4.93577 4.93517 4.9376 4.94008 4.94169 4.9359 4.93726 4.94409 4.94317 4.94111 4.93888 4.93814 4.93999 4.9397 4.93954 4.94035 4.94385 4.95127 4.94808 4.94952 4.94638 4.94691 4.94493 4.94813 4.93877 4.93929 4.94116 4.94069 4.94072 4.93819 4.93816 4.93614 4.93581 4.94052 4.93995 4.93578 4.93555 4.94021 4.9353 4.93583 4.93522 4.93517 4.93538 4.93533 4.93517 4.93517 4.93802 4.93568 4.93567 4.93534 4.93517 4.93556 4.93601 4.93524 4.93779 4.94781 4.95636 4.96031 4.95848
4.92625 4.92743 4.92815 4.92655 4.92682 4.92836 4.92927 4.93387 4.93634 4.93572 4.93221 4.92923 4.94252 4.93379 4.93428 4.93069 4.92993 4.9322 4.93138 4.93451 4.93187 4.93446 4.93 4.93094 4.93054 4.932 4.93056 4.93704 4.94003 4.94079 4.93968 4.9336 4.93764 4.93307 4.9287 4.93219 4.93001 4.92695 4.92836 4.92804 4.92614 4.92702 4.9282 4.92911 4.92966 4.92637 4.92619 4.92698 4.92693 4.92617 4.92733 4.92614 4.9267 4.92622 4.92716 4.92614 4.92615 4.92725 4.92702 4.92699 4.92634 4.93491 4.93404 4.94216 4.93457 4.94995 4.95492
4.91666 4.91686 4.91629 4.91633 4.91657 4.9207 4.91917 4.92282 4.9305 4.92457 4.92853 4.92975 4.93185 4.92549 4.92139 4.92348 4.92257 4.92607 4.92542 4.92382 4.92504 4.92185 4.92168 4.92104 4.92034 4.91943 4.9195 4.91859 4.92281 4.92415 4.93292 4.92603 4.91864 4.92154 4.91906 4.92139 4.91959 4.91699 4.91788 4.91815 4.91627 4.91674 4.91634 4.91663 4.91834 4.91657 4.91661 4.91667 4.91925 4.91646 4.92322 4.91681 4.91633 4.91631 4.91631 4.9163 4.91669 4.91653 4.9196 4.92051 4.92352 4.92813 4.93322 4.93379 4.93941 4.94597 4.93642
4.90782 4.91216 4.91988 4.91805 4.91812 4.91698 4.91695 4.91011 4.91737 4.91592 4.91894 4.9203 4.92145 4.9173 4.92122 4.92073 4.91958 4.91678 4.91469 4.91117 4.91393 4.91212 4.91241 4.91102 4.90977 4.90933 4.91395 4.9166 4.92867 4.91333 4.92625 4.91711 4.91475 4.90996 4.90877 4.9096 4.90902 4.9096 4.90944 4.91011 4.90932 4.90812 4.90919 4.91086 4.90776 4.90794 4.90966 4.90836 4.91422 4.91144 4.90783 4.91857 4.90963 4.91119 4.90777 4.90867 4.90776 4.90909 4.90776 4.9159 4.90827 4.92747 4.917 4.9284 4.92606 4.93521 4.9344
4.91483 4.91356 4.91422 4.91295 4.90605 4.90754 4.91008 4.91029 4.91503 4.91218 4.91488 4.91405 4.91789 4.91657 4.9148 4.92179 4.91991 4.91505 4.90793 4.91943 4.90344 4.90232 4.9018 4.89968 4.90011 4.90083 4.90478 4.90675 4.90571 4.91162 4.91173 4.92065 4.91028 4.89949 4.89997 4.90022 4.9016 4.90307 4.89961 4.89948 4.90118 4.902 4.89948 4.90233 4.90062 4.89982 4.90043 4.89956 4.9005 4.90268 4.90214 4.90448 4.90885 4.90354 4.89957 4.90495 4.90037 4.90239 4.8995 4.91431 4.90299 4.90879 4.91375 4.90945 4.93493 4.92338 4.92433
4.89672 4.89919 4.8978 4.89657 4.90408 4.90519 4.90372 4.91104 4.91012 4.90426 4.90928 4.91364 4.90905 4.9116 4.91205 4.9087 4.90609 4.90634 4.91226 4.90432 4.89921 4.89685 4.89505 4.89045 4.89048 4.89095 4.89261 4.89117 4.89546 4.89131 4.90709 4.91816 4.90844 4.89174 4.89349 4.89315 4.89136 4.89489 4.89237 4.89322 4.89228 4.89045 4.89351 4.90388 4.89215 4.89047 4.89142 4.89147 4.89922 4.89045 4.89727 4.90316 4.89696 4.89179 4.89116 4.89767 4.89067 4.89477 4.89081 4.90115 4.89325 4.8955 4.90152 4.91139 4.93001 4.9153 4.92187
4.89568 4.90183 4.90199 4.90105 4.89634 4.89245 4.90154 4.90484 4.90282 4.90523 4.90228 4.90771 4.90563 4.9062 4.91091 4.91202 4.91181 4.91084 4.9102 4.91348 4.90469 4.89346 4.88818 4.88456 4.88328 4.88801 4.89249 4.88339 4.88408 4.8892 4.88884 4.89166 4.88891 4.88445 4.89041 4.88271 4.88373 4.88291 4.88284 4.88294 4.88291 4.88963 4.88942 4.89459 4.88947 4.88938 4.88468 4.89297 4.89739 4.8941 4.89506 4.89542 4.88355 4.88662 4.89679 4.88268 4.89002 4.89429 4.88548 4.89096 4.89478 4.88638 4.88624 4.89989 4.92222 4.92827 4.91091
4.89471 4.89138 4.89646 4.88674 4.88483 4.89139 4.89654 4.89781 4.89984 4.90065 4.9047 4.90659 4.9081 4.90633 4.90723 4.91155 4.91159 4.9116 4.91163 4.91127 4.91127 4.91124 4.91162 4.91154 4.90551 4.9035 4.89817 4.89476 4.90964 4.90816 4.91569 4.89989 4.91152 4.88869 4.90628 4.89078 4.87947 4.88726 4.88006 4.88631 4.87531 4.88189 4.87514 4.87645 4.87541 4.87573 4.88266 4.87527 4.87769 4.87698 4.8826 4.88119 4.88411 4.87531 4.87812 4.87521 4.88466 4.88016 4.88314 4.88569 4.88327 4.88342 4.88086 4.8906 4.91253 4.91009 4.91589
4.88599 4.89238 4.89133 4.88827 4.88381 4.88579 4.89486 4.89287 4.89441 4.89143 4.89553 4.89607 4.89769 4.89991 4.89965 4.89756 4.89809 4.89993 4.9005 4.90271 4.9036 4.90299 4.90298 4.90344 4.90332 4.88456 4.88894 4.87479 4.87455 4.87764 4.87773 4.87814 4.87125 4.87148 4.87127 4.87448 4.87631 4.87903 4.87901 4.86953 4.90395 4.90002 4.9165 4.86785 4.89116 4.88346 4.86727 4.86863 4.87434 4.86967 4.87982 4.87764 4.8716 4.89328 4.8793 4.88883 4.86741 4.88225 4.86898 4.87209 4.88391 4.87415 4.89509 4.90092 4.91352 4.91199 4.89051
4.87768 4.8767 4.88022 4.88135 4.88374 4.88179 4.8859 4.88757 4.89209 4.89063 4.88603 4.88606 4.8881 4.88626 4.8867 4.89092 4.88524 4.88432 4.88734 4.8872 4.88144 4.87757 4.89312 4.88807 4.87404 4.86914 4.87433 4.86305 4.86012 4.86038 4.86008 4.86064 4.86068 4.86004 4.86064 4.85986 4.8599 4.86181 4.86042 4.87127 4.86847 4.87655 4.87922 4.89128 4.89505 4.88412 4.90789 4.89682 4.86605 4.87382 4.86275 4.87456 4.87295 4.88929 4.88071 4.88355 4.87531 4.87804 4.86898 4.86058 4.87082 4.87142 4.87763 4.89687 4.90045 4.9024 4.89287
4.8681 4.87999 4.88102 4.87771 4.88293 4.87944 4.88682 4.89187 4.88718 4.88409 4.88221 4.8816 4.8805 4.88475 4.88563 4.88015 4.87485 4.87612 4.87406 4.87591 4.88274 4.8705 4.85836 4.86174 4.8662 4.85491 4.85458 4.85359 4.85312 4.85387 4.85347 4.85392 4.85329 4.85335 4.85679 4.85332 4.85302 4.85311 4.85301 4.85301 4.85498 4.87445 4.87152 4.8741 4.87548 4.87691 4.90171 4.89852 4.89364 4.85874 4.85303 4.86766 4.86028 4.86536 4.89292 4.87612 4.86738 4.86574 4.86924 4.86647 4.85915 4.8703 4.86562 4.8908 4.9061 4.89664 4.88188
4.8891 4.8883 4.88605 4.88213 4.88309 4.88556 4.88436 4.88482 4.88188 4.87938 4.87624 4.87728 4.87501 4.87218 4.87098 4.86975 4.86457 4.86396 4.86533 4.8644 4.86445 4.8498 4.8462 4.84617 4.84814 4.84586 4.8456 4.84932 4.84774 4.84568 4.84575 4.84571 4.84562 4.84726 4.84623 4.84583 4.84683 4.84656 4.85075 4.8515 4.87577 4.85651 4.85592 4.86516 4.87393 4.86833 4.87405 4.88193 4.89574 4.91799 4.88677 4.90016 4.84581 4.86064 4.865 4.87058 4.88189 4.85855 4.84594 4.85976 4.85767 4.86963 4.86634 4.88109 4.89031 4.88537 4.8616
4.89227 4.88944 4.89143 4.89004 4.888 4.88484 4.88266 4.88227 4.88068 4.87769 4.87587 4.86947 4.86642 4.86654 4.86172 4.86 4.86255 4.8581 4.85125 4.85263 4.84429 4.84003 4.83917 4.83918 4.8392 4.84019 4.8392 4.83917 4.84034 4.84323 4.84068 4.83953 4.84064 4.83977 4.83943 4.83921 4.8395 4.84031 4.83918 4.84273 4.83926 4.84414 4.83919 4.86122 4.85838 4.85315 4.85922 4.86666 4.89283 4.89006 4.91119 4.89406 4.89386 4.89014 4.90908 4.91252 4.88759 4.87388 4.84787 4.84913 4.86175 4.86489 4.86258 4.84466 4.87876 4.86893 4.86308
4.88833 4.88854 4.88352 4.88986 4.88914 4.8879 4.88304 4.88137 4.87719 4.87134 4.87087 4.86281 4.86031 4.85685 4.85814 4.85124 4.85427 4.8456 4.84594 4.84203 4.83731 4.83507 4.83393 4.83323 4.83317 4.83302 4.83432 4.83914 4.83937 4.83628 4.83466 4.84165 4.83543 4.84566 4.83599 4.84592 4.83476 4.83331 4.83317 4.834 4.83485 4.83521 4.83407 4.83931 4.84446 4.83355 4.84377 4.84576 4.85924 4.86983 4.88175 4.89365 4.90285 4.90441 4.8952 4.89518 4.90354 4.89947 4.85095 4.86162 4.85636 4.85109 4.84658 4.85237 4.87605 4.88096 4.83427
4.88502 4.87651 4.87837 4.88146 4.88301 4.88468 4.88295 4.88113 4.87298 4.86846 4.86306 4.8609 4.85566 4.85575 4.84807 4.84826 4.8505 4.84361 4.8403 4.83409 4.82932 4.82862 4.83153 4.82831 4.82993 4.82779 4.83123 4.83313 4.82901 4.83661 4.83002 4.82966 4.82712 4.832 4.82979 4.82697 4.82877 4.82742 4.83378 4.82934 4.82628 4.83131 4.82786 4.85961 4.84005 4.8544 4.834 4.83063 4.84473 4.85965 4.85604 4.87819 4.8751 4.88914 4.87197 4.87972 4.88999 4.87148 4.86151 4.86196 4.85483 4.84007 4.83644 4.86091 4.84418 4.87373 4.87481
4.86974 4.87173 4.87968 4.88301 4.87888 4.88622 4.87729 4.88417 4.8762 4.86793 4.86215 4.85862 4.85152 4.84989 4.83933 4.83747 4.83595 4.83229 4.83393 4.8285 4.82995 4.82985 4.83099 4.8246 4.82257 4.82139 4.82104 4.82298 4.83127 4.83369 4.82728 4.82611 4.8239 4.82332 4.82214 4.82676 4.82334 4.83373 4.82429 4.82733 4.82397 4.82322 4.82278 4.82064 4.82158 4.84586 4.86627 4.86182 4.82898 4.84415 4.85659 4.86068 4.86111 4.88004 4.87922 4.87066 4.8898 4.8837 4.86315 4.85825 4.86903 4.85571 4.84981 4.84337 4.85525 4.86803 4.86924
4.88137 4.88281 4.87953 4.87709 4.88157 4.87336 4.87335 4.88203 4.87666 4.86665 4.85944 4.85664 4.85598 4.84513 4.84254 4.83767 4.82986 4.83078 4.829 4.82267 4.82093 4.81921 4.81663 4.81848 4.81677 4.81789 4.81646 4.81495 4.81953 4.82147 4.82712 4.82179 4.81588 4.82138 4.81646 4.81802 4.81727 4.82513 4.81749 4.81498 4.81524 4.81602 4.815 4.81571 4.81668 4.81856 4.83856 4.84592 4.85036 4.85589 4.84567 4.8542 4.85641 4.86928 4.86222 4.85854 4.84743 4.89846 4.89188 4.871 4.8771 4.88093 4.88641 4.90526 4.87865 4.815 4.83948
4.88735 4.88235 4.88625 4.88209 4.8744 4.87698 4.86834 4.87276 4.8602 4.86333 4.85813 4.85205 4.84739 4.84277 4.84 4.83294 4.82929 4.82534 4.82868 4.81957 4.81675 4.81228 4.81199 4.81101 4.81145 4.80917 4.80931 4.80892 4.80906 4.81208 4.82026 4.8105 4.81444 4.8146 4.82183 4.81554 4.81002 4.80939 4.8108 4.81191 4.81196 4.80996 4.81406 4.8105 4.81039 4.81101 4.81171 4.81062 4.80935 4.82406 4.82949 4.82467 4.8361 4.8435 4.86384 4.86709 4.87296 4.86107 4.86574 4.87727 4.90086 4.89947 4.90481 4.88909 4.90552 4.91269 4.88294
4.89869 4.90203 4.88753 4.88306 4.88213 4.88306 4.87222 4.88158 4.86006 4.85816 4.85275 4.8508 4.84957 4.84 4.84065 4.84842 4.83132 4.82525 4.81455 4.82472 4.8104 4.80874 4.80721 4.80711 4.80599 4.80415 4.80614 4.8055 4.80379 4.80378 4.80893 4.80785 4.80733 4.8102 4.81341 4.81253 4.81118 4.80903 4.80591 4.80692 4.80781 4.8085 4.81643 4.80728 4.80379 4.81294 4.80402 4.80377 4.80594 4.80439 4.80411 4.80777 4.80997 4.83358 4.82481 4.82722 4.83321 4.82632 4.85068 4.85966 4.87217 4.8799 4.88308 4.88028 4.87237 4.88833 4.90745
