data/70055_lisa.smith_molt_lat_elev_map/70055_lisa.smith_molt_lat_elev_map/stdreg.asc
ncols 411
nrows 282
xllcorner -103.69999694824219
yllcorner 24.299999246460544
cellsize 0.0833333333
NODATA_value -9999
[rows 120 to 149 of 282, columns 268 to 334 of 411]
4.8301 4.84515 4.90991 4.85293 4.97541 5.01944 4.84846 4.80482 5.01597 4.81311 4.84436 4.84283 4.79475 4.8101 4.95237 4.78481 4.75623 4.80833 4.73851 4.74194 4.75158 4.81594 4.76452 4.73421 4.73583 4.74843 4.8893 4.93396 4.80694 4.73107 4.74231 4.73166 4.73853 4.74406 4.76301 4.75635 4.75824 4.75824 4.77247 4.76901 4.77241 4.77324 4.7721 4.77057 4.77803 4.77526 4.78948 4.79131 4.79828 4.78409 4.78699 4.7989 4.78602 4.79555 4.79204 4.79855 4.8152 4.81577 4.79919 4.79849 4.80157 4.81579 4.8152 4.8152 4.8152 4.8152 4.8152
4.89744 4.87769 4.9082 4.93404 5.0255 5.1085 4.77397 5.09057 4.87319 4.79715 4.81884 4.87666 5.0008 4.93376 4.8343 5.03303 4.74721 4.94109 4.76059 4.73322 5.02469 4.77225 4.80339 4.7311 4.73113 4.79898 4.90642 4.7852 4.73445 4.73758 4.73835 4.73154 4.74028 4.75208 4.75329 4.75702 4.75932 4.76877 4.77328 4.76909 4.76962 4.77871 4.77317 4.77059 4.77096 4.77185 4.77502 4.78106 4.78423 4.80637 4.8014 4.79612 4.79759 4.80668 4.79249 4.79414 4.79509 4.80271 4.81461 4.81355 4.80058 4.81687 4.81461 4.81461 4.81461 4.81461 4.81461
4.82278 4.83285 4.8997 5.1021 5.05552 4.9 4.78396 4.77373 4.83431 4.79492 4.92249 4.90049 5.06775 4.92488 4.9751 4.83498 5.00063 4.73737 4.73532 4.7341 4.77098 4.95484 4.73779 4.73192 4.85305 4.73657 4.73119 4.73133 4.73873 4.73765 4.74547 4.74865 4.75392 4.74863 4.75489 4.76135 4.75735 4.763 4.76908 4.76314 4.77117 4.7744 4.7737 4.76959 4.7728 4.78133 4.77111 4.78375 4.78354 4.78444 4.7913 4.80927 4.79921 4.79851 4.80734 4.79753 4.79853 4.79763 4.81518 4.81406 4.81295 4.81406 4.81406 4.81406 4.81406 4.81406 4.81462
4.82154 4.94426 5.06093 4.97191 4.84139 4.93061 4.79422 4.79237 4.7923 4.81638 4.82942 4.95711 4.94715 4.8417 5.06726 4.77844 4.74345 4.81982 4.74637 4.74498 4.7332 4.7323 4.82137 5.11503 4.73223 4.7316 4.79864 4.7325 4.73526 4.73545 4.74743 4.74534 4.73564 4.75318 4.75256 4.7424 4.75238 4.7722 4.76073 4.76335 4.77435 4.76747 4.76207 4.76495 4.78204 4.77886 4.7812 4.78051 4.78971 4.79378 4.79025 4.79528 4.7995 4.81514 4.81584 4.80978 4.79974 4.79669 4.80609 4.80098 4.8047 4.81406 4.8135 4.8135 4.8135 4.8135 4.81457
4.89593 5.011 5.03372 4.89971 4.88732 4.86686 4.78719 4.83033 4.84452 4.86111 5.25332 5.0862 5.04704 4.79959 4.9614 5.03803 4.78704 4.74272 4.74821 4.73534 4.76732 4.84664 4.90361 4.73205 4.7932 4.74602 4.73517 4.73353 4.73596 4.7462 4.74331 4.74047 4.73245 4.74657 4.74355 4.73938 4.75934 4.75602 4.76316 4.76863 4.77412 4.76934 4.77143 4.7667 4.7783 4.77486 4.77629 4.78902 4.79122 4.78753 4.79457 4.80531 4.79892 4.79846 4.79763 4.79817 4.81067 4.79678 4.79948 4.79733 4.80629 4.81294 4.81285 4.81285 4.81285 4.81285 4.80755
4.93947 4.99509 4.94982 4.95829 4.95404 4.95848 4.83198 4.80618 5.09286 5.16284 5.21756 4.89227 4.99124 5.08206 4.77407 4.87091 4.84909 4.76159 4.75142 4.74592 4.73196 4.73526 4.73192 4.73383 4.73192 4.73337 4.7363 4.73394 4.74091 4.73488 4.73728 4.73577 4.73773 4.75138 4.74921 4.7513 4.75671 4.75805 4.76788 4.75658 4.76874 4.76994 4.77649 4.76984 4.77272 4.77253 4.78074 4.78606 4.81448 4.81519 4.80079 4.79901 4.7951 4.79813 4.80747 4.7951 4.79546 4.81171 4.79559 4.81259 4.81264 4.8066 4.81226 4.81226 4.81226 4.81116 4.80976
4.99412 4.9218 4.99021 4.95272 4.92606 5.06849 4.81898 5.0878 4.82 4.79529 4.83184 4.91068 4.93202 4.85371 4.77023 4.77835 4.73547 4.73338 4.73252 4.74866 4.73533 4.73335 4.73237 4.73425 4.73504 4.73326 4.73311 4.73369 4.73282 4.73441 4.73668 4.73864 4.74072 4.74487 4.74661 4.75218 4.76118 4.75777 4.75813 4.76001 4.75891 4.76292 4.77351 4.78041 4.7795 4.77261 4.7801 4.79145 4.80472 4.8018 4.81164 4.81164 4.81164 4.81164 4.8111 4.79602 4.79545 4.81164 4.81164 4.81103 4.81219 4.81164 4.81164 4.81164 4.81164 4.80747 4.81164
5.02066 5.13638 5.05057 5.083 4.95132 4.88092 5.05596 4.95364 4.82655 4.85868 4.80352 4.83203 4.84047 4.82839 4.75255 4.84243 4.77491 4.74633 4.73311 4.73244 4.73273 4.73289 4.73351 4.73248 4.73391 4.74013 4.7345 4.73436 4.73575 4.74306 4.73817 4.73947 4.74413 4.74671 4.7519 4.74746 4.75972 4.75719 4.75055 4.75229 4.76322 4.77187 4.77251 4.77033 4.77851 4.77642 4.77914 4.79009 4.79027 4.79021 4.78922 4.79426 4.79739 4.79346 4.81313 4.81094 4.81094 4.81094 4.79444 4.81148 4.81094 4.81094 4.81094 4.81094 4.81094 4.80455 4.81094
5.12351 5.23479 5.18795 5.07428 5.02101 4.89136 5.01415 4.90033 4.84109 4.82836 4.81027 4.84804 4.86213 4.82413 4.87736 4.99429 4.88205 4.75519 4.73797 4.73325 4.73264 4.73261 4.73289 4.73784 4.73679 4.73676 4.73938 4.74031 4.74145 4.74858 4.74095 4.74265 4.74356 4.74497 4.74587 4.74842 4.74817 4.74481 4.74854 4.75685 4.76015 4.7599 4.75948 4.76434 4.76939 4.77094 4.77966 4.78631 4.78461 4.78774 4.79399 4.79052 4.79165 4.79205 4.793 4.7943 4.80815 4.81029 4.80446 4.80333 4.80865 4.81084 4.81029 4.81029 4.81029 4.81029 4.81029
5.23098 5.07419 5.1583 5.05863 4.9702 5.02449 4.90562 4.84928 4.8231 4.81746 4.81212 4.842 4.92928 4.94107 4.97262 4.98548 4.74437 4.74036 4.73432 4.73334 4.73295 4.73392 4.73438 4.73489 4.73523 4.73467 4.73834 4.74393 4.7479 4.7512 4.74756 4.75409 4.74737 4.74606 4.74975 4.74228 4.74932 4.74556 4.75265 4.75818 4.76866 4.76089 4.7651 4.76258 4.77127 4.7736 4.78369 4.78726 4.78722 4.79048 4.79101 4.78915 4.79209 4.79774 4.79233 4.79381 4.79485 4.80964 4.80964 4.80331 4.80691 4.80627 4.80964 4.80964 4.80964 4.80964 4.80964
5.0385 4.99362 4.97519 4.92689 4.90139 4.84985 4.98502 4.85371 4.84309 5.03514 5.00057 4.92466 4.90523 4.90702 4.93072 4.96 4.74909 4.74138 4.73777 4.7332 4.73298 4.73329 4.7342 4.73502 4.73303 4.73538 4.74025 4.74541 4.74305 4.74276 4.74963 4.75726 4.75683 4.75529 4.74661 4.74729 4.75359 4.75575 4.74571 4.75237 4.75951 4.7609 4.76522 4.76916 4.7697 4.77595 4.77767 4.7907 4.79602 4.79433 4.7996 4.79359 4.78939 4.79124 4.7927 4.79642 4.79475 4.80261 4.80414 4.80888 4.80888 4.80888 4.80888 4.80888 4.80888 4.80888 4.80888
4.94366 4.9827 4.94543 5.0108 5.07946 4.87103 4.8563 4.89583 4.89472 4.89657 4.96161 5.02557 4.9603 4.94136 4.88562 4.74536 4.74156 4.74548 4.73955 4.73521 4.7333 4.73454 4.73346 4.73342 4.73488 4.7415 4.74278 4.74867 4.75228 4.74355 4.74756 4.74595 4.76076 4.75234 4.74716 4.74988 4.7516 4.76029 4.75436 4.7622 4.75295 4.75728 4.76424 4.76529 4.77753 4.78138 4.77986 4.7886 4.78773 4.79162 4.79487 4.79442 4.78887 4.79395 4.79391 4.79705 4.79349 4.79497 4.80355 4.80872 4.80819 4.80555 4.80451 4.80282 4.80424 4.80819 4.80819
5.12823 4.99287 5.03064 5.00859 5.02429 4.94195 4.95215 4.9503 4.95768 4.92587 4.9677 5.16401 5.23964 4.80152 4.7447 4.73881 4.73449 4.73992 4.73719 4.74449 4.74416 4.73355 4.73395 4.73711 4.73916 4.7346 4.74238 4.74555 4.74644 4.75564 4.75459 4.75414 4.75325 4.75875 4.74795 4.74729 4.75384 4.75449 4.76348 4.76578 4.76614 4.76343 4.76874 4.76483 4.76667 4.77411 4.77856 4.78291 4.7873 4.79238 4.79577 4.7963 4.79425 4.79333 4.79919 4.79482 4.793 4.7963 4.80661 4.80032 4.8044 4.80581 4.80192 4.80376 4.80334 4.80696 4.80748
5.2997 5.25451 5.03776 4.99929 4.96242 4.90114 4.95269 4.98523 5.00313 4.95368 5.03801 5.07403 5.08593 4.88006 4.78769 4.74325 4.73676 4.73363 4.73435 4.73368 4.73345 4.73405 4.73524 4.7346 4.73512 4.73843 4.73848 4.74929 4.75061 4.75487 4.75354 4.76216 4.75554 4.75705 4.75734 4.75738 4.76169 4.76005 4.76268 4.75576 4.75969 4.76654 4.77928 4.77864 4.78089 4.7793 4.78305 4.79168 4.7902 4.78977 4.79006 4.78947 4.799 4.7917 4.79559 4.7922 4.7927 4.7955 4.79622 4.79803 4.7991 4.80464 4.80309 4.80403 4.80355 4.80615 4.80668
5.0453 5.04009 5.16932 4.99685 4.96572 4.92262 4.97 5.0155 4.89793 4.76459 4.87343 4.87838 4.77658 4.79258 4.74289 4.73652 4.73367 4.73508 4.73412 4.73489 4.73359 4.73388 4.73899 4.7424 4.74133 4.74233 4.74777 4.74948 4.74837 4.7513 4.75147 4.75803 4.7588 4.75996 4.76502 4.75934 4.76431 4.77271 4.77199 4.7649 4.76381 4.75941 4.76062 4.7635 4.7723 4.77727 4.78381 4.79064 4.79155 4.78907 4.79287 4.79071 4.79342 4.79838 4.79657 4.79334 4.79545 4.79494 4.79496 4.79677 4.79819 4.80021 4.80127 4.80336 4.80588 4.80595 4.80911
5.03397 5.04598 4.99011 4.99796 5.02298 5.01291 4.82559 4.77191 4.74716 4.74143 4.74495 4.75627 4.73859 4.73975 4.74038 4.7358 4.73371 4.73369 4.73368 4.73493 4.73808 4.74152 4.74525 4.74115 4.74639 4.74576 4.75729 4.7481 4.74407 4.75431 4.75695 4.74804 4.75296 4.757 4.76017 4.76401 4.76048 4.76271 4.76421 4.77328 4.77259 4.76994 4.76968 4.76558 4.77057 4.77793 4.78904 4.78833 4.7952 4.79721 4.79907 4.79856 4.78967 4.79804 4.7987 4.7953 4.79006 4.79459 4.79517 4.79611 4.79562 4.79978 4.80253 4.80262 4.80365 4.8052 4.8052
5.08114 5.07755 5.44175 5.11512 5.03385 5.07182 4.78173 4.75104 4.74754 4.73555 4.74619 4.73991 4.73583 4.73487 4.73572 4.73403 4.7343 4.73423 4.73401 4.74444 4.73936 4.73565 4.73938 4.74553 4.74879 4.74864 4.75288 4.75143 4.74446 4.74654 4.74992 4.74392 4.74829 4.75489 4.74974 4.75916 4.76239 4.75333 4.75882 4.76483 4.76099 4.76982 4.7652 4.77032 4.77387 4.78932 4.78218 4.78337 4.78424 4.78737 4.79248 4.79363 4.79925 4.7982 4.79535 4.79724 4.7944 4.79681 4.79439 4.79484 4.79919 4.80027 4.80128 4.80181 4.8018 4.80435 4.80435
5.11639 5.12554 5.23617 4.78103 4.78909 4.82266 4.74803 4.74983 4.74206 4.74218 4.73468 4.73899 4.75136 4.78881 4.7395 4.73449 4.73655 4.7409 4.74016 4.73621 4.73419 4.73628 4.74065 4.73696 4.74273 4.74609 4.74274 4.74146 4.74074 4.73551 4.74364 4.74077 4.74611 4.74699 4.74569 4.75198 4.75664 4.75213 4.76129 4.76213 4.7581 4.76519 4.76343 4.76127 4.77565 4.78277 4.79372 4.78624 4.78897 4.79033 4.78989 4.79405 4.793 4.79374 4.8062 4.79839 4.79658 4.79325 4.7932 4.79702 4.79997 4.79954 4.79956 4.80108 4.80005 4.80359 4.80359
5.1376 4.8306 4.76498 4.75337 4.74332 4.75213 4.74335 4.73514 4.73645 4.7343 4.73431 4.7344 4.73509 4.73476 4.73426 4.73761 4.73542 4.73401 4.73428 4.73465 4.73533 4.7357 4.73554 4.73543 4.73587 4.74004 4.74198 4.73999 4.73895 4.74266 4.74493 4.74507 4.75051 4.74621 4.75097 4.75508 4.74921 4.75584 4.7607 4.76122 4.77319 4.76547 4.77064 4.76943 4.77855 4.78473 4.79257 4.79487 4.79063 4.79116 4.79061 4.79109 4.79387 4.79393 4.79461 4.79185 4.80384 4.79498 4.79664 4.79838 4.79784 4.79981 4.80471 4.80015 4.79978 4.80389 4.80281
4.84354 4.80947 4.74381 4.74087 4.74045 4.73509 4.73551 4.73912 4.73477 4.73597 4.73584 4.73441 4.73524 4.73456 4.73408 4.73408 4.73441 4.73404 4.73404 4.7341 4.73436 4.73443 4.73709 4.73889 4.73903 4.73625 4.73623 4.73626 4.7388 4.73981 4.74639 4.74789 4.7472 4.75543 4.75235 4.75659 4.75396 4.75562 4.75875 4.76568 4.77214 4.76578 4.77595 4.77959 4.78665 4.78589 4.78465 4.79028 4.79442 4.79118 4.78623 4.78842 4.78888 4.79369 4.79132 4.79265 4.80192 4.79416 4.79553 4.79778 4.79844 4.79786 4.79934 4.80243 4.80192 4.80192 4.79846
4.75848 4.74364 4.73753 4.73827 4.7616 4.78327 4.73889 4.7367 4.73495 4.73411 4.73437 4.73425 4.73411 4.73431 4.7344 4.73433 4.7352 4.73428 4.73416 4.73415 4.73491 4.73607 4.73725 4.7399 4.73872 4.74162 4.73651 4.73691 4.74006 4.74032 4.7533 4.76446 4.75814 4.75566 4.75364 4.7598 4.76205 4.76199 4.75575 4.76077 4.77186 4.77254 4.77687 4.78198 4.78422 4.78903 4.79046 4.78686 4.78862 4.79517 4.78829 4.79096 4.79136 4.79012 4.7887 4.78867 4.80113 4.79757 4.79272 4.79519 4.80209 4.79771 4.80263 4.80113 4.80113 4.80113 4.80113
4.7944 4.74702 4.79956 4.85504 4.80217 4.74677 4.73548 4.73524 4.73591 4.7342 4.73446 4.73538 4.73454 4.73474 4.73419 4.73449 4.73445 4.73416 4.73416 4.7345 4.73518 4.73772 4.74015 4.74132 4.74183 4.74006 4.73695 4.73807 4.73789 4.74841 4.75819 4.76041 4.76484 4.75235 4.7472 4.75515 4.75931 4.76654 4.76555 4.76321 4.76709 4.7703 4.77433 4.78105 4.78312 4.78523 4.78925 4.78561 4.78709 4.79117 4.79545 4.79115 4.78933 4.79118 4.79076 4.79154 4.80032 4.80083 4.79541 4.79398 4.80032 4.80032 4.80032 4.80032 4.80032 4.80032 4.80032
4.81814 4.77387 4.74445 4.74686 4.74786 4.74671 4.73496 4.73452 4.73423 4.73425 4.73574 4.73464 4.73582 4.73454 4.73424 4.7343 4.73422 4.73422 4.73458 4.73442 4.73534 4.73543 4.7382 4.73919 4.73936 4.74219 4.74208 4.74108 4.74249 4.76172 4.7562 4.75682 4.74941 4.7621 4.75935 4.75723 4.75227 4.76483 4.76773 4.77032 4.76768 4.77346 4.77518 4.78435 4.78941 4.78935 4.78982 4.78895 4.78491 4.78798 4.78629 4.79272 4.79162 4.79074 4.79345 4.79117 4.79941 4.79941 4.79941 4.79941 4.79991 4.80041 4.79647 4.79454 4.79598 4.80141 4.79941
4.74652 4.73929 4.73884 4.74126 4.7364 4.73429 4.73425 4.73466 4.73432 4.73597 4.73463 4.73561 4.7355 4.73434 4.73477 4.73454 4.73459 4.73442 4.73535 4.7345 4.73483 4.73755 4.7355 4.73724 4.73811 4.74612 4.74434 4.74254 4.74921 4.76654 4.76037 4.75684 4.75053 4.75114 4.76895 4.75923 4.76101 4.7626 4.75945 4.76558 4.77336 4.77466 4.7783 4.78028 4.78176 4.78245 4.78582 4.79047 4.78685 4.78426 4.78859 4.79184 4.7943 4.7942 4.7947 4.79472 4.79476 4.7961 4.79659 4.79515 4.79616 4.79472 4.79564 4.79384 4.79635 4.79405 4.79714
4.73752 4.73633 4.73842 4.73447 4.73596 4.73483 4.73431 4.73431 4.73429 4.73595 4.73657 4.73608 4.73437 4.73614 4.73494 4.7343 4.73774 4.737 4.73678 4.73543 4.73622 4.73827 4.73592 4.73942 4.73716 4.74044 4.74468 4.74393 4.75429 4.76219 4.75502 4.74922 4.74862 4.76286 4.76599 4.75739 4.75833 4.75809 4.76212 4.76738 4.77209 4.77676 4.77796 4.78209 4.78655 4.78604 4.79205 4.78973 4.78787 4.78608 4.78999 4.78602 4.79061 4.79162 4.79032 4.79111 4.79143 4.79243 4.79583 4.79586 4.79678 4.79629 4.79633 4.7935 4.79815 4.79218 4.79202
4.74021 4.73772 4.73663 4.73523 4.73443 4.73507 4.73488 4.73433 4.73469 4.73548 4.7348 4.73502 4.73736 4.73701 4.73446 4.73506 4.73521 4.74281 4.73988 4.7344 4.73839 4.74352 4.73986 4.73811 4.74151 4.74446 4.74691 4.75406 4.76547 4.76289 4.75307 4.74866 4.75086 4.75585 4.75963 4.7682 4.76064 4.7631 4.76575 4.76795 4.77384 4.7809 4.78009 4.78004 4.77924 4.78443 4.78661 4.79068 4.78926 4.78748 4.78921 4.78893 4.78843 4.78938 4.78705 4.78934 4.79443 4.79395 4.79928 4.79397 4.79209 4.79252 4.7949 4.79581 4.79774 4.79351 4.79055
4.73679 4.7344 4.73467 4.7378 4.73501 4.73435 4.73445 4.73444 4.73455 4.7348 4.73533 4.73453 4.73579 4.73729 4.73647 4.73691 4.73878 4.74755 4.73458 4.73462 4.74111 4.74322 4.74492 4.74038 4.74542 4.74914 4.75355 4.75966 4.76737 4.76316 4.75862 4.75171 4.75933 4.75392 4.76453 4.76228 4.76646 4.76742 4.77254 4.77073 4.77603 4.78113 4.78277 4.78237 4.77939 4.78185 4.78364 4.78201 4.79269 4.79126 4.79172 4.78939 4.78905 4.78509 4.78579 4.78968 4.79412 4.79417 4.7941 4.79226 4.79208 4.79131 4.79415 4.79448 4.79137 4.79208 4.79588
4.74066 4.73439 4.73479 4.73567 4.73465 4.73481 4.73465 4.73441 4.73441 4.7344 4.73438 4.73442 4.7356 4.73515 4.73914 4.73558 4.73452 4.74198 4.73459 4.73635 4.74334 4.74504 4.74752 4.74509 4.75231 4.76347 4.76424 4.76092 4.76764 4.75701 4.75076 4.75731 4.75594 4.76037 4.76791 4.76784 4.77257 4.77322 4.77119 4.77163 4.77667 4.77627 4.77791 4.78202 4.78256 4.78498 4.78369 4.78336 4.7846 4.78591 4.79138 4.79232 4.79284 4.78905 4.78769 4.78955 4.79233 4.79471 4.79313 4.79664 4.79328 4.79371 4.79417 4.79464 4.79375 4.79479 4.79663
4.73622 4.73463 4.73554 4.73442 4.73469 4.73465 4.73456 4.73564 4.73667 4.73509 4.73549 4.73542 4.73737 4.73606 4.73617 4.74128 4.73656 4.73916 4.73658 4.7398 4.74436 4.74502 4.74862 4.75051 4.76123 4.75584 4.75141 4.74748 4.74563 4.75974 4.76799 4.7656 4.76032 4.76236 4.77135 4.77377 4.7754 4.77391 4.77357 4.77865 4.77583 4.77666 4.7803 4.77967 4.78382 4.78768 4.78592 4.78601 4.78462 4.78864 4.78726 4.78685 4.78828 4.79425 4.79236 4.79473 4.79092 4.79326 4.79468 4.7928 4.79173 4.7905 4.79382 4.79244 4.79233 4.79425 4.79425
4.73601 4.7345 4.73445 4.73448 4.73572 4.73549 4.73455 4.73451 4.73744 4.73712 4.73677 4.73576 4.73791 4.73632 4.7409 4.73955 4.75241 4.73473 4.74138 4.74054 4.74243 4.74439 4.74222 4.75345 4.75454 4.74712 4.74859 4.75522 4.75467 4.75894 4.76335 4.77063 4.7702 4.7626 4.76278 4.76703 4.77582 4.77924 4.78042 4.78166 4.78288 4.77797 4.77924 4.78045 4.77809 4.78254 4.78438 4.78871 4.78872 4.78876 4.78746 4.7865 4.78433 4.78887 4.78478 4.79108 4.79342 4.79342 4.79342 4.79437 4.79437 4.79251 4.79163 4.7901 4.79342 4.79342 4.79342
