data/70055_lisa.smith_molt_lat_elev_map/70055_lisa.smith_molt_lat_elev_map/stdreg.asc
ncols 411
nrows 282
xllcorner -103.69999694824219
yllcorner 24.299999246460544
cellsize 0.0833333333
NODATA_value -9999
[rows 180 to 209 of 282, columns 67 to 133 of 411]
4.75209 4.75084 4.76293 4.78367 4.76805 4.76054 4.76432 4.74823 4.74445 4.74538 4.74444 4.74487 4.74538 4.74563 4.74585 4.74733 4.74542 4.74598 4.74527 4.74609 4.74616 4.74565 4.74486 4.74472 4.74469 4.74457 4.74626 4.74787 4.7472 4.74711 4.74617 4.74775 4.74791 4.74621 4.74867 4.74504 4.74665 4.74939 4.74974 4.74596 4.74671 4.75119 4.756 4.75377 4.75164 4.75737 4.75393 4.752 4.75675 4.75656 4.75748 4.75716 4.76015 4.75371 4.75329 4.756 4.75773 4.75796 4.75366 4.75257 4.75202 4.75628 4.75289 4.75058 4.75331 4.76113 4.75642
4.76465 4.74894 4.75209 4.76134 4.76357 4.75973 4.7525 4.75259 4.74692 4.74551 4.74551 4.74554 4.74579 4.74552 4.7469 4.7457 4.74552 4.74795 4.74643 4.7481 4.74746 4.74745 4.74638 4.74591 4.7457 4.74612 4.74604 4.74745 4.74774 4.74928 4.74974 4.74843 4.7482 4.74906 4.74626 4.74887 4.74613 4.74936 4.74816 4.74997 4.75237 4.75056 4.74976 4.75102 4.75684 4.7541 4.75612 4.75909 4.7578 4.7588 4.75899 4.76104 4.76084 4.75717 4.75368 4.75713 4.75981 4.75801 4.75469 4.74847 4.74832 4.74978 4.75563 4.75318 4.75814 4.75821 4.75862
4.75154 4.75251 4.75263 4.75104 4.75401 4.7742 4.76183 4.75013 4.74772 4.7518 4.74742 4.74692 4.74706 4.74659 4.74729 4.7471 4.7467 4.74687 4.74998 4.7496 4.74927 4.74891 4.74842 4.74705 4.74756 4.74849 4.74723 4.74682 4.74719 4.74942 4.74834 4.75107 4.7516 4.75004 4.74744 4.74846 4.75005 4.75019 4.75072 4.74894 4.75058 4.75218 4.75608 4.75363 4.75582 4.75337 4.75217 4.75565 4.75786 4.75855 4.75348 4.75719 4.76036 4.76153 4.76106 4.75649 4.75753 4.75815 4.75632 4.7522 4.75453 4.75071 4.75036 4.75297 4.75317 4.75989 4.7623
4.76469 4.7595 4.75257 4.75306 4.75039 4.76164 4.76791 4.75916 4.75486 4.75338 4.74864 4.74936 4.74807 4.74779 4.75325 4.74845 4.74765 4.74814 4.75002 4.75166 4.75237 4.74954 4.74997 4.74899 4.75007 4.74961 4.74815 4.74781 4.74856 4.74789 4.74825 4.74782 4.74852 4.74834 4.7508 4.75232 4.75364 4.7549 4.75226 4.75037 4.74971 4.74932 4.75228 4.74891 4.74973 4.74922 4.75136 4.75132 4.75383 4.75693 4.75698 4.75912 4.76017 4.76234 4.76212 4.75551 4.75836 4.75937 4.76034 4.75525 4.75653 4.75724 4.75285 4.75207 4.75439 4.75457 4.75579
4.78605 4.77242 4.76629 4.75841 4.75172 4.75539 4.75592 4.76442 4.76156 4.76023 4.75489 4.75276 4.74967 4.74925 4.7506 4.75052 4.7489 4.74937 4.75115 4.74993 4.75382 4.75081 4.75275 4.75145 4.75255 4.75078 4.74928 4.74891 4.74892 4.74894 4.74951 4.74984 4.74891 4.74898 4.74898 4.74992 4.75052 4.75142 4.75206 4.75611 4.75686 4.75361 4.75303 4.75359 4.75239 4.75196 4.75416 4.75333 4.75417 4.757 4.75933 4.75715 4.75836 4.7623 4.76285 4.75912 4.76121 4.76054 4.75994 4.75576 4.7596 4.75712 4.75221 4.75319 4.75638 4.75407 4.75657
4.77019 4.77305 4.77181 4.76613 4.77153 4.75453 4.75365 4.76367 4.75631 4.75584 4.75496 4.75237 4.75097 4.75044 4.75489 4.75065 4.75015 4.75052 4.7505 4.75175 4.75483 4.75338 4.75192 4.75514 4.75417 4.75188 4.75119 4.75019 4.75063 4.75015 4.75068 4.75013 4.75109 4.75066 4.75057 4.75052 4.75104 4.75041 4.75169 4.75354 4.75308 4.75401 4.75476 4.75791 4.75936 4.7569 4.75551 4.75425 4.75283 4.7539 4.75802 4.76091 4.76173 4.76057 4.76539 4.76514 4.76094 4.75978 4.75781 4.75583 4.75903 4.75636 4.75838 4.75428 4.7597 4.75912 4.75821
4.78369 4.77586 4.76204 4.76734 4.75958 4.75257 4.75526 4.76345 4.75827 4.75497 4.75635 4.75372 4.7521 4.75153 4.75154 4.75192 4.75149 4.7524 4.75167 4.75204 4.75365 4.75632 4.75636 4.75411 4.75585 4.75331 4.75342 4.75146 4.75147 4.75277 4.75309 4.75289 4.75387 4.7522 4.75159 4.75145 4.75192 4.75147 4.75249 4.75225 4.75527 4.75396 4.75298 4.75528 4.75624 4.75684 4.76009 4.75675 4.75639 4.75565 4.75566 4.76091 4.76237 4.76255 4.76636 4.76639 4.76551 4.75901 4.75849 4.76419 4.75864 4.7584 4.76222 4.76019 4.76152 4.7625 4.75842
4.81348 4.79081 4.76921 4.76786 4.75701 4.75733 4.75418 4.75637 4.75777 4.75477 4.75864 4.7559 4.75372 4.75765 4.75544 4.75301 4.75302 4.75414 4.75438 4.756 4.75468 4.75576 4.75505 4.75778 4.75686 4.75696 4.75486 4.75333 4.75303 4.75354 4.75523 4.75585 4.75531 4.75378 4.75364 4.75385 4.75493 4.7531 4.75426 4.753 4.75454 4.75393 4.75445 4.75612 4.75729 4.75927 4.76049 4.76074 4.75787 4.75873 4.75646 4.75785 4.76022 4.76465 4.76427 4.76759 4.76759 4.76254 4.7615 4.76546 4.76088 4.75853 4.76076 4.76113 4.76638 4.76074 4.76075
4.79808 4.80012 4.79388 4.79215 4.79024 4.76334 4.76042 4.75608 4.75613 4.75616 4.75824 4.7576 4.75639 4.76194 4.7561 4.75447 4.75479 4.75483 4.75474 4.75585 4.75562 4.75746 4.75685 4.75715 4.75798 4.75957 4.75602 4.75542 4.75587 4.75447 4.75454 4.75449 4.75749 4.75485 4.75449 4.7563 4.75489 4.75542 4.75729 4.75499 4.75544 4.75485 4.75553 4.75685 4.75715 4.75953 4.76013 4.76369 4.7617 4.76108 4.75938 4.75963 4.75757 4.76301 4.76507 4.76664 4.76898 4.76354 4.76433 4.7654 4.7648 4.75762 4.76402 4.76294 4.76767 4.76328 4.76154
4.78966 4.7934 4.78804 4.78215 4.76935 4.7667 4.76981 4.75722 4.75796 4.75768 4.75821 4.75842 4.75683 4.76151 4.75698 4.75605 4.75605 4.75602 4.7566 4.75706 4.7567 4.75734 4.75937 4.75956 4.75923 4.76169 4.75812 4.7572 4.75843 4.75605 4.75611 4.75738 4.75803 4.75671 4.75675 4.75739 4.75793 4.75715 4.75961 4.75686 4.75688 4.75625 4.75789 4.75929 4.76102 4.76302 4.76224 4.7617 4.76535 4.76208 4.76336 4.76057 4.76074 4.76155 4.76237 4.76481 4.76967 4.76999 4.76776 4.76455 4.76889 4.76486 4.76468 4.76741 4.76846 4.7685 4.76405
4.8038 4.78795 4.78206 4.77726 4.77406 4.76562 4.77263 4.76682 4.75947 4.75798 4.75888 4.75899 4.75819 4.76128 4.75802 4.75787 4.75837 4.75838 4.7585 4.76006 4.76049 4.75989 4.76169 4.76163 4.76171 4.76346 4.76126 4.76078 4.75836 4.75794 4.75788 4.75827 4.76018 4.7583 4.75791 4.75832 4.75897 4.758 4.75787 4.76123 4.75875 4.75844 4.75789 4.75835 4.7592 4.75951 4.75999 4.76226 4.76308 4.7654 4.76581 4.76236 4.76308 4.75976 4.76124 4.76326 4.76943 4.77197 4.76867 4.76787 4.77127 4.77077 4.76486 4.77176 4.76541 4.76767 4.77176
4.81395 4.80066 4.79421 4.80042 4.78821 4.78845 4.76436 4.77384 4.76443 4.75964 4.76005 4.75964 4.75999 4.76146 4.7598 4.75968 4.75976 4.75978 4.75983 4.7605 4.76018 4.76048 4.76126 4.76285 4.76288 4.76542 4.76494 4.76319 4.7622 4.76004 4.76 4.75993 4.76188 4.75981 4.76021 4.75964 4.76115 4.76468 4.76206 4.76165 4.76036 4.76126 4.76001 4.76047 4.76237 4.76154 4.76241 4.7646 4.76545 4.76507 4.76575 4.7684 4.76581 4.763 4.76465 4.76354 4.7673 4.76807 4.77339 4.77362 4.77338 4.77272 4.76974 4.7699 4.765 4.76745 4.77219
4.79287 4.78927 4.79967 4.78639 4.77731 4.76938 4.77115 4.76812 4.76692 4.76342 4.76144 4.7615 4.76166 4.7616 4.76145 4.76277 4.7623 4.76146 4.76186 4.76177 4.76151 4.76341 4.76198 4.76238 4.76261 4.76404 4.76811 4.76632 4.76403 4.76302 4.76146 4.76239 4.76245 4.76364 4.76212 4.76162 4.76293 4.76239 4.76606 4.7627 4.76202 4.76254 4.76191 4.76149 4.76351 4.7616 4.76223 4.76324 4.76593 4.76871 4.76607 4.76842 4.76982 4.76514 4.76409 4.76494 4.76393 4.76838 4.77185 4.77486 4.77019 4.77538 4.77424 4.76813 4.77056 4.76889 4.76907
4.81387 4.79013 4.78835 4.80727 4.7841 4.77718 4.7688 4.76595 4.77063 4.76471 4.76362 4.76399 4.76384 4.76362 4.76385 4.76425 4.764 4.7637 4.76365 4.76402 4.76368 4.76364 4.76382 4.76398 4.76373 4.76363 4.76498 4.77 4.7696 4.76638 4.76363 4.76366 4.76366 4.76377 4.76744 4.76412 4.7638 4.76365 4.7687 4.76398 4.7644 4.76422 4.76425 4.76364 4.76649 4.76508 4.76382 4.76468 4.76726 4.76627 4.7674 4.77099 4.77338 4.77066 4.77003 4.76708 4.76566 4.77026 4.77308 4.77046 4.77381 4.77697 4.77719 4.77345 4.77086 4.76955 4.77411
4.81499 4.80679 4.79397 4.78254 4.80954 4.7957 4.78818 4.77673 4.77133 4.76723 4.76597 4.76571 4.76568 4.76598 4.76569 4.76615 4.76608 4.76606 4.76566 4.76566 4.7657 4.76566 4.76568 4.76568 4.76601 4.76712 4.76684 4.76729 4.77108 4.77117 4.76853 4.76651 4.76566 4.76571 4.76825 4.76812 4.76756 4.76614 4.7689 4.76784 4.76733 4.76606 4.76641 4.76678 4.7665 4.77002 4.76625 4.76691 4.76567 4.76882 4.76874 4.76948 4.77496 4.77021 4.7725 4.7675 4.76866 4.77072 4.76741 4.77141 4.77393 4.77932 4.77958 4.77513 4.77671 4.77655 4.7773
4.81619 4.80929 4.79234 4.7805 4.79255 4.79954 4.79307 4.78237 4.77273 4.7708 4.76841 4.7678 4.76798 4.76861 4.76782 4.76833 4.76796 4.76786 4.76863 4.76782 4.76811 4.76783 4.76797 4.7678 4.76812 4.76858 4.76797 4.77171 4.77361 4.77436 4.76861 4.76805 4.7678 4.76793 4.76884 4.76809 4.77197 4.76904 4.77041 4.77349 4.77061 4.77015 4.77042 4.77016 4.76847 4.77022 4.77379 4.76786 4.76786 4.76806 4.76791 4.77167 4.7766 4.77651 4.7739 4.77426 4.77201 4.76839 4.7725 4.77584 4.77751 4.77468 4.78076 4.78073 4.78162 4.77997 4.77743
4.821 4.80776 4.79983 4.794 4.78247 4.7862 4.78298 4.78717 4.77943 4.77384 4.7707 4.77445 4.77038 4.77121 4.77045 4.77084 4.77038 4.77045 4.77059 4.77039 4.77046 4.77065 4.7708 4.77034 4.77111 4.77117 4.77193 4.77439 4.77184 4.77627 4.7717 4.7705 4.77041 4.77054 4.77036 4.77106 4.77419 4.77522 4.77302 4.77212 4.77386 4.77685 4.77383 4.77378 4.77424 4.77219 4.77538 4.77099 4.77406 4.77103 4.77134 4.77055 4.7727 4.77873 4.77438 4.77496 4.77237 4.77268 4.77151 4.77372 4.7772 4.7731 4.77684 4.78023 4.77789 4.7828 4.78357
4.83481 4.80831 4.79853 4.80212 4.79469 4.77978 4.7872 4.77686 4.78324 4.77674 4.77702 4.77432 4.77275 4.77282 4.77373 4.77274 4.77293 4.77291 4.77277 4.77269 4.77269 4.77273 4.7734 4.77282 4.77269 4.77274 4.77317 4.77306 4.77488 4.77953 4.77483 4.77366 4.77343 4.7733 4.77353 4.77321 4.77314 4.77389 4.77753 4.77513 4.77366 4.77536 4.77555 4.77842 4.77948 4.77417 4.77838 4.77411 4.77625 4.77444 4.77485 4.77785 4.77826 4.77722 4.7807 4.77446 4.7766 4.77314 4.77302 4.77467 4.77437 4.77441 4.775 4.77619 4.78108 4.78485 4.78581
4.82181 4.81834 4.80147 4.78999 4.80826 4.79738 4.79239 4.79028 4.77925 4.78078 4.78448 4.77789 4.77526 4.77518 4.77625 4.77557 4.77614 4.77516 4.77525 4.77539 4.7753 4.77562 4.77595 4.77517 4.77521 4.77555 4.77745 4.77517 4.7792 4.78206 4.7791 4.77578 4.77575 4.77559 4.7766 4.77531 4.77677 4.77732 4.77879 4.78069 4.77766 4.77682 4.77667 4.77849 4.77956 4.78336 4.77738 4.77811 4.77993 4.77736 4.77632 4.7783 4.78068 4.78118 4.78271 4.78062 4.7789 4.77663 4.77657 4.77572 4.77608 4.7767 4.77894 4.78054 4.78134 4.78256 4.78753
4.81683 4.82323 4.8065 4.80092 4.78644 4.78642 4.78608 4.78663 4.78108 4.78373 4.78292 4.77889 4.77902 4.7783 4.77811 4.7794 4.77874 4.77875 4.7783 4.77818 4.77812 4.7781 4.77885 4.77834 4.77923 4.77831 4.77841 4.7813 4.78148 4.78338 4.77985 4.77932 4.77951 4.78048 4.78109 4.77836 4.77878 4.77932 4.78117 4.78424 4.78218 4.78001 4.78108 4.78045 4.78115 4.78216 4.78584 4.78208 4.78344 4.78375 4.78268 4.78088 4.78112 4.78447 4.78509 4.78539 4.78125 4.78088 4.77959 4.77864 4.78038 4.78168 4.78268 4.7833 4.78362 4.78202 4.78251
4.82398 4.8019 4.81595 4.81095 4.80318 4.7982 4.80137 4.7876 4.78606 4.78504 4.78482 4.78214 4.78198 4.78081 4.78091 4.78082 4.78224 4.78083 4.78084 4.78081 4.78083 4.7814 4.78258 4.78099 4.78145 4.78081 4.78164 4.78221 4.78541 4.7875 4.78416 4.78247 4.78254 4.7849 4.78379 4.78245 4.78182 4.78167 4.78384 4.78668 4.78717 4.78609 4.7861 4.78317 4.78407 4.78303 4.78301 4.78815 4.78699 4.78794 4.78426 4.78207 4.78147 4.78248 4.78377 4.78994 4.78196 4.78378 4.78256 4.78291 4.78091 4.78087 4.78153 4.78419 4.78672 4.78543 4.78491
4.8168 4.80894 4.81055 4.80469 4.80638 4.79917 4.79523 4.7949 4.78578 4.78553 4.78528 4.78381 4.78411 4.78367 4.78396 4.78399 4.78404 4.78384 4.78416 4.78369 4.78367 4.7837 4.78436 4.78392 4.78367 4.78463 4.78416 4.78524 4.78558 4.78943 4.79052 4.78586 4.78581 4.78821 4.78779 4.78626 4.78468 4.78626 4.78689 4.78662 4.78863 4.78779 4.78951 4.79081 4.79073 4.78963 4.78888 4.78748 4.78909 4.78888 4.78372 4.78388 4.78369 4.78478 4.78549 4.79275 4.78769 4.78844 4.78637 4.78445 4.78504 4.7856 4.78526 4.78577 4.78687 4.7904 4.79008
4.85007 4.83142 4.80904 4.81132 4.8001 4.79548 4.80216 4.79302 4.78818 4.7871 4.78712 4.78753 4.787 4.78713 4.78711 4.78699 4.78699 4.78794 4.78775 4.78713 4.78736 4.78703 4.78707 4.78808 4.78746 4.78757 4.78924 4.78847 4.7888 4.78999 4.79229 4.79105 4.7907 4.78923 4.79116 4.79246 4.78923 4.78947 4.78768 4.7878 4.78825 4.7878 4.79033 4.78889 4.7902 4.78757 4.78885 4.79533 4.79457 4.7873 4.78778 4.78772 4.7887 4.79037 4.79263 4.79606 4.7918 4.79137 4.78959 4.78876 4.79033 4.79071 4.79169 4.79184 4.79212 4.79313 4.79364
4.85968 4.8413 4.82967 4.82317 4.81679 4.82054 4.80239 4.80392 4.79456 4.79091 4.79011 4.79014 4.79038 4.79033 4.79025 4.79107 4.79068 4.79083 4.79179 4.79032 4.79011 4.79015 4.79073 4.79176 4.79077 4.79128 4.79238 4.79298 4.79479 4.79421 4.79225 4.79329 4.79522 4.79624 4.79585 4.79338 4.79247 4.79318 4.79234 4.79166 4.79015 4.79058 4.79052 4.79079 4.79222 4.79284 4.79293 4.79997 4.79631 4.79459 4.79214 4.79153 4.79194 4.79289 4.794 4.7987 4.79727 4.79457 4.79331 4.79479 4.79377 4.79452 4.7965 4.7955 4.79531 4.79668 4.79698
4.86102 4.84087 4.83574 4.83503 4.82365 4.81738 4.8123 4.80657 4.79756 4.79446 4.79437 4.79407 4.79352 4.79338 4.79363 4.79351 4.79341 4.79339 4.79514 4.79526 4.79352 4.79343 4.79357 4.7941 4.79437 4.7944 4.79435 4.79469 4.7951 4.79358 4.79457 4.79502 4.79527 4.79501 4.79513 4.79672 4.8 4.796 4.79539 4.79574 4.79357 4.79429 4.79366 4.79343 4.79354 4.79434 4.79462 4.79639 4.80203 4.79654 4.79426 4.79577 4.79701 4.79873 4.79874 4.80205 4.7976 4.79707 4.79755 4.79875 4.79905 4.79908 4.79948 4.8003 4.80048 4.80064 4.79984
4.87947 4.84808 4.84261 4.82375 4.82867 4.81361 4.80909 4.8085 4.80019 4.79834 4.79858 4.79771 4.79714 4.79727 4.79744 4.79757 4.79732 4.79717 4.7973 4.79914 4.79726 4.79727 4.79793 4.79829 4.79884 4.79794 4.79752 4.79784 4.79766 4.79828 4.79744 4.79717 4.79723 4.79716 4.79719 4.79996 4.80336 4.80217 4.8021 4.798 4.79791 4.79841 4.79745 4.79808 4.79828 4.79938 4.79969 4.80018 4.80454 4.80351 4.80109 4.80189 4.80349 4.80425 4.80552 4.80425 4.80013 4.80214 4.80203 4.80275 4.80259 4.80464 4.8038 4.80535 4.80532 4.80486 4.80371
4.88959 4.87678 4.84695 4.82711 4.82989 4.82008 4.81159 4.80501 4.80335 4.80449 4.80142 4.80074 4.80085 4.80221 4.80135 4.80183 4.8018 4.80068 4.80198 4.80255 4.80229 4.80114 4.80191 4.80243 4.80216 4.80254 4.80128 4.80086 4.80068 4.80083 4.80121 4.80072 4.80068 4.80088 4.80072 4.80178 4.80318 4.80654 4.80714 4.80181 4.80262 4.8025 4.80218 4.80253 4.80388 4.8046 4.80564 4.80551 4.80844 4.8081 4.80635 4.80653 4.80859 4.80894 4.80975 4.80581 4.80591 4.80636 4.80666 4.80728 4.80665 4.80761 4.80933 4.80792 4.80895 4.80949 4.80874
4.81814 4.83505 4.84338 4.84424 4.82707 4.82189 4.81474 4.81161 4.80944 4.8059 4.80517 4.8048 4.80689 4.80504 4.80436 4.80447 4.80564 4.80434 4.80434 4.80507 4.8067 4.80595 4.80451 4.80571 4.80642 4.80507 4.8045 4.80437 4.80434 4.8047 4.80613 4.80435 4.80434 4.80446 4.80576 4.80491 4.80449 4.80692 4.81088 4.81193 4.80716 4.80708 4.8074 4.80869 4.80936 4.81052 4.8104 4.80954 4.81232 4.81236 4.80995 4.81042 4.81289 4.81236 4.81011 4.80995 4.81082 4.81085 4.81117 4.81085 4.81172 4.81261 4.81341 4.81322 4.81382 4.81134 4.81356
4.82877 4.82585 4.83767 4.84123 4.83736 4.82634 4.82309 4.81478 4.81163 4.81035 4.81057 4.81065 4.80907 4.81096 4.80889 4.80865 4.80878 4.80875 4.80875 4.80873 4.81017 4.81111 4.80993 4.80891 4.81131 4.80957 4.80867 4.80874 4.80917 4.80927 4.81001 4.81008 4.80878 4.80868 4.80881 4.81075 4.8099 4.81063 4.81377 4.816 4.81486 4.81303 4.81264 4.81339 4.81385 4.8149 4.8158 4.81455 4.81645 4.81684 4.81473 4.81546 4.81686 4.81687 4.81552 4.81489 4.81472 4.81647 4.81649 4.81667 4.8165 4.81795 4.81778 4.81852 4.81796 4.81793 4.81702
4.83856 4.83918 4.82315 4.83043 4.83212 4.82689 4.82051 4.81568 4.81459 4.81573 4.81641 4.81345 4.81351 4.81302 4.81295 4.81277 4.81281 4.81262 4.81276 4.8129 4.81323 4.81406 4.81515 4.81528 4.8147 4.81345 4.81297 4.81272 4.81314 4.81294 4.81457 4.81481 4.813 4.8135 4.81327 4.81465 4.81538 4.81555 4.81587 4.81975 4.8202 4.81759 4.81682 4.81773 4.81845 4.81875 4.81935 4.81937 4.82056 4.82023 4.81988 4.82039 4.82057 4.82128 4.82058 4.82001 4.82107 4.82179 4.82182 4.82239 4.82181 4.82238 4.82237 4.82217 4.82221 4.82201 4.8224
