data/70055_lisa.smith_molt_lat_elev_map/70055_lisa.smith_molt_lat_elev_map/stdreg.asc
ncols 411
nrows 282
xllcorner -103.69999694824219
yllcorner 24.299999246460544
cellsize 0.0833333333
NODATA_value -9999
[rows 0 to 29 of 282, columns 335 to 401 of 411]
5.06107 5.06289 5.0586 5.05799 5.0583 5.06158 5.06253 5.06164 5.07009 5.07046 5.07612 5.07487 5.07313 5.05814 5.0661 5.06354 5.06251 5.07469 5.06901 5.07141 5.06046 5.07442 5.06188 5.05865 5.06259 5.06793 5.06063 5.0583 5.05913 5.05854 5.06347 5.05826 5.06194 5.0618 5.06235 5.07226 5.06061 5.08256 5.06859 5.05801 5.05851 5.05951 5.06485 5.0601 5.05976 5.06517 5.05963 5.06714 5.08878 5.06861 5.13403 5.17072 5.17048 5.18956 5.2012 5.2363 5.23458 5.27774 5.26586 5.34276 5.13046 5.25103 5.26737 5.12128 5.16092 5.09231 5.11457
5.04582 5.04624 5.0452 5.04464 5.04455 5.04748 5.04446 5.06751 5.08061 5.06758 5.05717 5.04891 5.04744 5.06845 5.0502 5.07106 5.06281 5.06624 5.06301 5.05307 5.05008 5.04905 5.04869 5.0549 5.04739 5.05694 5.0455 5.04567 5.04439 5.04439 5.05688 5.0555 5.04476 5.04439 5.04439 5.04724 5.04726 5.04955 5.04438 5.05371 5.05173 5.0446 5.06065 5.04693 5.04809 5.04967 5.05101 5.0533 5.06662 5.10967 5.10306 5.20102 5.19627 5.28782 5.2658 5.20459 5.22403 5.29825 5.25676 5.21788 5.13339 5.19362 5.24252 5.09104 5.05076 5.05451 5.09787
5.03397 5.03309 5.03371 5.03761 5.03265 5.03269 5.03261 5.03291 5.03655 5.03294 5.03277 5.03401 5.04709 5.03701 5.04452 5.04719 5.04192 5.05124 5.03553 5.03986 5.03316 5.03323 5.03456 5.03349 5.03452 5.04258 5.03334 5.03697 5.03425 5.04034 5.03279 5.03322 5.03316 5.03569 5.03971 5.03266 5.03463 5.05256 5.03292 5.03471 5.0334 5.03259 5.03258 5.03361 5.03348 5.05323 5.0453 5.04003 5.06024 5.11221 5.1322 5.18966 5.19374 5.29363 5.36956 5.17394 5.24398 5.2218 5.20696 5.17616 5.16163 5.15991 5.03256 5.03564 5.05315 5.03397 5.03524
5.02312 5.02416 5.02153 5.0211 5.02189 5.02111 5.02119 5.02198 5.02113 5.02106 5.02143 5.02408 5.02199 5.04157 5.04987 5.03213 5.05053 5.02688 5.02555 5.02775 5.02135 5.02558 5.02106 5.02107 5.02402 5.02445 5.02455 5.02307 5.02105 5.0211 5.0263 5.03125 5.02148 5.02959 5.02598 5.02108 5.03777 5.02409 5.02564 5.02586 5.0225 5.02112 5.02104 5.02112 5.03392 5.02731 5.03626 5.03691 5.05283 5.11778 5.13428 5.14848 5.15316 5.16755 5.2764 5.16163 5.25401 5.22662 5.23147 5.22511 5.10641 5.22871 5.02124 5.06038 5.02605 5.02243 5.02482
5.00854 5.01234 5.00855 5.00843 5.00855 5.01209 5.00979 5.00933 5.00847 5.00894 5.00862 5.0113 5.03707 5.01684 5.01394 5.01559 5.00916 5.01228 5.00947 5.01097 5.01316 5.02151 5.01064 5.01278 5.00962 5.01387 5.01009 5.00852 5.00886 5.01388 5.0085 5.02518 5.01202 5.00958 5.0098 5.01291 5.03223 5.02128 5.00969 5.00841 5.00843 5.00921 5.00854 5.00853 5.00895 5.01569 5.01601 5.05819 5.03179 5.11143 5.09555 5.09631 5.12172 5.09839 5.16477 5.18334 5.22817 5.26676 5.36119 5.20296 5.07744 5.17921 5.01705 5.03931 5.00849 5.01565 5.14599
4.99945 4.99761 4.99747 4.99801 4.99747 4.99747 4.99775 4.99915 4.99999 4.99755 5.00942 4.99895 5.00019 4.99763 5.00042 5.0004 4.99812 4.99962 5.00282 4.99839 5.00006 5.00391 4.99747 4.99993 5.00064 5.00529 5.00376 4.99954 4.9983 4.99777 5.00026 5.00028 4.9976 5.00761 4.99767 4.99754 5.05991 5.00497 5.01081 5.00637 4.99785 4.9982 4.99771 4.9985 4.99747 5.00189 4.99806 5.01709 5.07487 5.10122 5.13592 5.09922 5.13569 5.10509 5.12891 5.30146 5.32552 5.29786 5.18419 5.27534 5.2575 5.1397 5.01648 5.00129 5.13528 5.13528 5.13528
4.98712 4.98787 4.98814 4.99065 4.99888 4.9908 4.98922 4.98771 4.98759 4.99075 4.98687 4.98681 4.98682 4.98962 4.99019 4.98858 4.99281 4.98764 4.99027 4.98858 4.99608 4.98879 4.98841 4.98821 4.98681 4.99036 4.98696 4.98725 4.98937 4.98727 4.9892 4.98807 4.9875 4.99136 5.00317 4.98867 4.99126 4.98764 4.98693 4.98897 4.98756 4.98734 4.98748 4.98685 4.98682 5.01775 5.03845 5.05063 5.00692 5.0679 5.08905 5.09521 5.02175 5.15655 5.09695 5.19227 5.05299 5.11999 5.15703 5.20657 5.22245 5.04077 5.06607 5.12483 5.12483 5.12483 5.12483
4.97518 4.97547 4.97779 4.9895 4.97575 4.97615 4.97513 4.97537 4.97524 4.9758 4.97623 4.97587 4.97667 4.97513 4.97646 4.9795 4.98271 4.97961 4.97706 4.98228 4.9833 4.98291 4.9776 4.97605 4.97556 4.97546 4.9878 4.98075 4.97573 4.97601 4.97838 4.97936 4.97577 4.99251 4.99297 5.0361 4.97603 4.97597 4.97771 4.98202 4.97527 4.97892 4.97677 4.98038 4.98726 4.97891 5.00294 5.01438 5.04314 5.04812 5.06971 5.09112 5.08117 5.01618 5.00217 5.08592 5.05709 5.05259 5.18315 5.03703 4.97735 4.98447 5.00311 5.11339 5.11339 5.11339 5.11339
4.96515 4.97988 4.96777 4.97006 4.96976 4.96504 4.96609 4.96514 4.96506 4.96551 4.96513 4.96521 4.96504 4.96637 4.96606 4.96835 4.97611 4.97467 4.98238 4.96904 4.97721 4.97135 4.9688 4.96577 4.96543 4.9653 4.97524 4.97276 4.96988 4.96765 4.96506 4.96888 4.96592 4.96519 4.96625 4.99521 4.96935 4.96507 4.97519 4.96565 4.97045 4.96958 4.96823 4.96672 4.96528 4.9721 4.97809 4.98094 5.04428 5.05103 4.96659 4.99618 5.01324 4.99397 5.00725 5.00513 5.10383 4.99656 5.07253 4.96522 4.9694 4.96871 5.10348 5.10348 5.10348 5.10348 5.07189
4.96353 4.97632 4.97249 4.96657 4.95536 4.96924 4.95598 4.95575 4.96092 4.9562 4.95537 4.95532 4.95521 4.95553 4.95711 4.96387 4.96905 4.97608 4.96813 4.97342 4.96796 4.96462 4.96191 4.95907 4.95574 4.95784 4.96219 4.96581 4.95885 4.96225 4.9574 4.95966 4.95556 4.95556 4.95548 4.95652 4.96018 4.95636 4.97068 4.96445 4.95592 4.95952 4.95899 4.95926 4.95523 4.95524 4.96688 4.9561 4.95961 4.95975 4.95775 4.97609 4.96554 4.98156 4.96416 4.99585 4.97912 4.96159 4.96705 5.08351 5.09382 5.09382 5.09382 5.09382 5.09382 5.05565 4.98952
4.94859 4.96608 4.95156 4.96698 4.96504 4.95834 4.95329 4.94497 4.95843 4.94945 4.94761 4.94536 4.94654 4.94677 4.94697 4.95426 4.98141 4.96841 4.956 4.95001 4.95847 4.95024 4.94707 4.95246 4.94685 4.96535 4.96431 4.95676 4.94461 4.95135 4.96624 4.94495 4.94552 4.94473 4.95289 4.96828 4.94445 4.9584 4.95852 4.95352 4.94503 4.94524 4.95549 4.96549 4.94986 4.94559 4.94447 4.94518 4.95614 4.94563 4.96173 4.95038 4.97349 4.99487 4.95428 4.95786 4.97507 5.02015 5.08324 5.08324 5.08324 5.08324 5.06038 5.07427 4.98245 4.95001 4.94747
4.9614 4.95536 4.9581 4.95175 4.93523 4.94279 4.94099 4.94109 4.94361 4.93953 4.93975 4.93787 4.94844 4.93689 4.93679 4.94855 4.95311 4.94803 4.94737 4.93955 4.94762 4.95203 4.94333 4.93526 4.94725 4.94005 4.93659 4.93784 4.94486 4.93725 4.94077 4.93865 4.93562 4.93992 4.94586 4.95706 4.94083 4.95363 4.93788 4.94199 4.96409 4.96828 4.97757 4.95772 4.95891 4.95126 4.97139 4.97898 4.97069 4.96424 4.97849 4.97777 4.9785 4.9843 5.00087 5.01526 5.07409 5.07409 5.07409 5.06039 5.05121 5.04599 5.00875 4.95661 4.93538 4.93536 4.93544
4.95496 4.9528 4.93011 4.93017 4.92635 4.93986 4.94167 4.93811 4.92619 4.93593 4.92895 4.93588 4.93693 4.92877 4.92722 4.93408 4.94361 4.94215 4.9431 4.9451 4.92654 4.92651 4.92631 4.92644 4.92614 4.92722 4.93026 4.94106 4.92827 4.92982 4.92631 4.9267 4.95088 4.92613 4.92822 4.93104 4.9597 4.93944 4.92908 4.97075 4.97733 4.95348 4.96682 4.97284 4.94508 4.95552 4.98547 4.99357 5.00059 4.98877 4.97907 4.96512 5.00393 5.02424 5.05486 5.06518 5.01332 5.01165 5.00695 5.0172 5.00935 4.9595 4.93605 4.92653 4.92949 4.92613 4.94759
4.94317 4.91637 4.92101 4.91642 4.94273 4.93769 4.93393 4.92931 4.9163 4.92745 4.91629 4.92642 4.92211 4.9191 4.92444 4.92654 4.93292 4.92985 4.93449 4.93661 4.91968 4.92464 4.91729 4.9168 4.91635 4.9196 4.9312 4.91983 4.91715 4.91633 4.91928 4.9176 4.91649 4.91632 4.91754 4.91943 4.93854 4.92341 4.95904 4.96976 4.97018 4.96084 4.98813 4.97838 5.01356 5.01022 4.99473 5.01246 5.00895 5.00714 5.00575 5.01946 5.04426 5.04615 5.02362 5.01226 5.00258 4.99755 5.00745 4.98278 4.93876 4.92257 4.92395 4.91972 4.91683 4.91771 4.99352
4.92208 4.92805 4.90797 4.9127 4.92607 4.92389 4.91179 4.92255 4.91632 4.91803 4.92435 4.91714 4.91102 4.90775 4.9138 4.92297 4.91366 4.91701 4.91037 4.9091 4.91721 4.90949 4.92697 4.9106 4.91127 4.91158 4.91761 4.91109 4.91475 4.9084 4.91212 4.91824 4.90915 4.91008 4.92617 4.93629 4.92258 4.96169 4.96905 4.96956 4.97382 4.98104 5.01009 5.02333 5.02539 5.02218 5.04118 5.02416 5.02449 5.04114 5.01204 4.99576 4.99219 4.98438 4.98293 4.98197 4.9842 4.97385 4.95625 4.93111 4.91272 4.91539 4.90816 4.90782 4.91385 4.97861 4.91357
4.91985 4.9116 4.91383 4.91935 4.91271 4.92223 4.90568 4.8997 4.89987 4.9019 4.90716 4.9021 4.90505 4.903 4.9012 4.90337 4.90567 4.90358 4.90577 4.90025 4.91108 4.90525 4.91594 4.92121 4.90753 4.91892 4.91933 4.90637 4.90454 4.90133 4.90194 4.8998 4.93273 4.91555 4.92136 4.92624 4.96362 4.98102 4.96225 4.96509 4.97303 5.01661 5.01636 5.03585 5.02638 5.02036 5.00701 5.00224 4.98768 4.98478 4.97352 4.95098 4.96332 4.96624 4.9639 4.9568 4.95512 4.94384 4.92588 4.90613 4.92153 4.90012 4.89961 4.94341 4.95565 4.91156 4.91054
4.91745 4.90415 4.89305 4.92127 4.91989 4.91652 4.89861 4.89058 4.89417 4.89271 4.90612 4.89488 4.89457 4.89576 4.89089 4.89888 4.89713 4.90413 4.90801 4.90245 4.89734 4.89173 4.9128 4.89127 4.89863 4.90206 4.90859 4.89217 4.89083 4.89249 4.89218 4.9167 4.93422 4.90662 4.93227 4.95633 4.96389 4.96503 4.97646 4.99759 5.00802 5.00929 5.02448 5.01517 5.0061 4.98687 4.97472 4.96825 4.96012 4.96344 4.95248 4.95135 4.94757 4.9468 4.94639 4.93202 4.91996 4.94288 4.90232 4.89086 4.89158 4.89062 4.89265 4.89052 4.89449 4.90409 4.89086
4.90765 4.9021 4.89327 4.89225 4.90215 4.89285 4.88395 4.88278 4.88525 4.89378 4.88554 4.8835 4.89527 4.88402 4.88452 4.90518 4.89302 4.95257 4.89539 4.88303 4.89394 4.89992 4.88713 4.88425 4.89815 4.88846 4.88375 4.88966 4.88281 4.90578 4.92098 4.92052 4.90147 4.92541 4.97974 4.98342 4.98326 4.98265 4.9843 4.99524 5.02038 5.01741 5.00822 4.9902 4.97054 4.96257 4.95655 4.95057 4.94742 4.94711 4.94219 4.94129 4.93265 4.91765 4.91659 4.89719 4.88819 4.88281 4.90934 4.89177 4.88271 4.88352 4.88598 4.88282 4.88298 4.88437 4.88355
4.91723 4.87849 4.90869 4.90205 4.90199 4.87573 4.87531 4.87568 4.8882 4.8901 4.87592 4.87734 4.89331 4.88366 4.87976 4.87566 4.88186 4.91756 4.88137 4.87678 4.87523 4.87519 4.87524 4.88196 4.87679 4.87672 4.8769 4.90743 4.88109 4.92273 4.8919 4.89883 4.92621 4.97551 4.99 4.99655 5.00463 5.00438 5.00662 5.01214 5.01033 4.98972 4.98423 4.96545 4.95789 4.95594 4.94683 4.9473 4.94141 4.93241 4.926 4.90069 4.90263 4.89707 4.88389 4.87515 4.89641 4.90653 4.88043 4.92975 4.89198 4.87898 4.88244 4.88111 4.87755 4.87606 4.87569
4.90984 4.86699 4.86754 4.86907 4.88041 4.86695 4.86848 4.86832 4.86985 4.88361 4.87503 4.87177 4.86722 4.87987 4.87556 4.97689 4.86837 4.87094 4.89556 4.87592 4.86935 4.86696 4.87914 4.86735 4.87069 4.8856 4.89614 4.90352 4.89983 4.92248 4.908 4.94663 4.98162 5.00209 5.00216 5.00577 5.00576 5.00576 4.99773 4.98413 4.97012 4.96576 4.9565 4.95371 4.95042 4.94989 4.93838 4.93403 4.92325 4.89813 4.87786 4.88198 4.86904 4.87331 4.87267 4.86693 4.8849 4.87255 4.86793 4.87807 4.89454 4.87952 4.87145 4.87969 4.87405 4.86711 4.86981
4.89352 4.8599 4.88529 4.88529 4.87432 4.85999 4.86292 4.87193 4.88456 4.8749 4.86634 4.86337 4.86616 4.86705 4.86412 4.87878 4.86078 4.8684 4.86 4.86353 4.86156 4.87675 4.86024 4.86518 4.86346 4.87977 4.89175 4.9264 4.92495 4.95835 4.96709 4.98245 4.99723 4.99735 4.9987 4.99878 4.99595 4.98636 4.97255 4.97013 4.96132 4.95535 4.94326 4.94094 4.93898 4.93345 4.91767 4.91284 4.90001 4.85986 4.86335 4.86151 4.86426 4.87412 4.86611 4.86074 4.85986 4.85994 4.87285 4.86147 4.86897 4.89124 4.87067 4.86169 4.85986 4.86607 4.87135
4.86979 4.87765 4.85366 4.85339 4.87642 4.86899 4.86531 4.86362 4.85978 4.87479 4.86283 4.86963 4.85456 4.86269 4.87983 4.85364 4.85547 4.8542 4.85302 4.85323 4.85431 4.85372 4.85302 4.86384 4.88825 4.89522 4.94471 4.95113 4.94921 4.95538 4.97576 4.98274 4.98913 4.98839 4.9912 4.98565 4.97418 4.96424 4.96179 4.95167 4.94693 4.94452 4.94256 4.94144 4.93194 4.91721 4.91582 4.87383 4.85974 4.85404 4.86575 4.859 4.87709 4.86711 4.85408 4.85329 4.85303 4.85387 4.85923 4.8561 4.86337 4.8553 4.86553 4.86684 4.85464 4.85308 4.88612
4.87554 4.8679 4.8723 4.86448 4.84626 4.84817 4.84726 4.85108 4.85317 4.85241 4.85337 4.8638 4.86125 4.86619 4.88019 4.85187 4.84653 4.84794 4.84558 4.84558 4.86332 4.84722 4.85864 4.85522 4.8644 4.91735 4.93719 4.94698 4.96099 4.97375 4.96999 4.9768 4.97322 4.96853 4.97264 4.97149 4.96124 4.95418 4.94354 4.94333 4.93963 4.92204 4.93183 4.92575 4.91923 4.90604 4.88657 4.86203 4.84619 4.84991 4.8509 4.86804 4.84801 4.855 4.84558 4.85592 4.84862 4.84602 4.84697 4.84561 4.84747 4.84742 4.8509 4.8467 4.85226 4.84626 4.8714
4.84019 4.85835 4.87336 4.84294 4.84102 4.8426 4.83994 4.84242 4.86788 4.86363 4.84726 4.85 4.85516 4.86141 4.84222 4.8589 4.84698 4.84171 4.84187 4.84002 4.8548 4.85675 4.8725 4.89511 4.92177 4.93635 4.94404 4.94649 4.96233 4.9674 4.96877 4.97361 4.96613 4.95944 4.96153 4.95882 4.95561 4.94393 4.93577 4.92516 4.92306 4.91341 4.91433 4.91337 4.90722 4.90754 4.88751 4.85225 4.84174 4.8397 4.84263 4.83969 4.84061 4.8434 4.84509 4.84263 4.84439 4.84187 4.84059 4.84176 4.84007 4.83918 4.8552 4.84405 4.8401 4.87052 4.88927
4.83633 4.87091 4.84633 4.86071 4.83559 4.83775 4.85809 4.84923 4.86342 4.86719 4.87093 4.85759 4.85513 4.85275 4.86971 4.83642 4.83346 4.83669 4.83397 4.83485 4.86205 4.87602 4.91114 4.92518 4.93205 4.93226 4.93714 4.95845 4.96106 4.96793 4.96378 4.96132 4.96063 4.95197 4.95519 4.95518 4.9477 4.93245 4.92092 4.9241 4.90788 4.89871 4.89439 4.89098 4.89079 4.87561 4.86653 4.87906 4.85175 4.83863 4.83512 4.83303 4.83532 4.85167 4.83783 4.83742 4.83847 4.83901 4.83409 4.84275 4.83706 4.8341 4.84411 4.83579 4.84681 4.87096 4.85364
4.82838 4.86107 4.85035 4.86304 4.84778 4.83811 4.86333 4.86029 4.85853 4.87526 4.87832 4.85878 4.87492 4.86589 4.84565 4.83968 4.83585 4.85174 4.85911 4.86412 4.88861 4.91618 4.92092 4.92169 4.92204 4.92665 4.93506 4.95913 4.96048 4.95381 4.93881 4.95173 4.94661 4.94754 4.94511 4.94653 4.92781 4.92133 4.9254 4.8968 4.89655 4.88893 4.86926 4.88692 4.84611 4.86807 4.84586 4.83393 4.83922 4.83068 4.84514 4.82657 4.83278 4.83812 4.82788 4.83374 4.82632 4.82713 4.85418 4.83687 4.82824 4.82629 4.82848 4.83917 4.85767 4.87155 4.83311
4.84302 4.83307 4.87164 4.86917 4.87157 4.85605 4.86862 4.89397 4.91819 4.89547 4.93108 4.92963 4.93172 4.93215 4.93263 4.91199 4.90362 4.91846 4.91117 4.91473 4.92705 4.91427 4.92284 4.92862 4.94027 4.92701 4.95031 4.93215 4.95571 4.94688 4.93204 4.95211 4.93659 4.93796 4.93855 4.93875 4.91684 4.92126 4.91636 4.9002 4.88781 4.86383 4.86766 4.84647 4.87451 4.8397 4.84578 4.83684 4.83241 4.8237 4.82128 4.83761 4.82893 4.83638 4.82098 4.82618 4.83043 4.82849 4.82735 4.82183 4.8213 4.84772 4.83344 4.84601 4.82861 4.8224 4.82114
4.87578 4.85954 4.88871 4.88695 4.89169 4.9201 4.92271 4.89648 4.91249 4.92622 4.9027 4.91276 4.92266 4.91343 4.9049 4.9077 4.91321 4.92889 4.90057 4.9122 4.9227 4.90053 4.93142 4.93939 4.93351 4.93723 4.92705 4.93283 4.93581 4.93753 4.91031 4.94661 4.85453 4.93229 4.93488 4.91341 4.91447 4.91306 4.89818 4.87348 4.86458 4.84874 4.82513 4.82753 4.82875 4.83834 4.84185 4.84235 4.83205 4.82402 4.81522 4.84339 4.81499 4.81946 4.81514 4.81576 4.82088 4.83199 4.81762 4.81679 4.82409 4.82938 4.84155 4.81548 4.81692 4.81497 4.81533
4.85892 4.91627 4.92032 4.91245 4.89169 4.89251 4.90026 4.89438 4.9182 4.90442 4.91692 4.91658 4.90685 4.89758 4.89758 4.90451 4.91033 4.91593 4.87866 4.92359 4.93382 4.92605 4.93478 4.92861 4.9227 4.92496 4.90865 4.93934 4.93547 4.93201 4.94085 4.92986 4.92687 4.83146 4.92748 4.88899 4.9113 4.89129 4.86416 4.83001 4.84338 4.83408 4.82472 4.81135 4.8267 4.82612 4.85815 4.82265 4.83181 4.8462 4.83497 4.81664 4.81 4.80985 4.81357 4.81668 4.93286 4.84278 4.82017 4.80897 4.80955 4.82896 5.02418 4.85693 4.89827 4.83362 4.81057
4.90383 4.89272 4.88907 4.90039 4.89788 4.89871 4.8951 4.89195 4.89659 4.90011 4.90306 4.90321 4.88946 4.88805 4.89202 4.89658 4.89799 4.89009 4.90555 4.89563 4.91029 4.92411 4.91375 4.92955 4.9295 4.92172 4.92105 4.9283 4.92755 4.92041 4.92089 4.92172 4.91584 4.9161 4.91595 4.89689 4.88292 4.85602 4.84497 4.82581 4.81274 4.82377 4.81626 4.80617 4.80764 4.81353 4.83047 4.83462 4.83132 4.81607 4.81296 4.81983 4.80569 4.80539 4.81366 4.80377 4.80789 4.83391 4.83542 4.81475 4.80621 4.81074 5.03837 4.88846 4.88499 4.80922 4.80575
