ux = -43.900001525878906
lx = -164.10000610351562
ly = 23.299999237060547
uy = 69.0999984741211
cellX = 0.0833333333
cellY = -0.0833333333
