ux = -69.30000305175781
lx = -103.69999694824219
ly = 24.100000381469727
uy = 47.5
cellX = 0.0833333333
cellY = -0.0833333333
