data/70052_lisa.smith_annual_Lat_elev_map/70052_lisa.smith_annual_Lat_elev_map/predreg.asc
ncols 412
nrows 280
xllcorner -103.69999694824219
yllcorner 24.166666676
cellsize 0.0833333333
NODATA_value -9999
[rows 0 to 27 of 280, columns 126 to 188 of 412]
-87.2737 -87.447 -87.9106 -88.96 -87.9705 -87.5734 -87.2994 -87.2693 -88.0753 -87.2526 -87.036 -87.092 -87.3274 -87.883 -88.1466 -88.6349 -88.9085 -89.22 -90.0769 -90.2792 -90.5238 -90.8739 -90.1167 -89.3788 -89.2445 -87.8862 -85.0932 -79.674 -76.7604 -77.3683 -77.9194 -78.0957 -78.1138 -78.387 -78.7104 -78.9286 -78.9546 -78.956 -78.7 -78.5714 -78.5493 -78.5508 -78.1614 -77.684 -77.6842 -77.662 -77.7204 -78.0857 -78.1396 -78.1145 -78.1985 -78.9443 -78.0864 -77.5276 -77.4527 -77.0911 -76.9032 -76.9457 -76.8359 -77.3645 -79.5796 -81.6671 -82.2481
-87.6954 -86.9383 -87.4012 -87.4172 -86.4712 -86.3944 -86.33 -86.4094 -86.4975 -86.564 -86.4658 -86.6893 -86.7935 -87.5882 -87.647 -88.1674 -88.3441 -88.7119 -88.6623 -89.1047 -89.7064 -89.5047 -88.7201 -87.7998 -85.3103 -80.9433 -75.9316 -75.9062 -77.0226 -77.3632 -77.5387 -77.7463 -78.375 -79.1286 -79.1842 -78.9492 -78.7322 -78.559 -78.3856 -78.1486 -77.9348 -77.6297 -77.2245 -77.1963 -77.2173 -77.1963 -77.2303 -77.5489 -77.5893 -77.6705 -77.8841 -78.0557 -78.2073 -78.1459 -77.8891 -77.8099 -77.6264 -79.4528 -81.6236 -85.0447 -85.1349 -85.8624 -83.4062
-85.886 -86.0758 -86.2374 -85.763 -85.6223 -85.5771 -85.5992 -85.7056 -85.8798 -86.0269 -86.0091 -86.2144 -86.69 -86.6265 -87.1601 -87.3776 -87.3747 -87.2627 -87.9096 -88.2792 -87.4226 -86.5832 -85.391 -84.6565 -79.7183 -75.6113 -75.2411 -76.6991 -76.9867 -77.3217 -78.0331 -79.3668 -79.2855 -79.0027 -78.8113 -78.4177 -78.3122 -78.075 -77.927 -77.7101 -77.5783 -76.9771 -76.6902 -76.5803 -76.6225 -76.6226 -76.7714 -76.9883 -77.2028 -77.4353 -78.0569 -78.7758 -79.231 -78.563 -79.3877 -78.3718 -80.5166 -82.8282 -83.1222 -82.6724 -82.0957 -81.9192 -81.1352
-85.2983 -86.1936 -85.5823 -85.0776 -84.9699 -84.9704 -84.9916 -85.011 -85.2236 -85.2701 -85.5855 -85.71 -85.8879 -86.8895 -86.9304 -86.5473 -86.4326 -87.4437 -87.8901 -86.3333 -85.1054 -83.6879 -82.7749 -76.8553 -74.4633 -75.5986 -76.4177 -76.571 -77.1433 -78.241 -79.1932 -79.0622 -78.9086 -78.7787 -78.4748 -78.1775 -77.9174 -77.6597 -77.2101 -77.008 -76.5777 -76.1873 -76.0629 -76.0794 -76.1642 -76.206 -76.5036 -76.8903 -77.3788 -77.9459 -78.4723 -78.8643 -79.0273 -79.5925 -80.0078 -81.2744 -83.0486 -84.3921 -80.7104 -81.6273 -80.7345 -79.4824 -78.7241
-84.9183 -84.7168 -84.5568 -84.4484 -84.4244 -84.4208 -84.4461 -84.4665 -84.6338 -84.8242 -85.1127 -85.2776 -86.1222 -86.0115 -85.8583 -85.8465 -85.9725 -87.3694 -85.3424 -84.5057 -83.7744 -80.158 -74.6785 -74.0439 -75.9297 -76.1265 -76.5264 -77.0096 -77.9441 -78.9667 -78.9663 -79.0288 -78.8764 -78.7064 -78.6174 -78.3506 -77.5802 -76.9668 -76.7016 -76.3143 -75.9067 -75.6229 -75.5319 -75.6169 -75.8547 -76.0673 -76.582 -77.0975 -77.5971 -77.9909 -78.3563 -79.0193 -79.3158 -81.3676 -81.5619 -81.2678 -82.4917 -79.9901 -80.7631 -80.2233 -78.8244 -78.4366 -78.2342
-83.8354 -83.8803 -83.7443 -83.7023 -83.8549 -83.8314 -83.853 -84.0269 -84.2427 -84.3133 -84.9046 -85.2435 -84.759 -84.8465 -84.9376 -85.1276 -85.4529 -83.4262 -82.4054 -79.9609 -76.2688 -74.2797 -75.1574 -75.8214 -75.7326 -76.554 -76.8714 -77.9096 -78.6842 -78.8742 -78.9619 -79.2598 -78.9528 -79.2376 -77.7157 -77.2241 -77.0929 -76.735 -76.3773 -75.8442 -75.3167 -74.9696 -75.263 -75.4061 -75.753 -76.3346 -76.9636 -77.5622 -77.8967 -78.1493 -78.76 -79.0673 -80.9503 -81.7325 -83.955 -82.1429 -81.7684 -80.0205 -79.907 -78.7885 -78.2516 -76.5886 -77.5403
-83.3363 -83.3366 -83.2743 -83.2718 -83.1863 -83.3737 -83.4999 -83.8449 -83.8292 -83.7503 -83.7592 -83.883 -84.1974 -84.4229 -84.1954 -83.3845 -82.3517 -80.6405 -77.2224 -74.5633 -75.0614 -75.7571 -75.7638 -76.0131 -76.3872 -76.8496 -77.6616 -79.0966 -78.6778 -78.8919 -78.1446 -78.3227 -78.4559 -77.0711 -78.5558 -77.8765 -77.2662 -76.106 -75.2537 -75.0574 -74.7746 -74.5528 -75.3321 -76.0925 -76.5753 -76.8348 -77.3262 -77.8901 -78.3926 -79.3242 -79.7171 -79.5432 -81.8855 -83.4555 -82.2341 -80.9263 -80.8289 -79.4071 -78.0426 -77.2157 -77.9192 -78.751 -78.0727
-83.0554 -82.8882 -82.7549 -82.9415 -82.9928 -83.3793 -82.8456 -82.9909 -83.0685 -83.3579 -83.416 -83.8707 -83.5596 -83.9578 -82.9946 -81.0831 -77.1706 -76.041 -76.29 -76.1653 -76.1279 -76.2082 -76.4678 -76.549 -77.3779 -77.6668 -78.4645 -79.798 -80.2631 -79.5256 -77.7799 -76.9216 -76.5197 -78.7289 -77.7393 -76.4091 -75.5093 -75.3743 -74.9475 -74.7275 -74.7226 -75.4097 -76.3444 -77.0207 -77.3733 -77.5655 -78.0507 -78.5121 -78.8775 -79.6776 -79.7272 -81.8626 -82.5059 -82.9734 -80.1289 -80.1061 -79.5315 -78.2858 -77.1568 -79.3686 -78.367 -79.6534 -79.9382
-82.2601 -82.3023 -82.4085 -82.3774 -82.5825 -83.359 -82.8846 -82.8891 -82.7859 -82.1694 -82.8892 -82.8541 -82.9291 -82.5091 -77.507 -77.2829 -77.1299 -76.9349 -76.8216 -76.8187 -77.1002 -77.3957 -77.6365 -80.6042 -79.343 -81.0776 -81.104 -81.3218 -78.9784 -76.9477 -78.2441 -77.5006 -76.9395 -76.7346 -76.2599 -75.7244 -75.5504 -75.0817 -74.7719 -75.6106 -76.6779 -80.8022 -83.2531 -80.136 -79.0029 -78.8044 -79.0423 -78.5521 -79.9663 -80.6072 -80.0314 -81.1404 -81.8841 -80.5062 -79.3695 -78.4009 -79.9872 -77.5784 -79.7593 -79.4714 -80.7528 -81.9545 -81.7901
-81.5988 -81.7849 -82.0022 -82.219 -82.1601 -82.6397 -82.0761 -82.4428 -81.9278 -81.8033 -81.3912 -81.5073 -81.0085 -77.6208 -77.3363 -76.9861 -77.1162 -77.1151 -77.6226 -78.0542 -78.3352 -78.3642 -80.0336 -80.0901 -81.156 -81.8827 -82.0116 -80.6136 -78.6008 -77.349 -77.1839 -76.9687 -76.7537 -76.4917 -76.2957 -75.8454 -75.3018 -75.4611 -76.2397 -77.378 -79.9338 -83.2407 -80.9537 -80.1426 -80.2597 -80.6375 -80.8764 -80.2481 -78.5361 -79.7774 -80.085 -80.845 -81.5428 -80.1975 -79.2005 -79.0553 -80.684 -79.7602 -81.5567 -83.0338 -85.8939 -85.807 -85.4209
-81.1038 -81.2969 -81.4727 -81.7083 -81.5757 -81.4524 -81.5773 -81.4168 -80.9289 -80.9388 -79.7233 -78.8845 -78.1128 -77.5168 -77.4003 -77.8084 -78.0156 -78.2808 -78.5755 -79.0694 -79.8307 -79.4068 -79.3314 -80.9931 -81.5511 -80.9941 -80.3049 -78.3023 -76.7795 -76.8376 -76.9785 -76.8659 -76.5414 -76.4093 -76.2134 -76.2194 -76.9171 -80.7508 -79.8269 -81.2869 -81.9619 -82.2607 -82.909 -80.1235 -81.3657 -81.0812 -80.638 -80.6174 -80.2077 -79.7489 -79.5347 -81.5847 -82.4322 -81.3521 -80.7387 -81.2378 -81.432 -83.0468 -85.2078 -84.997 -85.0606 -84.482 -84.266
-81.0453 -81.1262 -81.0085 -81.0516 -80.7057 -80.6701 -80.769 -80.2439 -79.649 -79.4561 -78.6609 -78.2092 -77.7256 -77.6879 -79.2767 -79.2784 -79.6493 -80.0684 -79.9882 -79.7044 -79.8665 -80.0021 -80.2771 -80.2091 -80.4567 -79.645 -77.6574 -77.2823 -77.6087 -77.0867 -77.1813 -77.7232 -78.3283 -77.601 -78.6584 -79.7234 -80.1272 -80.2891 -80.4994 -81.4839 -81.933 -81.3537 -81.3949 -81.3495 -81.4622 -80.9629 -80.6436 -80.3361 -80.0087 -79.9716 -80.0864 -80.0203 -81.066 -81.4609 -81.3203 -80.9078 -82.8009 -83.1706 -83.6381 -83.7549 -83.4974 -83.8084 -83.7673
-80.5206 -80.8254 -80.8258 -80.0944 -79.5979 -79.6815 -79.7507 -79.0145 -78.8158 -78.5596 -78.8317 -79.1623 -80.2081 -79.9532 -80.0943 -80.0712 -79.8123 -80.044 -79.7941 -80.1862 -80.202 -80.5254 -80.7057 -79.1305 -78.6978 -78.7487 -77.8829 -78.2364 -77.4107 -77.2061 -77.2769 -77.3218 -77.9695 -79.3686 -80.3386 -81.1482 -81.7191 -82.107 -82.4885 -82.5561 -81.9655 -82.4149 -81.4899 -82.4363 -80.4988 -81.173 -80.4911 -79.9519 -80.7365 -81.2073 -80.4826 -80.1301 -80.4418 -80.8075 -82.2237 -82.2156 -82.4626 -82.8789 -82.9941 -83.448 -83.2101 -83.4774 -82.5714
-79.9263 -80.1431 -79.8104 -79.7898 -78.8647 -78.6542 -78.8698 -78.959 -79.0906 -79.2547 -79.982 -79.771 -80.2316 -80.1093 -79.9314 -79.6948 -79.9124 -78.5939 -79.1913 -79.3316 -79.4547 -79.6691 -80.3257 -80.0775 -79.083 -77.8442 -77.5776 -78.1639 -78.5955 -78.0392 -78.5257 -78.8187 -80.6419 -81.366 -81.3341 -82.3632 -81.6517 -81.5839 -81.7337 -81.9391 -82.3723 -81.9922 -82.0164 -82.126 -81.1279 -82.0566 -81.373 -80.8238 -80.878 -81.2225 -81.8993 -82.4385 -82.2875 -82.0626 -81.9829 -82.0957 -81.6898 -82.4171 -82.6997 -82.3163 -82.676 -83.0936 -81.9986
-79.5714 -79.8732 -79.6967 -78.6071 -78.3072 -78.1935 -78.8602 -78.6953 -79.1252 -79.3566 -79.4599 -79.3267 -79.1635 -79.241 -79.1742 -78.8502 -78.3367 -78.3146 -78.4479 -78.6828 -78.7581 -79.0343 -80.2256 -80.7896 -80.0717 -80.4428 -80.8503 -81.0817 -80.775 -80.4114 -80.4987 -80.8603 -81.3311 -81.362 -82.2162 -82.2168 -82.0355 -81.6833 -82.2049 -82.0605 -82.0807 -81.7097 -81.6375 -81.5563 -81.9701 -81.7725 -82.0581 -81.9218 -82.0223 -81.926 -81.5638 -82.1294 -81.5571 -81.6461 -81.6857 -81.2885 -80.8476 -81.5702 -81.7895 -82.1151 -81.0906 -80.9572 -81.5243
-78.9077 -78.9809 -78.0403 -77.9721 -77.6224 -78.2362 -78.5305 -78.2899 -78.5378 -78.5629 -78.5276 -78.1832 -78.0884 -77.9894 -77.6501 -77.4525 -77.6232 -77.5464 -77.9725 -78.1882 -78.7858 -79.6672 -79.9876 -79.8568 -79.6828 -79.8002 -79.8253 -80.9017 -80.3418 -80.1572 -80.3604 -80.5917 -80.8073 -81.2599 -81.6675 -82.0066 -81.7372 -81.333 -81.3338 -81.5236 -81.5339 -81.5703 -81.5873 -81.922 -81.7535 -81.8268 -81.8868 -82.1143 -81.9912 -81.9793 -82.0992 -81.5755 -81.9068 -81.3885 -80.4719 -81.1185 -80.4122 -80.1257 -80.5695 -79.809 -80.5699 -80.176 -79.9265
-78.04 -77.6981 -77.5159 -77.585 -77.4677 -77.3142 -77.278 -77.1843 -77.1338 -77.3648 -77.2202 -76.8804 -76.8933 -76.3982 -76.9354 -77.1491 -76.789 -76.9541 -77.3207 -78.1452 -78.5337 -78.7147 -78.9884 -80.193 -79.7218 -79.4271 -79.7293 -79.8002 -79.9048 -80.0046 -80.1944 -80.1169 -80.219 -80.7055 -80.976 -80.8321 -80.9189 -80.569 -80.6156 -80.5896 -80.8283 -80.8735 -81.2905 -81.1575 -81.1238 -81.3474 -81.6032 -81.4381 -81.3246 -81.1474 -81.7453 -81.6292 -81.7394 -81.1573 -80.7155 -80.2396 -80.8639 -79.4884 -79.5028 -79.343 -79.4319 -79.559 -78.9576
-76.5939 -76.9619 -76.7633 -76.6526 -76.4994 -76.4819 -76.3102 -76.4607 -76.3294 -76.373 -76.2513 -76.244 -76.3017 -75.9012 -75.9879 -76.3913 -76.4892 -77.7924 -77.4802 -77.6696 -78.091 -77.9417 -78.4457 -78.8497 -79.022 -79.2593 -78.9651 -79.0036 -79.3737 -79.5428 -79.4718 -79.9129 -80.124 -79.8202 -80.2431 -79.9228 -79.9393 -79.9792 -80.2165 -80.2635 -80.1912 -80.3236 -80.5216 -80.7598 -81.2587 -81.1855 -81.1953 -80.6728 -80.8738 -80.7226 -81.316 -81.4365 -80.6506 -80.0587 -79.9096 -79.528 -80.5158 -79.6375 -79.7907 -78.6056 -78.3883 -78.72 -78.5328
-76.1359 -76.0979 -75.8847 -75.6748 -75.6628 -75.7487 -75.5598 -75.1286 -74.8558 -75.3945 -75.5489 -75.7991 -75.8942 -75.8587 -75.9453 -76.0048 -76.1054 -76.9983 -76.3384 -77.0696 -76.9039 -78.0727 -78.0981 -78.3602 -78.0754 -78.2209 -78.1073 -78.7348 -78.5742 -79.0694 -79.5925 -79.0395 -79.3513 -79.259 -79.4078 -79.2768 -79.8492 -79.6379 -79.7801 -79.8855 -79.7117 -79.8577 -80.0302 -80.3867 -80.0837 -79.8037 -80.1272 -80.2682 -80.124 -80.0034 -80.9851 -80.481 -80.1134 -80.0211 -79.5695 -79.3825 -79.6957 -78.9648 -78.2536 -77.9973 -77.179 -78.1832 -77.267
-75.3448 -75.1551 -74.9809 -75.01 -75.1496 -74.787 -74.5885 -74.8862 -75.0789 -75.1011 -75.1203 -75.0399 -75.2325 -75.1886 -75.4481 -76.0587 -75.7126 -75.8659 -76.8144 -76.3461 -77.3427 -77.3914 -77.5252 -77.4206 -77.4717 -79.0369 -77.5903 -77.7045 -78.0249 -78.6951 -78.4766 -78.1259 -78.4868 -78.5412 -78.6219 -78.8517 -78.8919 -78.9481 -79.0758 -79.3035 -79.3449 -79.2556 -79.277 -79.4511 -79.4503 -79.2838 -79.3993 -79.6908 -79.6398 -79.8028 -79.5656 -80.3771 -80.1672 -79.7857 -78.9927 -78.6731 -78.7001 -78.1433 -77.8255 -77.5356 -77.3567 -76.5982 -76.3811
-74.4831 -74.4842 -74.4473 -74.5882 -74.4831 -74.0708 -74.3307 -74.3105 -74.4126 -75.0877 -74.7578 -74.6924 -74.8653 -75.0966 -75.7437 -75.4534 -75.529 -76.5313 -76.7484 -77.1682 -76.8606 -77.6731 -76.7498 -76.6793 -77.6645 -76.7072 -76.9635 -77.7484 -77.5907 -77.9239 -77.7455 -77.8136 -77.8809 -77.9111 -78.352 -78.4594 -78.3951 -78.928 -79.2546 -78.7856 -78.722 -78.5908 -78.8781 -78.7507 -78.9643 -78.8607 -78.9729 -79.2155 -78.975 -78.9406 -79.1834 -79.4096 -79.4241 -78.9322 -78.9417 -78.339 -78.4002 -78.3158 -77.1039 -77.0928 -76.4749 -75.878 -75.5921
-73.9948 -74.1679 -73.8051 -73.8064 -73.2936 -73.6739 -73.6717 -74.0594 -73.9446 -74.6823 -74.6727 -74.5595 -74.7149 -74.7818 -75.3777 -76.0115 -75.8575 -76.3371 -75.918 -76.485 -76.9748 -76.237 -78.7325 -76.0895 -75.7351 -75.7832 -76.3303 -76.5959 -76.7804 -77.0439 -77.2201 -77.1141 -77.0776 -77.4648 -77.7132 -77.9078 -78.4006 -78.6385 -78.8867 -78.1151 -77.8071 -77.9825 -78.0333 -78.7319 -78.3509 -78.2119 -78.2913 -78.3813 -78.6623 -78.7105 -78.5756 -78.9843 -78.8935 -78.3861 -78.2772 -77.9405 -77.661 -77.5879 -77.6212 -76.8052 -76.0935 -75.9271 -74.9569
-73.3321 -73.5847 -73.3543 -73.2472 -72.5548 -72.9314 -73.0242 -73.6457 -74.0376 -75.134 -75.9643 -74.7769 -75.3507 -75.4008 -76.1738 -75.9956 -75.7103 -75.8222 -75.6935 -75.7291 -75.3671 -77.091 -77.7445 -76.2423 -75.0473 -75.2793 -75.5331 -76.0086 -76.0517 -76.3795 -76.2831 -76.6661 -77.1065 -76.9867 -77.4411 -78.0095 -78.0549 -78.2645 -78.1607 -77.6702 -77.4432 -77.3411 -77.2556 -77.4165 -78.1437 -77.7732 -77.5935 -77.7635 -77.8249 -78.1549 -78.5861 -78.1857 -77.9495 -77.8601 -77.6985 -77.4869 -77.5277 -76.9428 -76.9124 -76.1653 -75.2085 -74.7836 -74.1091
-73.108 -73.1075 -72.8969 -72.8054 -72.3717 -72.4907 -72.4365 -73.2332 -75.0748 -75.488 -74.5351 -74.67 -75.5091 -75.3256 -75.1042 -75.2232 -75.2502 -74.955 -74.6271 -74.5519 -75.3752 -76.6059 -77.4454 -75.2898 -74.263 -74.56 -74.9774 -75.2087 -75.7389 -76.0191 -76.1492 -76.797 -76.9255 -76.6555 -77.0705 -77.1552 -77.5808 -78.1334 -77.4388 -77.0737 -76.8668 -76.6708 -76.6436 -77.0539 -76.7812 -77.2499 -77.4913 -77.5361 -77.5666 -77.7379 -77.471 -79.0643 -78.8006 -78.4771 -77.5732 -77.4832 -76.6576 -76.18 -75.8268 -75.2653 -74.1925 -73.8686 -73.6452
-72.4593 -72.3936 -72.3516 -72.2615 -72.1722 -72.5509 -72.4897 -72.9666 -74.3806 -74.1341 -73.9657 -73.979 -74.6317 -74.5007 -74.5174 -74.1115 -73.916 -74.2917 -73.7072 -74.0094 -75.1448 -76.57 -74.6592 -73.7353 -73.7668 -73.9956 -74.2048 -74.3138 -74.5983 -74.7333 -75.2255 -75.1536 -75.2788 -75.9463 -76.1067 -76.8926 -77.6159 -77.5828 -76.7023 -76.2426 -76.1329 -76.1781 -76.0211 -76.4185 -76.2739 -77.5918 -77.7956 -77.492 -77.5779 -76.8438 -76.802 -76.6704 -77.4729 -77.4587 -76.9805 -77.6594 -75.8969 -75.4337 -75.3091 -73.9017 -73.8914 -72.9675 -72.5932
-71.9272 -71.9531 -71.799 -71.6516 -71.8845 -71.9451 -71.9541 -72.7773 -73.3006 -72.9721 -73.148 -73.517 -73.5324 -74.0716 -73.8646 -73.9407 -73.3445 -73.2019 -72.8885 -73.4437 -73.4958 -74.4553 -73.6288 -73.0345 -73.0601 -73.2833 -73.4909 -73.6635 -73.8314 -74.0109 -74.0393 -74.6989 -75.0807 -75.2873 -75.8728 -76.0611 -76.596 -76.6875 -76.5399 -76.0072 -76.0644 -75.7364 -75.4731 -75.661 -77.4042 -76.6988 -76.4459 -77.6051 -77.2321 -76.6107 -75.9747 -76.2013 -76.2324 -76.2913 -76.8849 -76.6394 -74.6767 -75.1883 -74.0108 -72.6803 -72.6162 -72.2684 -71.6854
-71.4262 -71.4253 -71.423 -71.4236 -71.5674 -71.5892 -71.1749 -72.211 -72.2122 -72.1897 -72.7048 -72.8237 -73.3215 -73.8715 -73.417 -72.987 -73.3881 -73.253 -72.9282 -72.3192 -72.4774 -73.3028 -72.8015 -72.5396 -72.4191 -72.5922 -72.4824 -72.8277 -73.3377 -73.886 -74.1282 -74.4841 -74.4168 -75.0309 -75.6401 -75.5819 -75.792 -75.7256 -75.8724 -75.3045 -74.7818 -74.89 -75.3294 -75.8746 -74.9128 -75.1638 -75.9311 -75.9158 -76.41 -76.1803 -76.2044 -76.5983 -75.8429 -75.173 -75.1021 -74.2879 -73.8408 -73.6874 -72.6843 -73.976 -71.6732 -71.3168 -70.7642
-70.8906 -70.9131 -70.7842 -71.0475 -71.3291 -71.429 -71.6357 -71.8588 -71.5573 -71.6655 -72.3993 -72.3015 -72.7809 -72.6736 -72.1966 -72.1668 -72.0653 -72.3433 -71.6376 -72.8127 -72.2011 -72.0988 -72.7142 -72.5463 -72.5725 -72.0771 -72.477 -72.6424 -73.0427 -73.2656 -73.3546 -74.5171 -74.6513 -74.9186 -74.8136 -75.2311 -74.939 -74.9059 -74.642 -74.1924 -73.9354 -73.9281 -73.69 -73.7184 -74.5629 -74.4539 -74.6215 -75.2215 -74.9154 -75.2144 -75.2965 -76.1412 -76.1952 -74.4223 -73.71 -73.0889 -72.5968 -72.9615 -71.4352 -71.0279 -70.7645 -70.956 -69.706
