data/70052_lisa.smith_annual_Lat_elev_map/70052_lisa.smith_annual_Lat_elev_map/predreg.asc
ncols 412
nrows 280
xllcorner -103.69999694824219
yllcorner 24.166666676
cellsize 0.0833333333
NODATA_value -9999
[rows 28 to 55 of 280, columns 252 to 314 of 412]
-64.2955 -64.2799 -63.7873 -65.4136 -66.0273 -66.5381 -65.266 -65.64 -65.0328 -65.3518 -65.9165 -66.9059 -67.4974 -67.8053 -68.5319 -68.804 -69.2967 -65.8768 -66.4836 -66.7898 -66.31 -66.4399 -66.4782 -66.7064 -66.7575 -66.9067 -67.4051 -67.2596 -67.237 -67.0918 -67.6754 -67.9024 -68.4964 -68.8089 -69.1307 -69.761 -69.6866 -69.423 -69.3922 -70.6456 -70.9493 -70.9734 -71.5728 -72.0491 -71.912 -72.254 -72.9711 -72.7656 -72.8028 -72.6242 -72.7147 -73.0001 -72.8988 -74.5254 -73.6998 -72.084 -72.222 -72.1796 -73.5963 -72.9494 -71.1394 -72.9391 -73.6107
-64.7297 -63.8471 -64.5838 -65.0873 -65.4245 -65.125 -66.5282 -67.0107 -64.4999 -65.6385 -65.3857 -65.5381 -65.8998 -66.8905 -67.2577 -67.9485 -68.5146 -68.7679 -65.6083 -65.235 -66.0174 -65.8767 -66.2898 -66.1161 -65.7836 -66.4795 -66.5183 -66.1425 -66.7428 -67.1438 -66.754 -67.1978 -67.7807 -68.1221 -68.6024 -69.0156 -69.0921 -69.1972 -69.0831 -68.9846 -69.5232 -70.107 -71.1434 -70.9014 -71.3099 -71.489 -72.0291 -72.0039 -71.3065 -72.1021 -71.7687 -72.3587 -72.9063 -73.188 -72.4202 -74.2403 -73.5019 -73.8916 -72.1616 -71.4738 -71.0545 -72.3618 -72.7087
-65.3621 -64.272 -64.1322 -64.3293 -64.8051 -65.1854 -64.9853 -64.7078 -65.6864 -66.3705 -64.8139 -64.8154 -65.0574 -66.074 -66.4868 -67.2463 -67.3724 -67.61 -67.5538 -66.9906 -66.6253 -66.8473 -65.6643 -65.1004 -66.12 -65.4579 -66.3961 -65.5799 -65.8899 -65.9697 -66.1844 -66.4679 -66.9807 -67.1624 -67.7301 -67.9996 -68.0851 -68.5905 -68.8457 -68.9347 -68.4436 -69.632 -69.9507 -70.4309 -69.8313 -70.8581 -70.9218 -71.2116 -70.3983 -71.131 -71.1722 -71.3823 -72.1686 -72.6948 -71.6818 -73.1122 -71.1169 -71.3799 -71.7323 -71.741 -71.2995 -71.4657 -72.098
-65.7946 -65.3255 -65.8611 -64.0421 -64.0508 -63.7122 -64.0929 -64.4087 -64.3434 -63.8011 -63.483 -64.6269 -64.4084 -65.3079 -65.8595 -66.4067 -66.8633 -67.5197 -67.7561 -68.3315 -68.1747 -68.1304 -65.1027 -64.7822 -65.7795 -65.873 -65.5003 -65.4623 -65.2586 -65.6574 -66.1002 -66.6962 -66.1776 -66.4888 -66.8888 -67.2281 -67.4461 -67.8732 -68.0486 -68.1716 -68.7014 -68.854 -68.8793 -69.3445 -69.1985 -69.4895 -69.9227 -70.0226 -70.3412 -70.5551 -70.7996 -70.8086 -71.1871 -71.1015 -71.7709 -71.0477 -71.4753 -71.2353 -70.5542 -70.551 -70.8057 -69.9582 -70.7966
-65.3679 -65.9245 -65.8114 -65.943 -63.6909 -63.4793 -63.3821 -63.5275 -63.5961 -63.2411 -63.4875 -63.369 -64.0074 -64.4678 -65.1276 -65.7188 -66.1526 -66.5141 -66.8244 -67.539 -65.6115 -66.751 -64.8024 -64.8208 -65.5125 -65.7397 -64.9108 -64.7255 -64.6618 -65.115 -66.4506 -65.9526 -66.7834 -67.6767 -67.1872 -66.4775 -66.669 -66.7466 -67.3174 -67.5797 -67.4172 -68.1295 -68.4286 -68.2071 -68.598 -68.7105 -69.2081 -68.6979 -69.2956 -69.5081 -69.8283 -69.9187 -69.7327 -70.1801 -70.5145 -70.321 -70.0319 -69.6136 -70.2451 -69.737 -70.0087 -70.0231 -69.5491
-64.8724 -64.4003 -64.5765 -65.2082 -65.3503 -63.542 -62.618 -62.6293 -63.0582 -63.448 -63.651 -62.6515 -63.5726 -63.4398 -64.508 -65.0859 -65.5011 -66.0408 -66.5584 -66.8081 -67.442 -67.2972 -64.3483 -65.5249 -67.3869 -65.9438 -65.3842 -64.3932 -64.1369 -64.5285 -64.7617 -65.0557 -65.9993 -67.3682 -67.1034 -67.5117 -66.8447 -66.253 -66.6882 -66.7022 -67.2452 -67.1666 -67.2537 -67.299 -68.1232 -68.4561 -68.4512 -68.0518 -68.2923 -68.5251 -68.9009 -69.1544 -68.915 -68.8712 -69.3534 -69.1543 -68.548 -69.0078 -69.0221 -68.7135 -68.9092 -69.0953 -68.6271
-63.8145 -63.9589 -64.3706 -64.0224 -64.3436 -64.3504 -62.7577 -62.7184 -61.8759 -62.6642 -62.9442 -62.2835 -63.0824 -63.2089 -64.2939 -64.6438 -65.035 -65.4428 -66.0244 -66.5712 -67.063 -67.1078 -65.4258 -67.7166 -70.2776 -66.5013 -64.9165 -64.9451 -65.2298 -64.1655 -64.2991 -64.643 -65.162 -66.6172 -66.5044 -68.5267 -67.6693 -66.3968 -68.1507 -67.2451 -66.5761 -66.6792 -67.0728 -66.9007 -67.361 -67.6808 -67.5774 -67.6525 -67.5557 -68.3094 -68.6045 -68.2453 -68.0176 -68.3787 -67.9751 -67.9632 -67.972 -67.5289 -67.8271 -67.7256 -67.5187 -68.2445 -67.3208
-63.9953 -63.9399 -63.6433 -63.602 -63.557 -64.0954 -63.2831 -63.865 -61.6323 -61.2747 -61.8278 -62.5169 -62.4864 -63.871 -63.7653 -64.5434 -64.8424 -65.9668 -66.5395 -66.5614 -66.8245 -66.9061 -67.4703 -68.647 -66.8023 -67.1929 -68.903 -65.9125 -65.0126 -65.1553 -64.7598 -64.3286 -64.9342 -65.8897 -66.1808 -67.4034 -67.0941 -69.0325 -68.7991 -67.2871 -66.1299 -66.1301 -66.1938 -66.4766 -66.7976 -67.2194 -67.0959 -67.3872 -67.6408 -67.4237 -67.4764 -67.1757 -67.6106 -67.5533 -67.2319 -66.5085 -67.3577 -67.2636 -66.807 -66.1071 -66.1137 -66.5381 -66.5907
-63.5394 -63.8424 -63.9944 -63.2595 -63.0864 -63.2777 -63.7548 -63.5879 -62.3039 -61.7478 -61.3668 -61.5025 -62.2593 -63.1404 -63.8699 -64.3081 -65.1177 -65.7095 -66.1731 -66.0373 -66.5602 -66.8543 -67.7821 -67.7545 -69.0551 -70.2506 -69.6925 -67.2215 -71.1976 -68.06 -65.6247 -65.1915 -65.1548 -65.269 -65.2384 -65.7664 -67.2235 -66.3269 -67.0468 -65.6633 -65.6585 -65.6394 -65.6554 -66.0578 -66.4963 -67.2172 -67.0702 -66.5416 -66.309 -66.8 -66.423 -66.4709 -66.2607 -66.7053 -66.3092 -66.0578 -66.4731 -66.0267 -65.9943 -65.2707 -65.4414 -65.3297 -64.8054
-62.9666 -63.1222 -63.4688 -62.6577 -62.4129 -62.4756 -62.7835 -63.2981 -63.3663 -62.3634 -61.4944 -61.5781 -61.8329 -63.3777 -64.1705 -64.8454 -65.408 -65.4991 -66.0334 -66.1191 -66.264 -67.0671 -67.6362 -68.669 -69.3321 -70.135 -67.0009 -69.8435 -71.2353 -71.2248 -69.7161 -67.043 -65.3592 -65.0602 -64.548 -66.718 -66.0157 -65.2728 -65.8841 -65.2447 -65.2413 -65.5133 -65.2203 -65.9716 -66.0746 -66.7372 -66.4573 -66.4062 -66.5539 -66.3891 -66.4699 -66.2551 -66.1415 -66.2649 -65.5911 -65.546 -65.332 -65.0492 -64.7862 -64.6004 -65.0584 -64.1826 -64.4069
-62.7278 -62.685 -62.7296 -63.0997 -62.0589 -62.0173 -62.1222 -62.3358 -63.1364 -62.5036 -62.0969 -62.026 -62.2152 -63.2312 -65.051 -65.6985 -65.7234 -65.4525 -65.4805 -65.7193 -66.1697 -66.6275 -67.6792 -68.2029 -69.1004 -69.3552 -69.2555 -69.6626 -70.8561 -71.4285 -70.9929 -70.1237 -65.0896 -64.953 -64.7212 -65.1642 -66.8049 -65.6263 -65.1263 -65.0268 -65.1363 -65.1594 -65.2363 -66.1308 -66.1117 -66.4667 -65.8678 -65.6995 -65.8179 -65.8003 -65.5914 -66.1988 -65.5048 -64.3758 -65.2153 -64.8929 -64.4711 -64.4083 -65.2391 -63.5648 -63.3584 -63.0537 -62.9143
-62.3077 -62.4152 -62.416 -62.4367 -62.0508 -61.5311 -61.5296 -61.7452 -62.2407 -62.7231 -62.7124 -62.3407 -62.577 -63.24 -65.1237 -65.6708 -65.8749 -65.7197 -65.0272 -65.2205 -66.2546 -66.036 -67.0462 -67.9627 -68.8044 -69.7308 -69.9919 -70.3475 -70.9932 -70.9837 -70.9864 -67.6101 -66.668 -64.8941 -65.109 -64.5713 -65.4383 -64.5618 -64.9743 -64.585 -65.0385 -64.8503 -65.256 -65.2647 -65.7548 -65.6292 -65.0615 -65.3785 -65.9445 -66.3754 -66.6343 -64.6631 -63.9119 -64.019 -64.1252 -63.8075 -65.4115 -64.4967 -63.5759 -62.2468 -62.2974 -63.1498 -62.71
-62.0454 -62.0685 -61.8116 -61.7031 -61.6814 -61.1458 -61.0537 -61.1611 -61.5049 -62.112 -62.5654 -62.6926 -62.9514 -64.048 -64.6341 -65.4624 -65.3971 -65.3082 -65.8416 -65.4981 -65.3028 -65.8127 -66.1093 -67.1282 -69.019 -69.6997 -69.723 -69.9672 -70.0981 -70.3079 -69.7403 -69.9091 -67.2804 -64.8623 -64.7154 -64.1989 -63.881 -65.6016 -64.1306 -64.4321 -64.7557 -64.9722 -65.4578 -65.1591 -66.2704 -64.9316 -65.2327 -65.5528 -65.7514 -67.0049 -66.1265 -64.6504 -63.5002 -63.7675 -63.2441 -65.2001 -64.4753 -64.2706 -63.0849 -62.3006 -63.1881 -62.5506 -61.419
-62.0712 -61.8352 -61.3823 -61.2941 -61.2719 -61.4606 -60.6681 -60.7069 -61.0296 -61.549 -61.9591 -62.4587 -63.2805 -63.6052 -64.3553 -65.0825 -65.0088 -65.0933 -66.1304 -65.5623 -65.966 -65.975 -66.5857 -67.5272 -68.1837 -69.0153 -69.0064 -69.7509 -69.3426 -69.5837 -69.6266 -69.2996 -67.7702 -65.411 -64.2076 -64.2003 -64.5376 -63.9131 -63.8879 -64.3381 -65.0427 -66.1508 -66.109 -66.1791 -65.9742 -65.3206 -65.2814 -65.9602 -66.1242 -65.9154 -64.5818 -62.8525 -63.8455 -63.9271 -64.1925 -63.2603 -64.1207 -63.2214 -63.2122 -63.2996 -61.8785 -60.6125 -60.7679
-62.178 -61.6794 -61.162 -60.8787 -60.8139 -60.8133 -60.8454 -60.1429 -60.4653 -60.9395 -61.4792 -61.9797 -62.7647 -63.8521 -64.7351 -65.0966 -65.1051 -65.297 -65.3863 -66.176 -66.5001 -66.4543 -66.6491 -66.9675 -67.6579 -68.3073 -68.9604 -68.9028 -68.711 -68.9035 -68.9775 -68.5852 -66.71 -66.5788 -65.0268 -65.0984 -64.7362 -64.3787 -65.935 -65.3181 -64.6018 -63.927 -64.2323 -63.7647 -63.1267 -62.1799 -62.1325 -62.9593 -62.3134 -61.606 -62.0611 -62.1991 -60.9336 -61.0077 -60.3391 -60.3732 -60.0413 -59.8811 -59.6617 -59.7181 -59.5908 -59.7789 -59.9757
-62.4446 -61.5799 -60.9972 -60.561 -60.4522 -60.4094 -60.4938 -59.7403 -59.9737 -60.4883 -61.0755 -61.5092 -62.3306 -63.1198 -64.1209 -64.8961 -64.969 -65.1524 -65.2466 -65.5579 -65.8548 -66.2289 -66.2852 -66.7824 -67.0862 -67.7602 -68.1866 -68.5217 -68.3962 -68.1473 -68.4067 -68.0807 -66.9674 -67.7233 -65.5576 -63.687 -63.1261 -62.9684 -63.67 -63.5281 -62.6585 -62.2572 -62.3051 -62.0647 -60.4871 -60.0059 -60.324 -60.3337 -60.3437 -59.3785 -59.363 -59.1839 -58.9133 -58.7185 -58.7065 -58.3693 -58.3781 -58.5738 -58.5136 -58.5354 -58.599 -58.639 -58.68
-62.4076 -61.6801 -60.8109 -60.3317 -60.1354 -60.0263 -60.0042 -59.6672 -59.5718 -59.8704 -60.7151 -61.105 -62.0113 -63.0692 -64.3301 -64.6444 -64.8713 -64.6511 -64.9515 -65.0697 -65.4512 -65.8394 -66.0556 -66.4942 -66.772 -66.8281 -67.4702 -67.6183 -67.3396 -67.2897 -67.8719 -67.4965 -66.3067 -66.2764 -64.0523 -63.2858 -62.1602 -61.6329 -61.9117 -61.7639 -60.9267 -61.5941 -61.2049 -59.7115 -59.0319 -58.5547 -58.3337 -58.1386 -57.9684 -57.7666 -57.7632 -57.6536 -57.5693 -57.5645 -57.6154 -57.5703 -57.6761 -57.4404 -57.2689 -57.4148 -57.604 -57.8666 -58.1088
-62.0216 -61.5501 -60.5536 -60.032 -59.8146 -59.6623 -59.6381 -59.5819 -59.2275 -59.42 -60.2185 -60.6769 -61.7305 -62.4601 -63.4386 -63.7346 -64.416 -64.9414 -64.7192 -64.8487 -65.0003 -65.3878 -65.8386 -66.0493 -66.1482 -66.4819 -66.8768 -66.4623 -66.3358 -66.1613 -65.7955 -65.6603 -66.3722 -64.5295 -63.0076 -62.3581 -61.7342 -60.7453 -60.2904 -61.0518 -60.4941 -60.3365 -58.79 -57.9425 -57.0643 -56.8207 -56.7534 -56.7276 -56.6219 -56.5319 -56.5721 -56.4489 -56.3624 -56.3039 -56.0862 -55.9105 -55.9285 -55.9311 -55.9944 -56.0378 -56.2849 -56.9708 -57.1
-61.9465 -61.2364 -60.2625 -59.8276 -59.5451 -59.3939 -59.328 -59.416 -59.0253 -59.1295 -59.7084 -60.2129 -60.6813 -62.7538 -62.8712 -63.1637 -63.8036 -63.9966 -64.2813 -64.4936 -64.4961 -64.8847 -65.2174 -65.258 -65.3719 -65.1065 -64.8763 -64.4208 -64.5933 -65.1294 -64.7373 -64.8616 -64.4956 -63.3281 -61.9952 -61.151 -60.9366 -60.0151 -59.5878 -58.3735 -58.2239 -58.0705 -56.6452 -56.1583 -55.8925 -55.848 -55.7875 -55.6608 -55.5526 -55.4661 -55.3571 -55.2504 -55.0946 -54.9887 -54.8394 -54.7721 -54.7539 -54.7515 -54.6648 -54.9106 -55.037 -55.4255 -55.6155
-61.6413 -60.9561 -59.9286 -59.5171 -59.2135 -59.0607 -59.0167 -59.1051 -58.8443 -58.8826 -59.4428 -59.7941 -60.0182 -61.7277 -62.0132 -62.5882 -63.0611 -63.5326 -63.9607 -64.0329 -64.2505 -64.3573 -64.4259 -64.9401 -64.6773 -64.2352 -63.8343 -63.6227 -63.7228 -63.7563 -63.429 -63.8398 -63.8543 -63.6728 -61.0226 -60.45 -60.1523 -58.5081 -57.6923 -56.937 -56.3061 -55.781 -55.4996 -55.2396 -55.1299 -55.0838 -55.0181 -54.8244 -54.6511 -54.4792 -54.3508 -54.2396 -54.1765 -54.044 -53.9524 -54.0361 -54.1892 -54.3402 -54.3628 -54.8357 -54.2441 -54.2392 -54.3031
-61.2337 -60.8252 -59.7073 -59.1588 -58.8771 -58.7241 -58.7014 -58.7232 -58.6792 -58.6967 -59.175 -59.3719 -59.8042 -61.6637 -61.3486 -62.292 -62.6312 -63.1092 -63.4177 -63.6122 -63.8424 -63.9394 -64.0185 -63.6107 -63.9196 -64.0427 -63.3151 -62.8952 -62.8175 -62.5947 -63.0466 -62.9151 -62.5429 -62.3501 -59.8595 -59.8628 -59.0591 -57.4409 -56.3232 -55.6262 -55.1849 -54.8624 -54.6791 -54.6994 -54.7168 -54.679 -54.6346 -54.5479 -54.4178 -54.2608 -54.3611 -54.3421 -54.3396 -54.4429 -54.5863 -54.6139 -54.6158 -54.5817 -54.5624 -54.6115 -54.4552 -54.2663 -54.0384
-60.4885 -60.7528 -59.7941 -58.8527 -58.5699 -58.4606 -58.438 -58.5251 -58.5454 -58.6298 -58.8688 -58.9998 -59.3238 -60.6356 -60.9681 -61.6169 -62.0685 -62.5727 -62.7242 -62.9836 -63.3267 -63.3708 -63.3768 -63.6032 -62.8693 -62.9932 -62.8308 -62.6824 -61.6868 -61.9973 -61.8982 -61.5434 -61.4065 -61.3803 -61.2994 -58.4841 -57.3412 -55.7714 -55.3315 -54.9973 -54.9334 -54.8022 -54.822 -54.887 -54.9696 -55.0361 -55.0962 -55.2356 -55.6368 -56.1526 -56.5418 -56.8079 -56.8812 -56.9045 -56.7494 -56.8954 -56.8339 -56.6804 -56.1258 -55.803 -55.6282 -55.1706 -54.5852
-60.1237 -60.0841 -59.5141 -58.612 -58.3301 -58.2197 -58.2398 -58.3488 -58.3705 -58.4334 -58.5863 -58.7849 -59.2946 -59.9625 -60.6439 -60.8543 -61.4159 -61.7031 -62.3048 -62.3521 -62.6976 -62.8791 -62.6809 -62.3317 -62.1409 -61.9065 -61.5526 -61.5568 -61.7632 -61.3641 -60.3518 -60.7225 -60.455 -60.2808 -57.7795 -56.7107 -56.1639 -55.6833 -55.2107 -55.0149 -54.9695 -54.9257 -55.0833 -56.4059 -56.5338 -56.4596 -56.8641 -57.1671 -57.3517 -57.4997 -57.5534 -57.4239 -57.412 -57.5021 -57.5655 -57.7157 -57.7397 -57.4633 -57.1985 -57.0093 -56.8136 -56.4445 -56.0526
-59.6642 -59.4524 -59.1618 -58.2818 -57.9997 -57.9536 -58.019 -58.1055 -58.386 -58.4534 -58.8485 -58.5608 -58.8558 -59.5448 -59.9872 -60.4133 -61.2774 -61.476 -61.0781 -61.7386 -62.4072 -62.4354 -62.1128 -61.7854 -61.4478 -61.1199 -61.0587 -60.5403 -60.2275 -59.9436 -59.2419 -59.5782 -59.8176 -59.9843 -59.4936 -57.2119 -56.7774 -56.4875 -56.0858 -55.9751 -55.9996 -55.9075 -56.5366 -56.6534 -56.4706 -56.8721 -57.0793 -57.1295 -57.0538 -57.3747 -57.6034 -57.9508 -58.265 -58.5629 -58.7669 -59.2399 -58.6724 -57.9929 -57.8687 -57.5706 -57.4054 -57.3756 -57.3278
-59.2355 -59.1712 -58.7482 -57.9383 -57.7848 -57.7621 -57.8048 -57.8899 -58.6368 -59.0275 -59.1156 -58.9393 -58.748 -59.3667 -59.1748 -59.8736 -60.6796 -60.7321 -60.8152 -61.0521 -61.2066 -61.0881 -60.9776 -61.1746 -60.8373 -60.6216 -60.3025 -60.0609 -59.8055 -58.8795 -58.7324 -58.886 -58.7839 -58.9306 -59.1519 -58.9338 -58.6784 -58.5268 -58.5386 -58.4804 -57.6582 -56.7121 -57.2597 -58.2303 -57.0999 -58.4806 -58.4258 -58.3108 -58.2588 -58.377 -58.4371 -58.4589 -58.5183 -58.457 -58.5235 -58.4986 -58.6671 -58.5049 -58.4655 -58.2242 -58.0026 -57.8292 -57.446
-58.79 -58.5976 -58.6029 -57.878 -57.5511 -57.5493 -57.5828 -58.2229 -58.4068 -58.8433 -58.8754 -59.3692 -58.717 -58.8812 -59.2893 -59.5607 -59.9595 -59.7242 -59.5452 -59.9342 -60.1099 -60.2811 -60.1428 -60.8665 -60.5694 -59.9443 -59.5418 -59.5251 -59.5013 -59.0271 -58.6895 -58.5469 -58.6078 -58.3737 -58.353 -58.1581 -58.0494 -58.0779 -57.9899 -57.9653 -57.9182 -59.149 -57.8148 -57.7257 -57.7007 -57.6962 -57.7433 -57.831 -57.744 -57.8262 -57.9977 -58.3386 -59.0863 -59.4355 -59.3047 -58.8412 -58.5284 -58.4602 -58.1357 -57.9119 -57.4195 -57.7088 -58.2394
-58.335 -57.8451 -57.7729 -57.511 -57.5065 -57.5039 -57.7615 -58.088 -58.2549 -58.0884 -58.4804 -58.7694 -58.7505 -58.4523 -58.6461 -59.1193 -58.5301 -58.8425 -58.9824 -59.07 -59.1434 -59.6044 -59.7434 -59.5158 -59.4256 -59.1444 -58.788 -58.7941 -58.7982 -58.8071 -58.4389 -58.2855 -58.1806 -58.1124 -57.4045 -57.7745 -57.4676 -57.4017 -57.3353 -57.337 -57.337 -57.2489 -57.3389 -57.426 -57.2943 -57.2518 -57.7299 -57.6006 -58.0865 -58.3852 -58.6944 -59.1216 -59.281 -59.406 -59.5675 -59.8394 -59.6243 -59.3182 -58.2786 -57.6846 -57.1638 -57.5325 -57.7507
-57.848 -57.3284 -57.2574 -56.9111 -57.3626 -57.43 -57.4564 -57.3886 -57.5828 -57.6898 -57.7439 -57.85 -57.7919 -57.9055 -58.2099 -58.0879 -58.1148 -58.5539 -59.0773 -58.721 -58.7554 -59.2242 -59.2735 -58.9761 -58.5883 -58.2312 -58.13 -58.3244 -58.2944 -58.0399 -57.8444 -57.5475 -57.4752 -57.4827 -57.4176 -57.414 -57.3464 -57.1016 -56.9545 -56.9981 -56.9987 -57.0046 -56.9406 -57.1053 -57.2844 -56.9014 -56.9564 -57.0893 -57.3595 -57.7477 -58.323 -59.2808 -60.3639 -60.7762 -60.5796 -61.1288 -60.3934 -60.1586 -58.3398 -56.929 -58.6878 -59.3433 -58.907
