data/70052_lisa.smith_annual_Lat_elev_map/70052_lisa.smith_annual_Lat_elev_map/predreg.asc
ncols 412
nrows 280
xllcorner -103.69999694824219
yllcorner 24.166666676
cellsize 0.0833333333
NODATA_value -9999
[rows 84 to 111 of 280, columns 63 to 125 of 412]
-54.8215 -54.6903 -54.6884 -54.5108 -54.2558 -54.0799 -54.084 -53.7788 -53.6033 -53.4762 -53.2548 -53.1321 -52.8269 -53.1496 -52.8766 -52.1956 -52.3129 -51.7498 -51.2633 -51.7751 -52.1009 -51.9504 -51.623 -51.118 -50.9842 -50.4774 -50.5974 -50.327 -49.8431 -49.7787 -49.1995 -49.0223 -49.6695 -49.5941 -48.3698 -49.9245 -49.5427 -48.6357 -48.9221 -49.5506 -49.1649 -48.7786 -49.381 -50.2325 -49.6064 -50.4065 -49.6487 -49.3066 -49.3209 -49.121 -49.2993 -49.8179 -49.6133 -49.3759 -49.4424 -48.8352 -48.0871 -49.17 -48.965 -49.1037 -49.4894 -49.2953 -48.9932
-54.6982 -54.5719 -54.1013 -53.5872 -53.8094 -53.6306 -53.4553 -53.2427 -53.044 -52.9591 -52.8272 -52.614 -52.5303 -52.4225 -52.2087 -51.8861 -51.1915 -50.9021 -50.896 -50.6672 -51.3741 -51.0365 -51.4555 -51.4538 -51.3277 -50.9752 -50.142 -49.4845 -50.2313 -50.3806 -49.9144 -49.2071 -48.1163 -49.0908 -48.0281 -47.9974 -49.4313 -48.5525 -48.6857 -48.7988 -48.7951 -49.0961 -49.5866 -49.6454 -49.5317 -49.6549 -49.2118 -48.4725 -48.6416 -48.6847 -48.4109 -48.6371 -49.1456 -48.4852 -48.583 -48.3364 -48.0185 -48.4811 -48.2744 -48.6149 -48.8002 -48.6328 -48.3683
-55.0151 -54.7358 -54.3718 -53.6335 -53.5209 -53.0199 -53.0085 -52.834 -52.6827 -52.2721 -52.1632 -52.1238 -51.8943 -51.8604 -51.7462 -51.5862 -51.4916 -51.2179 -51.1033 -50.5433 -50.1266 -50.4557 -51.1073 -51.2907 -51.1441 -50.8441 -50.7486 -49.8324 -49.394 -49.5311 -49.5759 -48.6403 -48.9993 -48.1607 -48.1051 -47.5977 -48.7873 -48.3547 -48.459 -48.809 -48.5151 -48.4165 -48.7616 -49.1992 -48.6811 -48.75 -48.7082 -48.0553 -48.4261 -48.1319 -48.1754 -48.7292 -48.4932 -47.8646 -48.4897 -48.3084 -47.5163 -47.8103 -47.7732 -47.661 -48.0685 -47.6259 -48.332
-53.8001 -53.8421 -53.9982 -53.6722 -53.1746 -52.8927 -52.5495 -51.9535 -51.71 -51.7653 -51.7408 -51.6631 -51.5008 -51.0109 -50.4434 -51.4332 -50.9744 -50.929 -50.7117 -50.8295 -50.6791 -50.3218 -50.1474 -50.7636 -50.9688 -50.6808 -50.144 -50.0426 -49.001 -49.2525 -48.7743 -48.9794 -48.087 -48.74 -48.707 -48.6858 -47.1518 -47.8073 -48.3248 -47.8992 -48.1004 -47.5625 -48.0325 -48.4409 -48.6446 -48.3256 -48.0907 -47.4594 -47.0873 -46.9863 -47.674 -47.7629 -47.8806 -47.4826 -48.0028 -47.7897 -47.1828 -46.6752 -46.6709 -47.5841 -47.6634 -47.2138 -47.7075
-53.1912 -53.0846 -52.7961 -53.0089 -52.9889 -53.1099 -52.5068 -52.2034 -51.8998 -51.4223 -51.3002 -51.2699 -51.2601 -51.0788 -50.999 -50.3952 -50.3761 -50.2789 -50.2797 -50.1504 -50.1643 -49.8493 -49.7779 -49.6502 -49.9201 -50.16 -50.0478 -49.5923 -49.0229 -48.3738 -48.331 -47.5112 -47.9957 -47.5319 -47.5171 -47.7327 -47.5617 -46.8373 -46.8374 -47.3117 -48.1536 -46.9193 -47.5139 -47.8988 -47.9108 -47.5484 -47.75 -47.5254 -47.8479 -47.365 -47.1897 -47.3313 -47.0392 -47.0746 -47.5347 -47.57 -46.7299 -46.3022 -46.1715 -46.8926 -46.9794 -46.5226 -47.159
-52.5968 -52.138 -51.8715 -51.4825 -51.7461 -51.7059 -51.6773 -51.8235 -51.5995 -51.6691 -51.3397 -51.2055 -50.7022 -50.5175 -50.0884 -50.4285 -50.0403 -49.3626 -50.3516 -50.1248 -49.3808 -49.9385 -49.6477 -49.2123 -49.9306 -50.4817 -50.209 -49.3325 -48.6313 -48.2124 -47.943 -47.7863 -47.3468 -47.3999 -46.7487 -46.9689 -47.2199 -46.5011 -46.4811 -47.5705 -47.6691 -46.9646 -47.3494 -47.8347 -47.3287 -47.2533 -47.9063 -47.7402 -47.4131 -47.3328 -47.2548 -46.2326 -46.0295 -46.1806 -46.557 -46.5907 -47.1722 -46.8874 -45.7617 -45.9438 -46.5466 -46.4996 -46.7631
-53.0358 -52.7505 -52.5192 -52.2657 -51.902 -51.35 -51.2067 -50.3931 -50.9435 -51.4927 -51.02 -50.6503 -50.8339 -51.0184 -50.3413 -50.7996 -50.2489 -49.3018 -49.2668 -49.5713 -48.9285 -48.8108 -48.7054 -49.106 -49.6372 -50.4108 -49.6218 -48.4101 -47.7286 -47.4866 -48.7602 -49.0628 -48.364 -47.5319 -47.3314 -46.6356 -46.8317 -46.6466 -47.0502 -46.0625 -46.7924 -47.5071 -46.8588 -47.7273 -46.9146 -47.1404 -47.4133 -47.1073 -47.0709 -46.9151 -46.8068 -45.913 -46.5786 -46.1056 -45.6636 -45.7037 -46.8206 -46.4851 -45.3098 -45.5877 -45.9302 -45.6793 -45.8981
-52.0123 -52.1808 -51.1756 -51.5753 -51.4319 -50.7991 -50.3434 -50.4117 -50.072 -51.0107 -50.8687 -50.7545 -50.2369 -49.8287 -49.7172 -49.4384 -49.3721 -49.1179 -49.1236 -48.1563 -49.4174 -48.4135 -48.3666 -48.9208 -49.6564 -49.3527 -49.3554 -48.9356 -47.9509 -47.3038 -48.3905 -48.9644 -48.4882 -47.7815 -47.0667 -47.1603 -47.4123 -47.1516 -46.9669 -46.338 -45.7149 -45.6598 -45.5885 -46.0849 -46.8047 -46.8196 -46.689 -46.8843 -47.0218 -46.3939 -46.3799 -46.1916 -46.8138 -46.3729 -45.5314 -45.0693 -45.5867 -46.3116 -45.8463 -45.1978 -44.8953 -45.1783 -45.3493
-51.7513 -51.5091 -51.3651 -51.8831 -51.5334 -50.3243 -49.6683 -49.7321 -49.3377 -50.0713 -49.7366 -49.9601 -50.2016 -50.0555 -50.2311 -49.6624 -49.2086 -48.5988 -48.8573 -47.777 -48.615 -48.2053 -48.591 -48.6383 -47.9197 -48.561 -48.2889 -47.9684 -48.2825 -47.5147 -48.0565 -48.3293 -48.1512 -47.4564 -47.6245 -46.9224 -46.602 -46.2845 -46.5633 -45.8165 -46.8471 -47.0038 -46.5936 -45.2218 -46.5603 -45.5364 -46.2118 -46.0095 -46.3987 -46.3694 -46.2618 -46.4534 -46.5055 -45.9487 -46.112 -45.2368 -45.227 -44.514 -44.4967 -45.0341 -44.88 -44.8691 -44.7399
-51.2248 -50.42 -50.7464 -50.8202 -50.0173 -49.6292 -49.1089 -49.447 -48.9206 -49.4901 -49.4329 -48.7832 -49.1245 -49.3392 -49.6415 -48.8731 -49.0419 -48.9274 -48.7949 -48.3154 -47.4766 -47.9384 -47.8579 -48.7513 -47.5443 -47.4941 -47.3802 -47.7239 -48.064 -47.8532 -48.0073 -47.5024 -47.2603 -46.8391 -46.94 -47.0043 -47.0705 -46.8661 -46.7672 -45.9966 -46.4366 -46.2174 -44.9817 -44.898 -46.0799 -45.3187 -45.799 -46.2971 -46.1067 -46.262 -46.225 -45.803 -45.6247 -45.7432 -45.5681 -45.3338 -44.6403 -44.9031 -44.4918 -44.3792 -44.0131 -43.9967 -44.2928
-49.9277 -49.4807 -49.6746 -49.7961 -49.4074 -48.9072 -48.7155 -48.4287 -48.4886 -48.7004 -48.8126 -48.0435 -48.2412 -48.1022 -48.174 -48.2444 -48.0832 -48.727 -48.5465 -48.3606 -47.7648 -47.8754 -47.5825 -47.284 -47.0957 -48.0887 -47.6424 -47.9392 -47.8641 -47.7889 -48.0464 -47.4124 -46.7184 -46.2311 -46.0371 -46.4038 -46.3075 -46.7126 -46.2362 -45.8493 -45.1026 -44.5415 -44.5942 -45.73 -46.0138 -44.8544 -45.3993 -45.7332 -45.9473 -45.713 -45.6785 -45.8452 -45.5756 -44.9197 -44.7659 -45.2072 -44.6354 -43.9306 -44.6489 -45.4129 -44.7609 -44.6066 -43.7636
-48.9522 -48.7852 -48.9351 -48.7945 -48.933 -49.0729 -49.117 -48.8949 -48.6411 -48.1512 -48.2493 -48.1147 -47.7129 -47.4958 -47.1984 -47.3551 -47.999 -47.7269 -47.993 -47.5184 -47.5232 -47.6703 -47.2059 -46.6204 -48.1138 -47.6426 -48.1727 -46.904 -47.1995 -46.7972 -47.1627 -46.8144 -46.5365 -45.7878 -45.9076 -45.5171 -46.131 -46.0553 -46.2941 -46.0076 -44.8559 -44.2188 -45.0926 -46.2824 -45.5212 -44.9261 -45.0815 -45.6984 -44.962 -45.6253 -45.931 -45.3844 -45.5726 -45.4976 -45.1964 -44.8383 -43.9071 -44.6605 -44.9436 -44.1196 -43.9244 -43.8995 -43.351
-48.3787 -48.5739 -48.191 -47.8057 -47.8118 -47.8156 -48.2052 -48.9517 -49.0675 -48.4205 -49.1408 -48.1464 -47.8615 -47.6072 -47.1974 -46.6868 -47.3116 -47.8387 -47.2634 -47.1783 -46.0589 -46.605 -47.1875 -47.9608 -48.2634 -47.5096 -48.106 -47.0159 -46.3215 -47.6884 -46.6032 -46.6177 -46.1308 -45.4053 -45.1602 -44.7979 -45.4874 -45.7764 -45.9373 -45.1735 -45.5214 -44.6453 -45.0108 -45.2428 -44.702 -44.823 -44.7725 -44.5814 -44.8914 -44.7629 -45.1702 -45.3722 -44.8634 -45.0186 -44.254 -44.6847 -43.9284 -43.5369 -43.8641 -44.1233 -43.6438 -43.3961 -43.3207
-48.4443 -48.9926 -48.7494 -48.5463 -47.8115 -47.7155 -47.1322 -47.1111 -47.6043 -48.456 -48.5496 -48.1912 -47.9549 -47.504 -46.9976 -46.4969 -46.3184 -46.6917 -46.9055 -47.5198 -47.1294 -45.7531 -46.7954 -47.3838 -46.6734 -46.7939 -46.6076 -45.6483 -46.0155 -45.7437 -46.4292 -46.0388 -46.2829 -45.8749 -45.35 -45.0903 -44.8923 -45.1676 -45.6176 -45.5934 -44.9766 -45.3937 -43.7707 -43.804 -44.048 -44.0067 -43.8748 -44.078 -44.7029 -44.059 -44.1956 -44.9238 -44.9142 -43.5496 -44.2932 -43.8615 -43.6812 -43.2945 -43.018 -43.35 -43.0866 -43.2196 -42.788
-48.5353 -49.5561 -48.3678 -47.3686 -47.8193 -47.7209 -48.1476 -47.5617 -46.6311 -47.0219 -47.0879 -47.3488 -47.3267 -47.0894 -47.0674 -46.4448 -46.2058 -45.7871 -46.5033 -46.6341 -46.7378 -45.8798 -45.0526 -46.2927 -45.9705 -45.5553 -45.2007 -44.6394 -46.3085 -44.7751 -45.2033 -45.2783 -45.5846 -45.6731 -45.3184 -45.1723 -44.5654 -45.0936 -45.6127 -44.9378 -44.6004 -45.1404 -44.824 -42.9758 -43.4275 -44.4856 -44.4743 -44.8102 -44.2403 -43.9505 -43.4615 -43.6466 -44.517 -43.2365 -42.9268 -42.7213 -42.5597 -42.4585 -42.479 -42.4347 -42.3709 -42.2838 -42.3063
-48.3589 -48.1278 -48.0642 -47.4375 -46.9955 -46.5639 -47.332 -47.2926 -46.4132 -46.358 -46.3957 -46.9089 -47.21 -46.5075 -45.8931 -46.0848 -46.2846 -46.139 -45.4794 -45.8765 -46.2925 -45.5435 -45.7682 -44.3793 -45.1915 -45.3116 -44.3495 -44.0268 -44.1502 -44.9565 -44.1642 -44.0545 -44.6045 -44.9047 -44.5542 -44.3801 -43.6384 -44.7606 -44.8184 -45.1874 -44.315 -43.6686 -44.0018 -43.5839 -42.6324 -43.4083 -44.115 -43.977 -43.169 -42.872 -42.4345 -42.353 -42.3993 -42.9898 -42.2352 -42.1876 -42.1696 -42.112 -42.8717 -42.3485 -42.5674 -42.01 -42.216
-47.9471 -47.2443 -47.3136 -47.8832 -47.4626 -47.2842 -46.6397 -46.0647 -45.7237 -45.7008 -46.1056 -46.4253 -46.4311 -46.7655 -46.4336 -45.7243 -45.5017 -45.8507 -45.3798 -45.3265 -45.554 -44.7481 -44.2362 -45.4167 -44.8074 -44.5138 -44.8281 -45.1763 -44.4609 -43.6182 -43.4544 -44.0083 -43.456 -43.9048 -44.1074 -44.1917 -43.4199 -44.3051 -44.3704 -44.626 -44.3372 -43.4553 -43.3232 -43.7379 -43.6915 -43.4336 -42.9314 -42.2387 -42.2175 -43.1393 -42.8563 -42.2469 -42.0811 -42.2452 -42.1644 -43.0909 -42.3553 -42.3966 -42.7481 -42.608 -42.6595 -42.4729 -42.3385
-47.1945 -47.807 -46.7507 -46.249 -46.568 -46.8494 -46.4382 -46.0054 -46.3826 -45.7884 -45.175 -45.4968 -45.2407 -45.8821 -45.5048 -45.75 -45.4309 -44.6236 -45.1901 -44.8515 -44.141 -44.6661 -44.7076 -46.2795 -46.369 -46.0387 -45.1101 -43.9036 -44.4101 -44.1778 -43.8348 -43.6622 -43.887 -43.3561 -43.0458 -43.1257 -43.3918 -42.7217 -42.6531 -43.5502 -42.7784 -42.6813 -43.2801 -42.3066 -42.1407 -43.5601 -43.079 -43.0342 -43.3284 -43.0307 -42.7539 -42.9962 -42.2484 -42.4396 -43.0806 -42.8259 -42.3757 -42.3974 -42.418 -42.2446 -42.1532 -42.0825 -42.1587
-46.9015 -46.8189 -47.1784 -46.425 -46.1409 -45.9648 -45.8436 -45.7983 -45.1706 -45.0311 -45.6195 -45.1819 -44.6596 -44.8671 -45.3258 -44.9013 -44.9006 -44.3375 -44.055 -43.9412 -45.2693 -45.2967 -45.3151 -46.0862 -46.0357 -44.8943 -45.0442 -45.3656 -45.5073 -44.698 -43.9792 -44.2518 -44.383 -43.4791 -43.591 -44.0274 -43.1611 -43.5225 -43.344 -42.2506 -42.1367 -42.2525 -42.2567 -43.3082 -43.0632 -43.7463 -43.2051 -42.2383 -42.9239 -43.0576 -43.0163 -42.7257 -43.2103 -42.3287 -42.6127 -42.3664 -42.054 -42.0813 -42.003 -41.6151 -41.4434 -41.405 -41.353
-47.2503 -47.6553 -48.0499 -47.121 -47.5568 -47.4945 -46.2515 -45.6825 -45.0648 -45.2869 -44.5211 -44.4453 -44.2611 -44.1965 -44.1081 -44.0984 -44.4045 -44.4229 -44.7928 -44.8954 -45.1044 -45.5889 -45.9784 -46.3206 -45.5688 -45.4473 -45.536 -45.1721 -45.7536 -45.3983 -45.0472 -43.9255 -43.4267 -42.9635 -42.9182 -42.9506 -43.0534 -43.0183 -42.529 -42.3651 -42.7171 -42.6119 -42.5667 -42.9474 -43.4557 -43.2333 -43.0058 -43.2474 -42.9553 -43.1655 -43.0542 -43.0136 -43.181 -42.8681 -42.2279 -42.1081 -41.9372 -41.8216 -41.0935 -41.3021 -41.4685 -41.504 -41.5666
-46.9684 -47.2088 -47.1741 -47.3376 -47.4345 -47.4099 -46.4257 -45.9412 -44.9441 -44.9495 -44.3401 -44.6529 -44.4904 -44.5325 -44.1989 -44.4386 -44.6819 -44.7569 -44.6449 -45.175 -45.202 -45.7384 -45.453 -45.6957 -45.2767 -45.7247 -45.9369 -46.1468 -44.9399 -44.8413 -43.7412 -43.7894 -43.8452 -43.6711 -43.5968 -43.7044 -43.3982 -43.562 -43.2715 -43.2432 -43.0939 -43.2092 -42.9854 -43.0307 -43.2717 -42.8789 -42.9009 -43.0854 -43.134 -42.7702 -42.254 -42.4721 -41.9671 -41.8208 -41.6243 -41.1422 -41.0717 -40.8732 -41.1043 -41.1579 -41.4197 -41.667 -41.4087
-47.4296 -47.0558 -46.7148 -46.0824 -46.293 -46.5272 -46.5909 -45.3443 -45.3985 -44.3946 -44.2822 -44.5281 -44.4665 -44.3009 -44.177 -44.4332 -44.6868 -44.7871 -44.4679 -45.0346 -45.6072 -45.4043 -45.4759 -44.3239 -45.2825 -45.1099 -45.4248 -45.6211 -44.5304 -43.9116 -43.748 -43.2043 -42.732 -42.9882 -42.6643 -42.8388 -42.9875 -42.9337 -42.7258 -42.1805 -42.6496 -42.5429 -42.1237 -42.3393 -42.4154 -43.0166 -42.9211 -42.2858 -42.4125 -42.2491 -42.0268 -41.7304 -41.3837 -41.6925 -41.4898 -41.5427 -41.0917 -41.3206 -41.4163 -41.4073 -41.319 -41.3995 -40.9877
-48.0115 -47.9516 -47.4742 -46.6944 -46.4021 -45.9965 -45.4048 -45.8229 -45.0121 -44.8536 -44.3174 -44.6131 -44.2522 -44.2951 -44.7674 -45.0156 -44.3193 -44.7841 -44.9382 -45.3827 -45.2852 -45.7539 -45.1851 -44.4997 -43.8247 -43.9236 -44.555 -44.1575 -44.1424 -43.4272 -43.4177 -42.9232 -42.8126 -42.7577 -42.6753 -42.1692 -42.4677 -42.1479 -41.5729 -41.7155 -42.0352 -42.2244 -42.3622 -41.4424 -42.3703 -42.5984 -42.3881 -41.6536 -41.6433 -41.298 -42.1175 -41.4115 -41.257 -41.2868 -41.0043 -41.2931 -40.9168 -41.7103 -41.5025 -41.2572 -41.6187 -41.4353 -40.9804
-47.2809 -47.0396 -46.994 -47.1204 -46.7887 -46.1804 -45.4145 -44.7722 -44.6187 -44.3002 -44.3856 -45.2978 -44.2588 -45.0918 -45.0992 -44.8941 -44.7274 -44.8873 -45.0142 -45.2211 -44.7394 -44.5478 -45.3454 -44.6795 -44.7337 -43.6255 -43.2788 -43.2107 -43.2965 -42.9308 -42.4967 -42.7822 -42.6913 -42.7267 -42.439 -41.7895 -42.3926 -42.5019 -41.9614 -41.7035 -41.8241 -41.7005 -41.3188 -41.2412 -42.0471 -42.4357 -42.637 -41.526 -40.8113 -40.7223 -40.8735 -41.1468 -41.1764 -40.9539 -40.3521 -40.878 -41.1412 -41.2544 -41.0599 -41.1168 -41.3485 -41.2945 -41.5278
-46.578 -46.4919 -46.3978 -46.5513 -46.1661 -46.0329 -46.1415 -45.2804 -44.6663 -44.8108 -45.0979 -45.094 -44.9415 -44.8895 -44.754 -44.0447 -44.2833 -44.2973 -44.2884 -44.5093 -44.4178 -44.4426 -44.0333 -43.7183 -44.1583 -43.1435 -43.2736 -42.4219 -42.7228 -42.619 -42.9381 -42.1978 -42.2712 -42.0041 -42.254 -42.3282 -42.4104 -41.7734 -41.4039 -41.5646 -41.7515 -40.8709 -41.1842 -40.8525 -40.9653 -41.4579 -41.4151 -41.3705 -41.0204 -40.7475 -40.2355 -40.2207 -40.0955 -40.1362 -40.1759 -40.1981 -40.4869 -40.5684 -40.1158 -40.3366 -40.8194 -41.2258 -41.1044
-46.4246 -46.255 -45.9945 -46.0542 -46.2804 -46.0204 -45.3501 -45.6562 -44.9206 -44.6315 -44.6518 -44.8903 -45.0406 -45.1266 -44.681 -43.9699 -43.7008 -43.7932 -43.9463 -44.2807 -44.0743 -43.5567 -42.719 -42.5735 -42.4363 -42.8729 -42.188 -42.0166 -41.9739 -41.8685 -42.1667 -42.0853 -42.271 -42.0071 -42.529 -42.5513 -42.1759 -41.1963 -41.2311 -41.1977 -40.5648 -41.9499 -40.8388 -40.7563 -40.3529 -40.707 -40.9586 -40.5284 -40.574 -40.5823 -40.5419 -40.1974 -40.7132 -40.0672 -40.4171 -39.5517 -39.9006 -39.9409 -39.8745 -40.0721 -40.0916 -40.2864 -40.5452
-45.9855 -46.3338 -45.5566 -45.3756 -45.2523 -45.5093 -44.9967 -44.858 -44.5624 -44.2934 -44.2936 -44.5278 -44.7516 -44.6195 -44.0824 -43.6676 -43.6257 -43.6413 -43.5155 -43.7466 -43.5269 -43.0581 -44.0453 -43.521 -43.6277 -43.3632 -43.1106 -42.5622 -42.2722 -42.2428 -41.7187 -41.4391 -41.7343 -41.9692 -41.7612 -41.9421 -41.3929 -40.8316 -41.1018 -41.4259 -41.6924 -40.8415 -41.0687 -40.6662 -40.8291 -39.736 -40.1647 -39.9254 -39.9302 -39.8568 -40.1241 -40.5082 -40.3864 -39.6954 -39.5526 -39.306 -39.4549 -39.225 -39.9036 -40.0629 -39.2288 -39.5706 -39.8206
-45.5876 -45.3744 -45.1806 -45.0065 -44.8372 -44.6827 -45.0718 -44.1228 -44.2342 -43.731 -43.7941 -44.014 -44.0606 -44.2079 -44.4029 -44.1448 -43.6883 -43.4378 -42.8998 -43.1189 -42.8194 -43.6598 -43.4602 -43.2201 -43.4726 -43.409 -42.4722 -42.2015 -42.3286 -41.9815 -41.6 -41.691 -41.0658 -41.2182 -41.1414 -41.6652 -41.298 -40.9491 -41.3041 -41.6667 -40.8343 -40.4543 -40.3746 -40.5169 -39.8237 -39.6667 -39.5152 -39.3954 -39.2405 -39.3467 -39.8224 -40.3363 -40.4825 -40.1171 -39.7111 -39.2292 -39.4187 -39.5023 -39.8106 -39.0771 -39.1486 -39.3052 -39.3732
