data/70052_lisa.smith_annual_Lat_elev_map/70052_lisa.smith_annual_Lat_elev_map/predkrig.asc
ncols 412
nrows 280
xllcorner -103.69999694824219
yllcorner 24.166666676
cellsize 0.0833333333
NODATA_value -9999
[rows 224 to 251 of 280, columns 63 to 125 of 412]
-18.0906 -17.8537 -17.5825 -18.3695 -18.8374 -18.7536 -18.7349 -18.245 -18.5797 -17.6138 -18.0027 -18.4356 -18.2294 -17.8662 -17.765 -17.3052 -17.0911 -16.6968 -16.9128 -16.763 -16.6411 -16.516 -16.5049 -16.5136 -16.5292 -16.4696 -16.506 -16.5193 -16.5066 -16.5875 -16.5318 -16.5232 -16.3976 -16.4552 -16.4452 -16.3658 -16.4018 -16.4153 -16.4292 -16.4433 -16.4577 -16.4724 -16.4875 -16.5029 -16.5186 -16.5346 -16.551 -16.5676 -16.5846 -16.6018 -16.6193 -16.637 -16.655 -16.6732 -16.6916 -16.7101 -16.7288 -16.7477 -16.7666 -16.7856 -16.8046 -16.8237 -16.8427
-17.7057 -17.4234 -17.4107 -18.0594 -17.9613 -18.4286 -18.7533 -19.0656 -18.812 -18.42 -17.3893 -17.776 -17.9813 -17.5906 -17.215 -16.9763 -16.8692 -16.6125 -16.4172 -16.6604 -16.535 -16.4781 -16.1915 -16.4305 -16.3963 -16.2242 -16.2349 -16.3598 -16.3944 -16.3604 -16.3932 -16.272 -16.278 -16.2896 -16.3241 -16.3361 -16.3483 -16.3608 -16.3736 -16.3867 -16.4001 -16.4139 -16.4279 -16.4423 -16.4569 -16.4719 -16.4872 -16.5028 -16.5187 -16.5349 -16.5513 -16.568 -16.5849 -16.602 -16.6193 -16.6368 -16.6544 -16.6721 -16.6899 -16.7078 -16.7258 -16.7437 -16.7616
-18.1121 -18.3216 -17.3107 -17.8593 -17.9069 -18.0232 -18.9476 -18.7916 -18.3893 -18.3911 -18.2301 -17.8569 -17.323 -17.3078 -17.0435 -16.9278 -16.847 -16.7217 -16.3438 -16.5371 -16.5044 -16.3992 -16.3631 -16.1678 -16.1776 -16.1646 -16.1972 -16.207 -16.2169 -16.2053 -16.238 -16.1786 -16.2574 -16.2679 -16.2787 -16.2897 -16.301 -16.3126 -16.3244 -16.3366 -16.349 -16.3618 -16.3748 -16.3882 -16.4019 -16.4159 -16.4302 -16.4448 -16.4597 -16.4748 -16.4902 -16.5058 -16.5217 -16.5378 -16.554 -16.5704 -16.587 -16.6036 -16.6204 -16.6372 -16.6541 -16.6709 -16.6878
-17.5458 -17.7221 -17.9658 -17.1615 -17.8615 -17.5488 -19.0312 -18.4826 -17.8916 -18.1519 -17.6325 -17.5931 -17.3629 -17.0528 -16.9993 -16.8307 -16.66 -16.5595 -16.4771 -16.1644 -16.3744 -16.3434 -16.2591 -16.2692 -16.1413 -16.1502 -16.1591 -16.168 -16.1769 -16.186 -16.1951 -16.2044 -16.2139 -16.2236 -16.2335 -16.2436 -16.254 -16.2647 -16.2756 -16.2869 -16.2984 -16.3102 -16.3224 -16.3348 -16.3476 -16.3606 -16.3739 -16.3875 -16.4014 -16.4156 -16.43 -16.4446 -16.4595 -16.4745 -16.4898 -16.5052 -16.5207 -16.5363 -16.552 -16.5678 -16.5836 -16.5994 -16.6152
-17.6448 -17.3477 -17.0416 -16.8054 -16.9212 -17.7148 -18.3715 -18.2936 -18.2779 -17.9184 -17.4293 -17.034 -16.9352 -16.8108 -16.7599 -16.5892 -16.5981 -16.5189 -16.4123 -16.3806 -16.0622 -16.212 -16.1967 -16.2006 -16.259 -16.1075 -16.1156 -16.1237 -16.1318 -16.14 -16.1484 -16.1569 -16.1656 -16.1744 -16.1835 -16.1928 -16.2024 -16.2122 -16.2223 -16.2327 -16.2433 -16.2543 -16.2655 -16.2771 -16.2889 -16.3011 -16.3135 -16.3262 -16.3391 -16.3523 -16.3658 -16.3794 -16.3933 -16.4074 -16.4216 -16.436 -16.4506 -16.4652 -16.4799 -16.4947 -16.5095 -16.5242 -16.539
-17.3853 -16.8342 -17.2554 -17.5711 -16.6962 -17.361 -17.688 -18.2218 -17.8586 -17.3098 -17.1917 -16.9621 -16.633 -16.5529 -16.4768 -16.441 -16.3848 -16.3486 -16.3134 -16.2059 -16.0082 -16.0157 -16.1609 -16.0774 -16.0621 -16.0695 -16.0768 -16.0842 -16.0917 -16.0992 -16.1068 -16.1146 -16.1225 -16.1306 -16.1389 -16.1475 -16.1563 -16.1653 -16.1746 -16.1842 -16.194 -16.2041 -16.2145 -16.2252 -16.2362 -16.2475 -16.259 -16.2708 -16.2829 -16.2952 -16.3077 -16.3204 -16.3334 -16.3465 -16.3598 -16.3733 -16.3868 -16.4005 -16.4142 -16.428 -16.4418 -16.4556 -16.4694
-16.9894 -17.5181 -18.1931 -18.0077 -17.3324 -16.5327 -16.9077 -17.6553 -17.4543 -17.003 -16.8651 -16.8986 -16.645 -16.4511 -16.2626 -16.2258 -16.2356 -16.2018 -16.1417 -16.0788 -15.9843 -15.9573 -16.0102 -16.0172 -16.0241 -16.031 -16.0378 -16.0445 -16.0513 -16.0582 -16.0652 -16.0723 -16.0796 -16.087 -16.0946 -16.1024 -16.1105 -16.1188 -16.1274 -16.1362 -16.1452 -16.1546 -16.1642 -16.1741 -16.1843 -16.1947 -16.2054 -16.2164 -16.2276 -16.239 -16.2506 -16.2625 -16.2745 -16.2868 -16.2991 -16.3117 -16.3243 -16.337 -16.3498 -16.3626 -16.3755 -16.3883 -16.4011
-18.0368 -18.0849 -18.2211 -17.6333 -17.7459 -17.7604 -16.5366 -17.0832 -17.2523 -17.0069 -16.7309 -16.5415 -16.42 -16.2749 -16.1776 -16.1406 -16.1514 -16.0703 -15.9418 -16.1302 -15.9543 -15.9615 -15.9684 -15.975 -15.9815 -15.9878 -15.9941 -16.0004 -16.0066 -16.013 -16.0194 -16.0259 -16.0325 -16.0393 -16.0463 -16.0535 -16.0609 -16.0685 -16.0764 -16.0845 -16.0929 -16.1015 -16.1104 -16.1195 -16.1289 -16.1385 -16.1484 -16.1586 -16.169 -16.1796 -16.1904 -16.2014 -16.2126 -16.2239 -16.2354 -16.247 -16.2588 -16.2706 -16.2825 -16.2944 -16.3063 -16.3183 -16.3301
-18.4372 -18.836 -18.544 -17.7507 -17.2726 -17.0808 -16.8878 -16.4584 -16.9213 -16.7407 -16.551 -16.4794 -16.3369 -16.0809 -16.138 -16.0797 -15.8834 -15.8929 -15.8787 -15.9094 -15.9168 -15.9238 -15.9304 -15.9367 -15.9429 -15.9488 -15.9547 -15.9605 -15.9663 -15.9722 -15.9781 -15.984 -15.9902 -15.9964 -16.0028 -16.0094 -16.0162 -16.0232 -16.0304 -16.0379 -16.0456 -16.0535 -16.0617 -16.0701 -16.0788 -16.0877 -16.0968 -16.1062 -16.1158 -16.1256 -16.1356 -16.1458 -16.1562 -16.1667 -16.1773 -16.1881 -16.199 -16.21 -16.221 -16.232 -16.243 -16.2541 -16.265
-19.7554 -19.1447 -18.2159 -18.2203 -17.3571 -17.5301 -16.9222 -16.3492 -16.4105 -16.6533 -16.449 -16.1915 -16.1394 -16.1255 -16.0281 -15.9716 -15.8453 -16.0601 -15.8634 -15.9398 -15.8787 -15.8855 -15.8919 -15.898 -15.9039 -15.9095 -15.9151 -15.9205 -15.926 -15.9314 -15.9369 -15.9424 -15.948 -15.9538 -15.9597 -15.9657 -15.972 -15.9784 -15.985 -15.9919 -15.9989 -16.0062 -16.0137 -16.0215 -16.0295 -16.0377 -16.0461 -16.0548 -16.0636 -16.0727 -16.0819 -16.0913 -16.1009 -16.1106 -16.1205 -16.1305 -16.1405 -16.1506 -16.1608 -16.171 -16.1812 -16.1914 -16.2015
-19.5847 -19.2752 -18.8768 -18.3123 -17.7878 -17.2606 -17.0391 -16.6109 -16.0381 -16.4743 -16.3574 -16.2371 -16.1848 -16.1361 -16.0089 -15.9088 -16.0049 -15.8125 -15.9353 -15.8292 -15.8365 -15.8432 -15.8496 -15.8555 -15.8612 -15.8666 -15.8719 -15.8771 -15.8822 -15.8873 -15.8924 -15.8975 -15.9027 -15.908 -15.9135 -15.919 -15.9248 -15.9307 -15.9368 -15.9431 -15.9495 -15.9562 -15.9632 -15.9703 -15.9776 -15.9852 -15.9929 -16.0009 -16.0091 -16.0174 -16.0259 -16.0346 -16.0434 -16.0524 -16.0615 -16.0706 -16.0799 -16.0892 -16.0986 -16.108 -16.1173 -16.1267 -16.136
-19.3641 -18.6247 -18.5515 -17.918 -17.4446 -17.1608 -16.6863 -16.3888 -16.175 -16.2876 -15.7616 -15.7418 -16.0315 -15.9677 -15.8925 -15.9126 -15.7637 -15.7734 -15.7823 -15.7903 -15.7976 -15.8044 -15.8107 -15.8165 -15.8221 -15.8274 -15.8325 -15.8374 -15.8423 -15.8471 -15.8519 -15.8567 -15.8615 -15.8664 -15.8714 -15.8766 -15.8819 -15.8873 -15.8929 -15.8987 -15.9046 -15.9108 -15.9171 -15.9237 -15.9304 -15.9373 -15.9445 -15.9518 -15.9593 -15.9669 -15.9747 -15.9827 -15.9908 -15.9991 -16.0074 -16.0159 -16.0244 -16.0329 -16.0415 -16.0501 -16.0587 -16.0673 -16.0757
-18.6667 -18.8926 -18.0549 -17.7727 -17.2242 -16.9353 -16.6641 -16.3704 -16.1902 -16.2346 -16.1411 -16.0254 -16.0143 -15.6874 -15.701 -15.7132 -15.7242 -15.7341 -15.7431 -15.7512 -15.7586 -15.7654 -15.7717 -15.7775 -15.783 -15.7882 -15.7932 -15.7979 -15.8026 -15.8071 -15.8117 -15.8162 -15.8207 -15.8253 -15.83 -15.8347 -15.8396 -15.8446 -15.8497 -15.855 -15.8605 -15.8661 -15.872 -15.878 -15.8841 -15.8905 -15.897 -15.9037 -15.9106 -15.9176 -15.9248 -15.9321 -15.9395 -15.9471 -15.9547 -15.9624 -15.9702 -15.978 -15.9859 -15.9938 -16.0016 -16.0094 -16.0171
-19.1655 -18.4446 -17.9929 -17.5253 -17.1646 -16.8281 -16.5126 -16.307 -16.1251 -16.0318 -16.0291 -15.9124 -15.8567 -15.8976 -15.6585 -15.6709 -15.682 -15.6921 -15.7012 -15.7094 -15.7169 -15.7238 -15.7301 -15.7359 -15.7414 -15.7465 -15.7514 -15.756 -15.7605 -15.7649 -15.7692 -15.7735 -15.7777 -15.782 -15.7864 -15.7908 -15.7953 -15.7999 -15.8046 -15.8095 -15.8145 -15.8197 -15.825 -15.8305 -15.8362 -15.842 -15.848 -15.8541 -15.8604 -15.8668 -15.8733 -15.88 -15.8868 -15.8937 -15.9007 -15.9077 -15.9148 -15.9219 -15.9291 -15.9362 -15.9434 -15.9504 -15.9574
-18.4873 -18.0632 -17.7338 -17.2853 -16.9019 -16.5869 -16.3614 -16.1345 -15.9962 -15.8794 -15.8528 -15.8956 -15.8202 -15.6295 -15.779 -15.6317 -15.643 -15.6532 -15.6624 -15.6708 -15.6784 -15.6853 -15.6917 -15.6975 -15.703 -15.7081 -15.7129 -15.7175 -15.7218 -15.7261 -15.7302 -15.7343 -15.7383 -15.7424 -15.7464 -15.7505 -15.7547 -15.759 -15.7633 -15.7678 -15.7724 -15.7772 -15.782 -15.7871 -15.7922 -15.7975 -15.803 -15.8086 -15.8143 -15.8201 -15.8261 -15.8322 -15.8384 -15.8446 -15.851 -15.8574 -15.8638 -15.8703 -15.8768 -15.8832 -15.8897 -15.896 -15.9024
-18.3007 -17.807 -17.4895 -17.0188 -16.6819 -16.3667 -16.231 -16.0278 -15.823 -15.7957 -15.7684 -15.7193 -15.7577 -15.6357 -15.5805 -15.593 -15.6044 -15.6146 -15.624 -15.6325 -15.6402 -15.6472 -15.6536 -15.6596 -15.665 -15.6701 -15.6749 -15.6794 -15.6837 -15.6878 -15.6918 -15.6957 -15.6996 -15.7034 -15.7072 -15.711 -15.7149 -15.7189 -15.7229 -15.727 -15.7313 -15.7356 -15.7401 -15.7447 -15.7494 -15.7542 -15.7592 -15.7642 -15.7694 -15.7748 -15.7802 -15.7857 -15.7913 -15.797 -15.8027 -15.8085 -15.8143 -15.8202 -15.826 -15.8318 -15.8376 -15.8433 -15.849
-18.2026 -17.6825 -17.2786 -16.9634 -16.5343 -16.2827 -16.0572 -15.8736 -15.7601 -15.8018 -15.7521 -15.677 -15.6055 -15.5268 -15.6089 -15.553 -15.5644 -15.5747 -15.5841 -15.5927 -15.6005 -15.6076 -15.6142 -15.6201 -15.6256 -15.6308 -15.6355 -15.64 -15.6442 -15.6483 -15.6521 -15.6559 -15.6596 -15.6632 -15.6669 -15.6705 -15.6741 -15.6778 -15.6815 -15.6853 -15.6892 -15.6932 -15.6973 -15.7014 -15.7057 -15.7101 -15.7146 -15.7192 -15.7239 -15.7287 -15.7336 -15.7386 -15.7437 -15.7488 -15.754 -15.7592 -15.7644 -15.7697 -15.7749 -15.7801 -15.7853 -15.7904 -15.7954
-17.9183 -17.5326 -17.1982 -16.8161 -16.4985 -16.2041 -15.9987 -15.8604 -15.6552 -15.4226 -15.5554 -15.6184 -15.4749 -15.4897 -15.5033 -15.5158 -15.5273 -15.5377 -15.5472 -15.5558 -15.5637 -15.5709 -15.5775 -15.5836 -15.5891 -15.5943 -15.599 -15.6035 -15.6077 -15.6117 -15.6155 -15.6191 -15.6227 -15.6262 -15.6296 -15.633 -15.6364 -15.6398 -15.6433 -15.6468 -15.6504 -15.654 -15.6578 -15.6616 -15.6655 -15.6694 -15.6735 -15.6777 -15.6819 -15.6863 -15.6907 -15.6952 -15.6997 -15.7043 -15.709 -15.7136 -15.7183 -15.723 -15.7276 -15.7322 -15.7368 -15.7413 -15.7457
-17.8446 -17.5045 -16.9857 -16.4884 -16.33 -16.0792 -15.9655 -15.8277 -15.6227 -15.5039 -15.4058 -15.423 -15.4389 -15.4536 -15.4671 -15.4796 -15.491 -15.5015 -15.5111 -15.5198 -15.5278 -15.535 -15.5417 -15.5478 -15.5534 -15.5586 -15.5634 -15.5678 -15.572 -15.5759 -15.5797 -15.5832 -15.5867 -15.59 -15.5933 -15.5965 -15.5998 -15.603 -15.6062 -15.6094 -15.6127 -15.616 -15.6194 -15.6229 -15.6265 -15.6301 -15.6337 -15.6375 -15.6413 -15.6452 -15.6492 -15.6532 -15.6573 -15.6614 -15.6655 -15.6696 -15.6738 -15.6779 -15.682 -15.6861 -15.6901 -15.694 -15.6979
-17.7847 -17.4536 -16.9107 -16.3661 -16.0477 -16.0001 -15.8618 -15.7453 -15.6072 -15.603 -15.5071 -15.4327 -15.4028 -15.4173 -15.4308 -15.4432 -15.4546 -15.4651 -15.4747 -15.4835 -15.4915 -15.4988 -15.5056 -15.5117 -15.5174 -15.5226 -15.5274 -15.5319 -15.536 -15.54 -15.5436 -15.5471 -15.5505 -15.5537 -15.5569 -15.5599 -15.563 -15.566 -15.569 -15.572 -15.575 -15.5781 -15.5812 -15.5843 -15.5875 -15.5908 -15.5941 -15.5975 -15.6009 -15.6044 -15.6079 -15.6115 -15.6151 -15.6187 -15.6224 -15.626 -15.6297 -15.6333 -15.6369 -15.6405 -15.6439 -15.6473 -15.6506
-17.7175 -17.724 -16.884 -16.3377 -16.0366 -15.9483 -15.7873 -15.7409 -15.6688 -15.6183 -15.4755 -15.4905 -15.4605 -15.3837 -15.397 -15.4093 -15.4207 -15.4312 -15.4408 -15.4496 -15.4577 -15.4651 -15.4719 -15.4781 -15.4838 -15.4891 -15.4939 -15.4984 -15.5026 -15.5064 -15.5101 -15.5135 -15.5168 -15.52 -15.523 -15.5259 -15.5288 -15.5316 -15.5344 -15.5372 -15.54 -15.5428 -15.5457 -15.5485 -15.5514 -15.5544 -15.5573 -15.5604 -15.5634 -15.5665 -15.5696 -15.5728 -15.576 -15.5792 -15.5824 -15.5856 -15.5887 -15.5919 -15.595 -15.598 -15.601 -15.6039 -15.6067
-17.488 -17.0356 -16.8298 -16.4392 -16.1442 -15.8514 -15.7105 -15.5712 -15.5933 -15.5391 -15.4869 -15.4383 -15.3371 -15.3513 -15.3645 -15.3767 -15.388 -15.3985 -15.4081 -15.4169 -15.4251 -15.4325 -15.4393 -15.4456 -15.4514 -15.4566 -15.4615 -15.466 -15.4702 -15.474 -15.4777 -15.4811 -15.4843 -15.4874 -15.4903 -15.4931 -15.4958 -15.4985 -15.5012 -15.5038 -15.5063 -15.5089 -15.5115 -15.5141 -15.5167 -15.5193 -15.522 -15.5247 -15.5274 -15.5301 -15.5329 -15.5356 -15.5384 -15.5412 -15.544 -15.5467 -15.5495 -15.5522 -15.5548 -15.5574 -15.5599 -15.5623 -15.5646
-17.3493 -16.8693 -16.9777 -16.4385 -16.1447 -15.8212 -15.5907 -15.5664 -15.4679 -15.4857 -15.4127 -15.2908 -15.3058 -15.3198 -15.3328 -15.345 -15.3562 -15.3666 -15.3762 -15.3851 -15.3932 -15.4007 -15.4075 -15.4139 -15.4196 -15.425 -15.4299 -15.4344 -15.4386 -15.4424 -15.446 -15.4494 -15.4526 -15.4556 -15.4584 -15.4611 -15.4637 -15.4663 -15.4687 -15.4712 -15.4736 -15.4759 -15.4783 -15.4806 -15.483 -15.4853 -15.4877 -15.4901 -15.4925 -15.4949 -15.4973 -15.4997 -15.5021 -15.5045 -15.5068 -15.5092 -15.5115 -15.5138 -15.516 -15.5181 -15.5202 -15.5221 -15.5239
-17.0979 -16.7073 -16.8743 -16.4447 -15.9575 -15.6598 -15.5399 -15.3993 -15.3944 -15.436 -15.4948 -15.2618 -15.2766 -15.2904 -15.3033 -15.3153 -15.3265 -15.3368 -15.3464 -15.3552 -15.3634 -15.3709 -15.3777 -15.3841 -15.3899 -15.3953 -15.4002 -15.4047 -15.4089 -15.4128 -15.4163 -15.4197 -15.4228 -15.4257 -15.4285 -15.4311 -15.4337 -15.4361 -15.4384 -15.4407 -15.4429 -15.4451 -15.4472 -15.4493 -15.4514 -15.4535 -15.4556 -15.4577 -15.4598 -15.4619 -15.464 -15.466 -15.4681 -15.4701 -15.4721 -15.4741 -15.476 -15.4779 -15.4796 -15.4814 -15.483 -15.4845 -15.4859
-17.0369 -16.6171 -16.4146 -16.0042 -15.7058 -15.5635 -15.4908 -15.4427 -15.4598 -15.453 -15.4663 -15.4397 -15.2489 -15.2625 -15.2752 -15.2871 -15.2982 -15.3084 -15.318 -15.3268 -15.3349 -15.3424 -15.3493 -15.3557 -15.3615 -15.3669 -15.3718 -15.3764 -15.3806 -15.3844 -15.388 -15.3913 -15.3944 -15.3973 -15.4 -15.4026 -15.405 -15.4073 -15.4095 -15.4116 -15.4137 -15.4157 -15.4176 -15.4196 -15.4214 -15.4233 -15.4251 -15.427 -15.4288 -15.4306 -15.4323 -15.4341 -15.4358 -15.4375 -15.4391 -15.4407 -15.4423 -15.4438 -15.4452 -15.4465 -15.4477 -15.4488 -15.4498
-17.1158 -16.6193 -16.3024 -15.9574 -15.7714 -15.562 -15.4448 -15.486 -15.4124 -15.406 -15.5124 -15.5511 -15.2231 -15.2365 -15.249 -15.2608 -15.2717 -15.2819 -15.2914 -15.3002 -15.3083 -15.3158 -15.3227 -15.329 -15.3349 -15.3403 -15.3453 -15.3498 -15.354 -15.3579 -15.3614 -15.3647 -15.3678 -15.3706 -15.3733 -15.3758 -15.3781 -15.3803 -15.3824 -15.3844 -15.3863 -15.3881 -15.3899 -15.3917 -15.3933 -15.395 -15.3966 -15.3982 -15.3997 -15.4012 -15.4027 -15.4042 -15.4056 -15.4069 -15.4083 -15.4095 -15.4107 -15.4118 -15.4129 -15.4138 -15.4147 -15.4154 -15.416
-17.4284 -16.7839 -16.2132 -15.7541 -15.6614 -15.5637 -15.5119 -15.4419 -15.4805 -15.4273 -15.4454 -15.4367 -15.3813 -15.212 -15.2244 -15.236 -15.2468 -15.2569 -15.2663 -15.275 -15.2831 -15.2906 -15.2975 -15.3039 -15.3097 -15.3151 -15.3201 -15.3247 -15.3289 -15.3327 -15.3363 -15.3395 -15.3426 -15.3454 -15.348 -15.3504 -15.3526 -15.3548 -15.3568 -15.3586 -15.3604 -15.3621 -15.3637 -15.3653 -15.3668 -15.3682 -15.3696 -15.371 -15.3723 -15.3735 -15.3748 -15.3759 -15.3771 -15.3781 -15.3791 -15.3801 -15.3809 -15.3817 -15.3824 -15.383 -15.3835 -15.3839 -15.3842
-17.5662 -17.1249 -16.3544 -15.9152 -15.5914 -15.432 -15.4705 -15.4932 -15.4841 -15.4304 -15.354 -15.369 -15.3378 -15.1893 -15.2014 -15.2129 -15.2236 -15.2336 -15.2429 -15.2515 -15.2596 -15.267 -15.2739 -15.2803 -15.2861 -15.2915 -15.2965 -15.3011 -15.3053 -15.3091 -15.3127 -15.3159 -15.3189 -15.3217 -15.3242 -15.3266 -15.3288 -15.3308 -15.3327 -15.3345 -15.3361 -15.3377 -15.3392 -15.3406 -15.3419 -15.3432 -15.3443 -15.3455 -15.3466 -15.3476 -15.3486 -15.3495 -15.3503 -15.3511 -15.3518 -15.3525 -15.3531 -15.3535 -15.3539 -15.3542 -15.3544 -15.3544 -15.3543
