data/70052_lisa.smith_annual_Lat_elev_map/70052_lisa.smith_annual_Lat_elev_map/predkrig.asc
ncols 412
nrows 280
xllcorner -103.69999694824219
yllcorner 24.166666676
cellsize 0.0833333333
NODATA_value -9999
[rows 56 to 83 of 280, columns 189 to 251 of 412]
-52.2299 -51.9364 -51.4477 -50.8539 -50.5858 -49.8887 -49.4584 -49.4213 -49.1451 -48.9569 -48.7862 -48.8107 -48.8357 -49.1315 -49.6903 -50.3984 -50.9951 -51.2795 -51.4943 -51.8439 -52.5596 -53.6175 -54.1799 -54.2044 -54.7179 -55.2414 -55.971 -55.6602 -56.7832 -56.503 -56.6471 -56.8741 -57.0425 -57.4938 -57.7272 -57.8651 -57.7948 -57.6943 -57.9164 -58.292 -58.3949 -58.7346 -58.8456 -59.08 -59.2766 -59.5233 -59.7659 -59.7004 -59.9909 -59.8667 -60.435 -60.5079 -60.8569 -61.5583 -62.1621 -62.1374 -62.1503 -62.3267 -61.8835 -61.3838 -60.643 -60.5189 -60.6903
-51.8609 -51.2528 -50.9259 -50.3501 -49.9471 -49.4201 -49.0406 -48.6645 -48.3324 -48.2067 -48.202 -48.1535 -48.2202 -48.4907 -49.0141 -49.7976 -50.1951 -50.6656 -50.9261 -51.3185 -52.1731 -53.0197 -54.3447 -54.4322 -54.3083 -54.516 -54.662 -54.9545 -55.65 -56.1276 -55.6784 -57.2907 -56.875 -56.6823 -57.329 -57.4192 -57.5463 -57.7987 -57.9738 -57.989 -58.2482 -58.1057 -58.3644 -58.6508 -58.7593 -59.1585 -59.2312 -59.3159 -59.4533 -59.733 -60.1061 -60.8147 -60.9605 -61.2983 -61.4201 -61.1728 -61.5989 -61.5796 -60.9011 -59.9602 -59.4125 -59.4455 -59.6026
-51.2026 -50.7825 -50.0399 -49.9184 -49.2122 -48.7089 -48.3461 -48.1502 -47.91 -47.7648 -47.7603 -47.7333 -47.7559 -48.0267 -48.7787 -49.6085 -49.9571 -50.2862 -50.5691 -50.9857 -51.7941 -53.2999 -52.9335 -53.4247 -54.1102 -54.8546 -55.4484 -54.7202 -55.6214 -55.5901 -56.6004 -56.1648 -56.6316 -56.9298 -56.4634 -56.8512 -57.1121 -57.1998 -57.6706 -58.0022 -57.6738 -57.9032 -57.9625 -58.399 -58.446 -58.8377 -58.8469 -58.8387 -58.9396 -59.6044 -60.1768 -59.9423 -60.5512 -60.3601 -60.2778 -60.2559 -60.5178 -60.0548 -59.4492 -58.8912 -58.6889 -58.8078 -58.7552
-50.3028 -50.3812 -49.6323 -49.0564 -48.6387 -48.2493 -47.98 -47.7808 -47.5871 -47.3506 -47.3645 -47.3376 -47.2663 -47.6693 -48.5794 -49.3259 -49.6771 -49.9356 -50.2393 -50.7252 -51.5312 -52.9542 -52.7542 -53.2991 -53.4753 -53.4642 -54.1039 -54.6063 -54.9991 -54.7322 -56.0653 -56.2685 -56.2738 -56.6888 -56.9281 -56.911 -56.8317 -56.8736 -57.2214 -57.1988 -57.3222 -57.5355 -57.8215 -57.9705 -58.3318 -58.3597 -58.3343 -58.4463 -58.9598 -59.0804 -59.3693 -59.3731 -59.191 -59.5507 -59.6346 -59.939 -59.5291 -58.782 -58.2528 -58.1437 -58.258 -58.2515 -58.1892
-50.2336 -50.0636 -49.2872 -48.48 -48.0651 -47.7657 -47.563 -47.3653 -47.2608 -46.9993 -47.1065 -47.1701 -47.1471 -47.6449 -48.4712 -49.0921 -49.3755 -49.6078 -49.956 -50.4852 -51.1629 -52.0756 -52.3733 -52.893 -53.053 -53.5716 -53.6716 -53.7819 -53.7783 -55.1163 -55.565 -55.9124 -56.1836 -55.9707 -55.9333 -56.3063 -56.2658 -56.4047 -56.669 -56.8886 -57.0746 -57.2402 -57.605 -57.6462 -57.6889 -57.7159 -58.1765 -57.9033 -58.0149 -58.1115 -58.1044 -58.256 -58.9382 -59.3318 -58.6341 -58.0285 -57.3724 -57.7227 -57.6377 -57.6655 -57.771 -57.5686 -57.5987
-49.8585 -49.7263 -48.7472 -48.1616 -47.7691 -47.4259 -47.2683 -47.115 -46.9905 -46.8872 -46.9716 -47.0592 -47.0584 -47.1918 -47.9465 -48.7051 -49.0754 -49.4697 -49.7278 -50.2823 -50.9402 -51.6312 -52.1221 -52.2626 -52.8633 -53.3978 -53.7648 -53.575 -55.0746 -54.8608 -54.9772 -55.2336 -55.411 -55.5579 -55.3598 -55.4922 -55.8321 -56.0814 -56.5663 -56.6507 -56.5934 -56.8103 -56.9559 -57.0441 -57.1279 -57.3874 -57.4306 -57.6523 -57.7952 -57.8737 -57.947 -58.136 -58.4767 -57.8224 -57.1916 -56.8381 -56.6127 -56.8465 -57.0574 -57.1734 -57.0465 -56.9155 -57.0777
-49.0293 -49.0491 -48.1072 -47.8447 -47.6121 -47.2022 -47.0438 -46.9599 -46.8099 -46.8452 -46.9507 -47.0434 -46.9928 -47.0165 -47.5652 -48.3238 -48.8969 -49.2709 -49.6174 -50.1037 -50.9903 -51.4076 -51.6716 -52.1565 -52.6313 -52.6827 -52.6903 -54.7025 -54.4727 -54.0089 -54.486 -53.9141 -54.7386 -55.1563 -54.7973 -55.2444 -55.677 -55.6685 -55.7871 -56.0619 -56.6732 -56.3943 -56.7083 -56.3631 -56.8877 -57.5092 -57.317 -57.2681 -56.9963 -57.0201 -57.2667 -57.2915 -57.1727 -56.5655 -56.2846 -56.2151 -56.0139 -56.1306 -56.1797 -56.3761 -56.6384 -56.7111 -56.7361
-48.4672 -48.646 -47.8012 -47.5776 -47.3675 -47.1617 -46.9154 -46.7402 -46.682 -46.6948 -46.7352 -46.8234 -46.7767 -46.8895 -47.165 -47.8297 -48.6095 -49.0505 -49.3992 -50.3888 -50.7156 -50.9398 -51.2312 -51.4626 -52.1942 -52.1229 -52.8037 -53.5202 -53.7286 -53.5266 -53.6946 -54.3403 -54.7957 -54.6563 -54.9185 -55.009 -55.0988 -55.3999 -55.5752 -56.0465 -56.0181 -56.2277 -56.3636 -56.0463 -56.2725 -56.6781 -56.9145 -56.9742 -57.0933 -56.8594 -56.4493 -56.4602 -55.9488 -55.7596 -55.5843 -55.6447 -55.6666 -55.5746 -55.438 -55.758 -56.191 -56.3498 -56.3754
-48.0953 -47.865 -48.0343 -47.3166 -47.2657 -47.0383 -46.8362 -46.5947 -46.5138 -46.5284 -46.5692 -46.5888 -46.6328 -46.7915 -47.0433 -47.4793 -48.3044 -48.8146 -49.7577 -50.2365 -50.891 -50.8476 -51.6623 -51.6289 -51.6528 -51.8184 -53.1746 -53.1512 -52.997 -53.0324 -53.2624 -53.9364 -53.9218 -53.9368 -54.1809 -54.5901 -55.007 -55.0879 -55.1563 -55.4432 -55.8199 -56.2196 -56.638 -55.8615 -55.9623 -56.0516 -56.165 -56.4845 -55.8092 -55.442 -55.332 -55.3486 -55.0408 -55.0142 -55.01 -55.0071 -54.9597 -55.003 -55.0233 -55.3344 -55.5174 -55.8364 -56.0422
-47.5911 -47.3396 -47.4841 -47.3201 -46.9442 -46.9225 -46.7224 -46.5026 -46.3763 -46.3218 -46.3176 -46.3608 -46.4496 -46.6545 -46.9312 -47.3429 -48.0769 -48.5845 -49.4114 -49.7164 -50.3032 -51.1925 -51.0361 -51.0632 -51.9201 -52.1446 -52.4073 -52.3627 -52.3278 -52.4494 -52.9492 -53.2608 -53.1242 -53.4777 -53.7741 -54.1732 -54.4175 -54.8093 -54.9038 -55.3507 -55.2549 -56.1742 -56.356 -55.8646 -55.8764 -55.8786 -55.6729 -55.7669 -54.8223 -55.0165 -54.5173 -54.4632 -54.4794 -54.3607 -54.3977 -54.3714 -54.4111 -54.4065 -54.378 -54.6917 -55.1862 -55.2776 -55.3918
-47.2237 -46.8362 -46.9891 -46.7709 -46.6573 -46.4941 -46.4523 -46.324 -46.2453 -46.2834 -46.2777 -46.2974 -46.3854 -46.6126 -46.8889 -47.3699 -47.7913 -48.9317 -49.0398 -49.7505 -50.0891 -50.2486 -50.4958 -50.8305 -51.9176 -51.9741 -52.2855 -52.338 -51.7092 -51.8725 -52.0892 -52.3376 -52.6381 -53.1428 -53.6395 -53.5899 -54.0757 -54.4092 -54.688 -55.2635 -55.8934 -56.0945 -56.3813 -55.2955 -55.5628 -55.7211 -54.6391 -54.6407 -54.2524 -54.0063 -53.7616 -53.7091 -53.7656 -53.7798 -53.8397 -53.7858 -53.7998 -53.7243 -53.8277 -53.9122 -54.0409 -54.1736 -54.2798
-46.6266 -46.4215 -46.4744 -46.3946 -46.3689 -46.1415 -46.1715 -46.1134 -46.0791 -46.1161 -46.1112 -46.1775 -46.2875 -46.6056 -46.9296 -47.2517 -47.9498 -48.5499 -49.0597 -49.6181 -49.565 -49.6338 -50.1166 -50.9258 -50.9624 -51.4605 -51.7323 -51.331 -51.1432 -51.7779 -52.019 -51.9064 -52.2577 -52.5947 -52.8437 -53.539 -53.721 -53.9129 -54.1661 -55.2675 -55.4149 -54.8478 -55.4766 -54.4595 -54.4148 -54.0534 -53.7625 -53.4992 -53.1288 -53.2043 -53.2168 -53.3132 -53.3775 -53.2969 -53.2661 -53.1393 -53.1007 -53.1798 -53.2825 -53.3856 -53.5126 -53.6163 -53.7219
-46.7174 -46.2755 -45.8111 -45.9576 -46.069 -45.777 -45.7849 -45.8862 -45.8985 -45.9143 -46.0001 -46.1554 -46.3596 -46.5881 -46.8189 -47.8138 -47.9173 -48.0146 -48.6087 -49.2687 -49.5433 -49.3462 -50.1623 -50.1594 -50.4663 -50.882 -50.8866 -50.577 -50.8807 -50.8818 -51.5706 -52.0396 -51.9848 -52.2788 -52.7081 -52.916 -53.0673 -53.6654 -53.6067 -54.1314 -53.9338 -54.2021 -53.8429 -53.5386 -53.3253 -53.1354 -52.9738 -52.866 -52.66 -52.7369 -52.8599 -52.9164 -52.9487 -52.7559 -52.5779 -52.5131 -52.5892 -52.6876 -52.7875 -52.8872 -53.0102 -53.1109 -53.2343
-45.7671 -46.0633 -45.444 -45.7017 -45.6115 -45.6348 -45.459 -45.5586 -45.5479 -45.6076 -45.7181 -45.8504 -46.0407 -46.9105 -47.3313 -47.4438 -48.7136 -48.4811 -48.4211 -48.9008 -48.8245 -49.0937 -49.0822 -49.2659 -49.4798 -49.6379 -49.8258 -50.292 -50.9179 -50.7164 -51.0138 -51.2902 -51.8512 -52.1187 -52.1486 -52.5909 -52.7925 -53.2373 -53.5093 -53.2316 -52.9512 -52.785 -52.805 -52.6665 -52.5453 -52.2326 -52.4648 -52.3815 -52.4546 -52.376 -52.3124 -52.1822 -52.2539 -52.0058 -51.9636 -52.0339 -52.107 -52.1802 -52.2752 -52.3714 -52.4678 -52.5883 -52.7845
-45.5065 -45.8062 -45.5766 -45.2514 -45.2517 -45.2479 -45.3706 -45.5349 -45.1929 -45.4057 -46.0872 -46.5351 -46.6679 -47.0679 -48.5425 -48.2257 -47.8632 -48.3452 -47.7501 -47.9897 -48.6477 -49.1482 -48.8501 -48.9874 -49.3868 -49.4312 -49.6489 -50.4431 -50.2244 -50.5884 -51.0119 -51.3035 -51.443 -51.8483 -52.2319 -52.4226 -52.4815 -52.7067 -52.3884 -52.1739 -52.0684 -52.0874 -52.0031 -51.7592 -51.33 -51.5034 -51.9797 -51.9165 -52.0299 -51.8801 -51.6955 -51.6998 -51.6488 -51.5912 -51.7189 -51.7667 -51.7664 -51.8348 -51.8808 -51.9739 -52.0448 -52.1143 -52.2574
-45.2952 -45.2556 -45.2635 -45.4976 -45.0612 -45.1759 -45.2394 -45.3377 -45.6828 -45.6669 -45.9514 -46.7891 -47.3469 -47.4527 -47.4532 -47.4069 -47.3817 -47.1335 -47.3294 -47.9015 -48.7146 -48.812 -48.948 -48.9486 -49.428 -49.6786 -49.249 -50.01 -50.1199 -50.3847 -50.6102 -50.7741 -51.2521 -51.4023 -51.4482 -51.6504 -51.5845 -51.6376 -51.4672 -51.3097 -51.4951 -51.3484 -50.9633 -50.7262 -50.9112 -51.2362 -51.4306 -51.4104 -51.2028 -51.1745 -51.1827 -51.1545 -51.1786 -51.3991 -51.4169 -51.439 -51.4586 -51.4981 -51.5644 -51.6068 -51.6037 -51.7157 -51.9211
-44.6165 -45.1656 -45.3341 -45.382 -45.2711 -45.0959 -45.2853 -45.4251 -45.6188 -45.6273 -45.9592 -46.712 -46.3083 -46.5532 -46.6421 -46.574 -46.5507 -46.7046 -47.1159 -47.5912 -48.2903 -48.1531 -48.2907 -48.7901 -48.9277 -48.8859 -49.4191 -49.1529 -49.6075 -49.7663 -49.9894 -50.262 -50.6854 -51.3202 -50.9859 -50.902 -50.9073 -50.7975 -50.7153 -50.7575 -50.6678 -50.3336 -50.1957 -50.2879 -50.488 -50.6395 -50.5225 -50.4951 -50.5428 -50.7201 -50.7365 -50.8188 -50.9305 -50.9938 -51.0327 -51.0913 -50.9986 -51.0551 -51.0954 -51.1128 -51.1727 -51.2571 -51.3864
-44.2404 -44.5831 -44.9993 -45.114 -45.0123 -45.1596 -45.4523 -45.4942 -45.2916 -45.9056 -45.7087 -45.5525 -45.778 -45.8664 -45.8693 -46.0379 -46.0833 -46.4239 -46.877 -47.7431 -47.5949 -47.7552 -47.774 -48.0259 -48.2096 -48.3684 -48.9136 -49.1517 -49.4737 -49.4295 -49.658 -50.0959 -50.7623 -50.4297 -50.1107 -50.1066 -50.1368 -50.1898 -50.1006 -50.3284 -49.8096 -49.6419 -49.6455 -49.8298 -50.1251 -49.991 -49.871 -50.0471 -50.0854 -50.2411 -50.3929 -50.4995 -50.6273 -50.664 -50.629 -50.8246 -50.9744 -50.8733 -50.7039 -50.7785 -50.835 -51.0259 -51.7892
-43.6317 -43.9562 -44.1158 -44.4036 -44.4761 -44.7069 -44.8021 -44.8103 -44.8803 -45.0433 -44.8056 -44.9759 -45.195 -45.2803 -45.3646 -45.5881 -45.8575 -46.155 -46.5105 -47.0252 -47.1378 -47.5628 -47.6824 -47.6385 -47.8613 -48.521 -48.2743 -48.4465 -48.9212 -49.1724 -49.2291 -49.67 -49.5618 -49.4004 -49.4311 -49.6944 -49.5684 -49.5132 -49.5923 -49.1745 -49.1738 -49.2454 -49.3148 -49.4065 -49.6073 -49.6384 -49.6193 -49.7034 -49.8775 -49.9593 -50.0836 -50.1652 -50.2454 -50.3669 -50.5351 -50.7213 -50.7568 -50.7178 -50.6744 -50.6823 -51.1114 -51.4928 -51.4814
-43.3187 -43.4959 -43.6652 -43.8154 -43.9659 -43.7868 -43.8375 -43.908 -44.0442 -44.2791 -44.3887 -44.5539 -44.7723 -45.0141 -45.3102 -45.3945 -45.7112 -45.9453 -45.9884 -46.7281 -46.7064 -47.2062 -46.8695 -47.0499 -47.4953 -47.6382 -48.0177 -48.3998 -48.594 -48.7899 -48.6104 -48.5854 -48.7911 -48.7709 -49.0383 -48.7926 -48.9561 -48.7956 -48.6497 -48.6995 -48.7205 -48.8341 -48.8781 -49.0101 -49.234 -49.364 -49.3995 -49.4816 -49.6095 -49.5989 -49.676 -49.8627 -49.981 -50.0795 -50.2433 -50.452 -50.4402 -50.4408 -50.12 -50.7538 -51.2638 -51.4075 -51.5071
-43.1202 -42.992 -43.2193 -43.0202 -43.2402 -43.3207 -43.6142 -43.7424 -44.1505 -44.1787 -44.3186 -44.4402 -44.6937 -44.8844 -44.8322 -45.1768 -45.3902 -45.4153 -45.7414 -45.909 -46.2752 -47.0002 -46.579 -47.1934 -47.4928 -47.5668 -47.7936 -48.1686 -48.1052 -47.9675 -47.8109 -48.25 -48.4158 -48.6774 -48.3285 -48.3806 -48.1815 -48.2049 -48.2749 -48.344 -48.4343 -48.5014 -48.5879 -48.6519 -48.7573 -48.9083 -49.126 -49.3136 -49.371 -49.4225 -49.5657 -49.703 -49.8401 -50.0969 -50.2142 -50.2171 -50.3518 -50.2594 -50.3655 -50.8892 -51.4743 -51.6428 -51.3907
-42.6319 -42.5857 -42.6531 -42.8317 -43.1871 -43.2937 -43.3812 -43.4682 -43.6834 -43.8875 -44.0789 -44.0468 -44.2536 -44.2816 -44.5363 -44.7194 -44.9604 -45.0707 -45.3416 -45.661 -45.6994 -46.124 -46.326 -46.7404 -47.0042 -47.2697 -47.2021 -46.8871 -47.4561 -47.496 -47.6476 -47.9641 -48.0079 -47.5854 -47.8739 -47.782 -48.0665 -48.0012 -48.0264 -48.0932 -48.1136 -48.1549 -48.217 -48.2771 -48.4264 -48.5529 -48.6071 -48.8236 -49.2617 -49.3182 -49.4366 -49.4532 -49.7252 -49.8642 -50.3121 -50.2839 -50.2527 -50.2187 -50.3779 -50.9077 -51.3027 -51.5741 -51.6585
-42.275 -42.3181 -42.2789 -42.3969 -42.637 -42.7458 -43.0876 -43.2577 -43.4545 -43.5712 -43.5572 -43.6341 -43.7999 -43.8192 -44.17 -44.2572 -44.451 -44.6755 -45.1049 -45.3242 -45.5052 -45.8216 -46.2054 -46.4716 -46.2428 -46.2214 -46.2915 -46.7129 -47.1134 -47.0763 -47.2502 -47.1281 -47.5154 -47.3626 -47.4155 -47.7625 -47.8101 -47.7877 -47.8112 -47.7846 -47.7789 -47.8435 -47.9018 -47.9387 -48.0388 -48.1611 -48.2841 -48.4466 -48.6312 -48.8578 -49.1356 -49.3151 -49.4674 -49.4899 -49.7073 -49.7417 -49.701 -49.6637 -50.2171 -50.9215 -51.1818 -51.2879 -51.2534
-42.0724 -41.9323 -41.9384 -42.1056 -42.3634 -42.7338 -42.6802 -42.7708 -42.8174 -42.9539 -43.1173 -43.3064 -43.4785 -43.6083 -43.7105 -43.8866 -44.1052 -44.3313 -44.6606 -45.0918 -45.2293 -45.4967 -45.6835 -45.6415 -45.3848 -45.8362 -46.079 -46.7394 -46.4589 -46.1702 -46.2492 -46.7283 -46.8332 -47.1623 -47.2812 -47.2832 -47.3091 -47.6914 -47.6703 -47.6689 -47.615 -47.6719 -47.7552 -47.8112 -47.8889 -47.9624 -48.1702 -48.3792 -48.6934 -48.9461 -49.1946 -49.3727 -49.436 -49.3806 -49.6059 -49.4132 -49.3978 -49.4917 -50.2298 -50.6198 -50.9362 -51.0167 -51.4125
-41.5334 -41.6913 -41.6983 -41.7948 -42.1425 -42.2788 -42.2961 -42.4999 -42.6569 -42.9091 -43.145 -43.2034 -43.2142 -43.3157 -43.5123 -43.5258 -43.7887 -44.1476 -44.3062 -44.5288 -44.5805 -44.259 -44.8397 -45.427 -45.4382 -45.3479 -45.2927 -46.221 -46.1572 -46.2554 -46.4246 -46.5453 -46.6459 -46.7169 -47.1573 -47.1154 -47.1139 -47.1139 -47.4127 -47.4705 -47.5268 -47.5884 -47.6196 -47.674 -47.7492 -47.9142 -48.1823 -48.5265 -48.957 -49.2511 -49.3717 -49.4074 -49.6046 -49.3348 -49.5077 -49.1512 -49.2723 -49.5691 -49.8935 -50.4039 -50.588 -50.959 -51.485
-41.3195 -41.3224 -41.4871 -41.5413 -41.8731 -42.2224 -42.535 -42.7637 -43.106 -43.0481 -43.0307 -43.0141 -43.025 -43.016 -43.0961 -43.1786 -43.4414 -43.3749 -43.778 -44.001 -44.1379 -44.3059 -44.6062 -44.9164 -44.8495 -45.3429 -45.5189 -45.9816 -45.9744 -46.0509 -46.1301 -46.4438 -46.4658 -46.5882 -46.5658 -46.9555 -46.932 -46.906 -46.972 -46.987 -47.3424 -47.3477 -47.4497 -47.5264 -47.5763 -47.8699 -48.0198 -48.7088 -49.1935 -49.4244 -49.3248 -49.5599 -49.0992 -49.1707 -49.0856 -49.0478 -49.0768 -49.1424 -49.6777 -49.9002 -50.1784 -50.6095 -51.3536
-41.0891 -41.2053 -41.3238 -41.332 -41.5529 -41.7899 -42.1032 -42.7591 -42.9036 -42.7281 -42.6172 -42.7168 -42.8858 -42.7586 -42.6129 -42.7175 -42.4583 -43.1798 -43.3541 -43.6395 -44.0864 -44.4734 -44.7196 -44.8256 -44.9525 -45.1531 -45.3008 -45.3589 -46.0625 -45.9818 -45.9193 -46.0369 -46.2962 -46.3895 -46.4385 -46.4376 -46.6953 -46.8402 -46.8371 -46.9179 -46.9973 -47.0798 -47.1988 -47.2745 -47.4623 -47.6854 -48.1189 -48.387 -49.2926 -49.3187 -48.8464 -49.1921 -48.9582 -49.0545 -49.2686 -48.8805 -48.8127 -49.11 -49.2862 -49.6348 -49.7735 -50.0846 -51.1951
-40.9503 -40.9088 -41.004 -41.1709 -41.5226 -41.9437 -42.2473 -42.2569 -42.3082 -42.2396 -42.1815 -42.6253 -42.5241 -42.3745 -42.1672 -41.8365 -42.7702 -43.0349 -43.1862 -43.658 -43.9984 -44.292 -44.5358 -44.7137 -44.8399 -44.9917 -45.1841 -45.3403 -45.4197 -45.5415 -45.8198 -45.9893 -46.1266 -46.279 -46.4622 -46.2491 -46.4265 -46.5841 -46.6675 -46.7538 -46.947 -47.1385 -47.2626 -47.3068 -47.405 -47.5799 -48.093 -48.6811 -48.755 -48.8407 -49.1413 -49.4318 -49.2923 -49.2348 -48.9169 -48.6914 -48.6177 -48.6212 -49.2357 -49.2066 -49.3574 -49.715 -50.8272
