data/70052_lisa.smith_annual_Lat_elev_map/70052_lisa.smith_annual_Lat_elev_map/predreg.asc
ncols 412
nrows 280
xllcorner -103.69999694824219
yllcorner 24.166666676
cellsize 0.0833333333
NODATA_value -9999
[rows 168 to 195 of 280, columns 126 to 188 of 412]
-23.686 -23.6389 -23.4015 -23.3528 -23.1249 -23.2437 -22.2882 -22.2671 -22.2718 -22.5091 -22.8772 -22.5783 -22.7935 -22.9475 -22.9697 -22.2441 -22.5757 -22.9311 -22.9008 -22.6585 -22.5549 -22.3761 -22.2897 -22.2889 -22.3468 -22.3125 -22.3132 -22.2464 -22.1829 -22.223 -22.2904 -22.2016 -22.1802 -22.1382 -22.2006 -22.2247 -22.2239 -22.267 -23.5787 -23.2203 -23.756 -24.1604 -23.9613 -24.2019 -23.6967 -24.0736 -23.8159 -23.9871 -24.3084 -24.4923 -23.9899 -23.4157 -23.2254 -23.7582 -23.1811 -22.7441 -22.9378 -22.5722 -22.6743 -23.4504 -23.6049 -23.8771 -23.9068
-23.5561 -22.9712 -22.8288 -22.7644 -22.3747 -22.2966 -22.2083 -22.3529 -22.0474 -22.1733 -22.1366 -22.3292 -22.4225 -22.5218 -22.5546 -22.0522 -22.3229 -22.6097 -22.7601 -22.5661 -22.3989 -22.1344 -22.0891 -22.0902 -22.0895 -22.1195 -22.1581 -22.0479 -22.113 -22.0255 -22.0471 -22.0666 -22.0479 -22.025 -22.0244 -22.0661 -22.0687 -22.6387 -23.0164 -23.6816 -23.6864 -24.0316 -23.8692 -23.4322 -23.6241 -23.7719 -24.2409 -24.6179 -24.8303 -24.3824 -23.9153 -23.3494 -23.3482 -23.345 -23.4869 -23.0828 -22.7246 -22.4993 -22.3699 -23.0367 -23.0331 -23.2982 -23.6127
-23.508 -23.5494 -23.339 -22.9489 -22.9274 -22.5432 -22.2902 -22.2037 -22.3483 -21.8475 -21.8935 -21.8074 -21.9389 -22.0626 -22.0504 -21.9123 -22.2983 -22.6086 -22.3704 -22.3416 -22.0018 -21.9129 -21.9134 -21.9563 -21.9139 -21.9365 -21.9368 -21.8533 -21.9132 -21.8711 -21.8071 -21.871 -21.8685 -21.8938 -21.8254 -21.8698 -21.8698 -23.1835 -23.3555 -23.4331 -23.796 -23.3234 -23.1136 -23.9512 -24.0298 -24.0814 -24.1515 -24.4933 -24.5542 -24.8042 -24.0861 -23.0501 -23.1261 -22.8659 -22.7991 -23.2752 -22.7621 -22.5887 -22.2826 -22.252 -23.1713 -23.3316 -22.6765
-23.2273 -23.2414 -22.6961 -23.1137 -22.9127 -22.6993 -22.7783 -22.7757 -22.7344 -22.3963 -22.3036 -21.8631 -21.7205 -21.657 -21.6066 -22.1086 -22.2213 -22.2802 -22.1956 -22.2209 -21.8283 -21.7433 -21.7207 -21.7424 -21.6991 -21.7628 -21.7002 -21.6136 -21.6981 -21.676 -21.657 -21.6555 -21.6565 -21.6772 -21.7205 -21.7212 -21.7884 -23.0003 -22.7723 -23.436 -23.6689 -23.5069 -23.4135 -23.4827 -23.8144 -24.2171 -24.1294 -24.1016 -24.5013 -24.9843 -23.8446 -24.2891 -23.4871 -23.0208 -22.4415 -22.6813 -22.5468 -22.588 -22.438 -22.0007 -22.8102 -23.0847 -22.5176
-22.6663 -22.9812 -22.3709 -22.3943 -22.4453 -22.375 -22.4712 -22.1721 -22.2411 -22.2601 -21.7915 -21.8552 -21.4645 -21.3136 -21.5411 -21.9088 -21.9379 -22.0454 -21.9584 -21.932 -21.5919 -21.5265 -21.5483 -21.6109 -21.568 -21.5114 -21.5478 -21.5038 -21.546 -21.505 -21.5081 -21.4384 -21.4855 -21.5045 -21.5249 -21.5717 -21.6489 -22.6872 -22.8619 -22.9828 -23.1198 -22.7461 -23.2936 -23.1953 -23.8014 -24.0038 -24.1368 -24.6286 -24.1784 -24.3033 -24.4303 -24.2088 -24.2899 -22.9594 -22.4676 -22.0909 -22.3472 -22.3713 -22.0468 -21.9594 -21.9807 -22.2514 -22.7406
-22.736 -22.9103 -22.3802 -21.9622 -22.0709 -22.5015 -21.7272 -22.3323 -22.0522 -22.2282 -22.2399 -21.985 -21.7087 -21.2911 -21.292 -21.5938 -21.786 -21.6172 -21.7015 -21.4425 -21.3803 -21.4014 -21.4609 -21.5944 -21.4004 -21.5058 -21.3566 -21.3363 -21.3573 -21.3363 -21.3559 -21.3557 -21.3587 -21.3772 -21.3983 -21.5638 -22.9483 -22.4262 -22.9101 -23.1723 -22.6368 -22.9888 -22.9885 -23.6215 -23.3381 -23.9148 -24.0449 -23.8806 -24.4677 -24.1721 -23.8097 -23.9344 -24.2566 -22.6405 -22.5092 -22.2693 -21.8065 -22.0034 -21.8358 -22.1163 -21.482 -21.6873 -21.7542
-22.5989 -22.8395 -22.5141 -22.135 -21.7019 -21.8852 -22.077 -21.8653 -21.9515 -21.7806 -21.8639 -22.0164 -21.3242 -21.086 -21.0012 -21.2492 -21.5597 -21.3555 -21.423 -21.2177 -21.1741 -21.1475 -21.2365 -21.2653 -21.2096 -21.1039 -21.2365 -21.1702 -21.1686 -21.1497 -21.2346 -21.1477 -21.2147 -21.2342 -21.1499 -22.3576 -22.4558 -22.76 -22.3878 -22.7277 -22.1051 -22.5941 -22.9264 -23.358 -23.4805 -23.5113 -23.445 -24.2527 -23.872 -23.822 -23.7264 -23.3572 -23.4429 -23.2079 -23.2658 -22.3047 -21.9555 -21.582 -21.6544 -21.5951 -21.4164 -21.8898 -21.856
-22.5672 -22.8171 -22.6269 -22.3006 -21.7571 -22.018 -21.5373 -21.2166 -21.5729 -21.7182 -21.4571 -21.3888 -21.6809 -21.2876 -20.8282 -21.0472 -21.0259 -21.3933 -21.0452 -21.0047 -21.0035 -21.0892 -21.1536 -21.0039 -21.0472 -21.0467 -21.0693 -21.0909 -21.0471 -21.0626 -21.2264 -21.023 -21.0274 -21.1784 -21.7199 -22.2042 -22.2845 -22.3853 -21.954 -21.9021 -22.7046 -22.5083 -22.9553 -22.9363 -23.5966 -23.3299 -23.6248 -23.8014 -23.3943 -23.5847 -23.0983 -23.2308 -23.4462 -23.6655 -23.5462 -23.2534 -21.8257 -21.9632 -21.8956 -21.5185 -21.4101 -21.2628 -21.6129
-22.197 -22.266 -21.7848 -22.1578 -22.4583 -22.1083 -21.3351 -21.771 -21.6802 -21.0047 -21.6401 -21.5928 -21.2153 -21.1928 -20.815 -20.8398 -21.1576 -20.8841 -20.903 -20.8416 -20.8824 -20.8804 -20.9513 -20.8401 -20.8615 -20.9171 -20.9064 -20.8839 -20.841 -20.9958 -20.9466 -21.0543 -20.9966 -20.9472 -22.0324 -22.4151 -22.0147 -22.0322 -21.6944 -21.9085 -22.1484 -22.4933 -22.986 -22.8781 -23.1643 -22.6873 -23.0401 -22.8444 -23.0924 -23.1944 -23.1933 -23.5666 -23.2357 -23.376 -22.7161 -22.2508 -22.0864 -21.6854 -21.3605 -21.4348 -21.3745 -21.1403 -21.0789
-22.7729 -22.8039 -22.5317 -21.7546 -22.0424 -21.4937 -21.4875 -21.4477 -20.8458 -21.396 -21.3338 -20.6431 -21.1503 -20.8745 -20.6779 -20.7199 -21.1876 -20.6576 -20.7666 -20.7017 -20.7025 -20.765 -20.6586 -20.6604 -20.6827 -20.7409 -20.6813 -20.7685 -20.6591 -20.8534 -20.8292 -20.7004 -20.7442 -21.4812 -22.2879 -21.5956 -21.618 -21.5233 -21.4927 -21.8854 -21.9227 -22.3228 -22.715 -22.7297 -22.3528 -22.4208 -23.1084 -23.014 -23.2293 -22.8651 -23.3061 -23.7647 -23.6363 -23.434 -22.61 -22.4052 -22.6249 -21.8311 -21.4652 -21.5743 -21.4876 -20.8735 -20.9036
-22.1263 -21.8136 -22.3611 -22.422 -22.0162 -21.9892 -21.2364 -21.016 -21.5552 -21.3495 -21.5276 -21.1496 -20.4493 -20.4777 -20.4958 -20.6271 -20.4352 -20.4764 -20.5428 -20.5446 -20.5423 -20.6918 -20.5195 -20.4778 -20.4986 -20.6138 -20.6508 -20.5626 -20.541 -20.7758 -20.6914 -20.5197 -21.4762 -22.0908 -21.2659 -21.1663 -21.3775 -21.404 -21.4023 -21.7994 -22.2022 -22.0818 -22.1964 -22.6035 -22.4003 -22.9055 -22.9297 -23.1625 -23.2583 -23.0664 -23.5416 -23.2546 -23.0578 -22.9156 -22.3824 -22.1099 -21.7217 -21.4277 -21.3316 -21.0672 -20.9789 -21.9857 -20.8021
-21.6745 -21.5189 -21.4367 -22.0047 -22.1281 -21.7855 -21.7611 -21.6072 -21.524 -21.1117 -20.5813 -20.9676 -20.8792 -20.3694 -20.2975 -20.4107 -20.2979 -20.2973 -20.3596 -20.3623 -20.4054 -20.3449 -20.3601 -20.3184 -20.3616 -20.4234 -20.4515 -20.5105 -20.3592 -20.3863 -21.2644 -22.1047 -21.6701 -20.8834 -21.0102 -21.4588 -21.7469 -21.6263 -21.4648 -21.9847 -21.9149 -22.0887 -22.1108 -22.4862 -22.5742 -22.3064 -22.4277 -22.7188 -23.0846 -23.3144 -23.1547 -23.0376 -22.8242 -22.3753 -22.647 -21.8634 -21.7686 -21.2827 -21.9487 -21.251 -21.0146 -21.0082 -21.5315
-21.5696 -21.1151 -21.3974 -22.1293 -21.9525 -21.4889 -21.8108 -21.4647 -21.0911 -21.0157 -21.183 -20.8628 -20.1856 -20.1891 -20.1488 -20.2332 -20.0779 -20.232 -20.1694 -20.1887 -20.2725 -20.1266 -20.3609 -20.2111 -20.1885 -20.2107 -20.364 -20.3578 -20.3203 -21.2457 -21.9108 -21.2867 -20.9276 -21.3977 -21.6761 -21.342 -21.8669 -21.9821 -21.8321 -21.7968 -22.3334 -22.0253 -22.0881 -22.6099 -22.325 -22.3285 -22.3009 -22.5629 -22.6628 -22.4627 -22.3423 -22.6928 -22.9061 -21.9441 -22.4708 -22.5344 -21.9053 -21.5608 -21.2809 -21.0418 -20.9777 -20.3448 -20.693
-21.5513 -21.1352 -21.4751 -21.2126 -21.7956 -21.0575 -21.124 -21.2331 -21.0358 -21.3366 -20.9172 -20.8252 -20.6594 -20.0566 -20.0386 -19.9276 -20.0119 -20.0135 -20.0553 -20.2249 -20.1193 -20.0569 -20.2178 -20.0313 -20.0546 -20.1204 -20.12 -20.2874 -20.0732 -21.6234 -21.1967 -20.6119 -21.2428 -21.278 -21.5499 -21.3057 -21.8328 -21.6211 -21.5587 -21.6564 -21.886 -22.0291 -22.3103 -22.6951 -22.7948 -22.5653 -22.4022 -22.5079 -22.7842 -22.3162 -21.9864 -22.5034 -22.0471 -22.3722 -22.0377 -22.3221 -22.9192 -21.8393 -21.4298 -21.3659 -21.4103 -20.8828 -20.137
-20.5436 -21.1639 -21.1953 -20.7444 -20.9714 -20.8204 -20.7151 -21.1932 -21.2547 -20.9329 -20.5519 -20.861 -20.1248 -19.8667 -19.8896 -19.8646 -19.8169 -19.8595 -19.8579 -19.9272 -19.9676 -19.8619 -19.9078 -20.0438 -19.8831 -19.9474 -19.949 -20.0091 -20.5534 -21.2413 -20.3208 -20.74 -20.8465 -21.2679 -21.089 -21.5316 -21.5084 -21.2423 -22.0297 -22.4538 -22.1118 -21.8251 -22.2289 -22.2252 -22.6504 -22.4919 -22.425 -22.2946 -22.3074 -21.9647 -21.9019 -21.6808 -21.338 -22.1819 -22.6014 -22.5927 -22.4346 -22.5302 -21.5967 -21.306 -21.1657 -20.7334 -20.388
-20.3723 -20.8775 -21.1947 -20.8924 -20.8465 -20.2822 -20.895 -20.8937 -21.0174 -20.558 -20.7597 -20.388 -20.5843 -19.7424 -19.5643 -19.6302 -19.63 -19.6682 -19.7799 -19.8009 -19.7167 -19.8452 -19.9713 -19.8081 -19.7996 -19.8226 -19.7806 -19.8389 -20.5304 -20.7371 -20.3221 -20.8701 -20.5095 -20.8663 -21.8413 -21.3234 -21.1105 -21.6649 -21.3581 -22.0869 -22.5018 -22.3802 -21.9563 -22.0342 -22.5644 -21.9941 -22.2267 -21.9458 -22.3963 -22.1832 -21.7748 -21.7384 -21.7971 -21.5746 -22.4137 -21.8481 -21.7557 -21.9237 -21.1501 -20.7082 -20.2946 -20.1772 -20.3032
-20.3526 -20.4164 -21.4222 -20.5032 -20.6294 -20.1233 -20.5881 -20.805 -20.435 -20.4842 -20.2992 -20.457 -20.0049 -20.3206 -19.5257 -19.632 -19.502 -19.5663 -19.5889 -19.6536 -19.5891 -19.7381 -19.5723 -19.6096 -19.6535 -19.7664 -19.6343 -19.8446 -19.7923 -20.0105 -20.9753 -20.7859 -20.7227 -21.3916 -21.544 -21.4125 -20.9481 -21.1612 -21.49 -22.0031 -21.7349 -21.7847 -21.5444 -21.9523 -21.9272 -22.2969 -21.7265 -21.631 -21.8839 -22.0264 -21.9511 -21.6282 -21.3736 -20.6925 -21.3894 -21.43 -22.0525 -22.182 -22.0159 -20.5684 -20.8246 -20.137 -19.641
-20.4477 -19.9812 -20.4112 -20.4316 -20.13 -20.0236 -20.0195 -20.5079 -20.5218 -20.3561 -20.0532 -20.1366 -19.7682 -20.1605 -19.7566 -19.5248 -19.4007 -19.487 -19.4408 -19.5294 -19.4223 -19.398 -19.6576 -19.4841 -19.4869 -19.505 -19.5305 -20.5914 -20.4328 -21.0302 -20.7217 -20.2671 -20.5617 -20.8394 -21.5519 -21.1108 -20.9052 -21.6331 -21.7485 -21.3575 -21.3621 -21.3862 -21.7894 -22.2553 -21.8823 -21.8283 -21.278 -21.1899 -21.7698 -21.42 -21.9171 -21.3726 -20.9159 -20.877 -20.61 -21.2429 -20.8943 -21.5948 -21.7781 -20.8893 -19.9297 -19.6936 -19.6526
-20.0849 -19.7355 -19.7844 -20.4474 -19.6898 -20.3752 -20.1071 -19.6897 -19.8315 -19.9538 -20.0434 -19.6973 -19.8716 -19.9538 -20.1621 -19.8041 -19.1543 -19.2818 -19.325 -19.2621 -19.2399 -19.2821 -19.3875 -19.4307 -19.347 -19.4636 -19.8217 -19.792 -20.4712 -20.3531 -20.9798 -20.3965 -20.7085 -21.192 -21.7556 -21.5127 -20.5416 -21.6962 -21.2005 -21.1956 -21.0636 -21.9317 -21.8117 -21.5795 -21.6361 -21.6947 -20.9239 -21.5228 -21.1864 -21.2599 -22.0871 -22.0989 -20.9074 -20.7998 -20.3694 -21.2219 -20.6723 -21.3224 -20.7055 -20.4263 -20.8332 -19.6953 -19.4349
-19.5073 -19.5292 -19.5922 -19.8985 -19.8818 -20.5005 -20.1663 -19.6444 -19.3955 -19.575 -19.6574 -19.413 -19.5963 -19.9778 -20.3432 -20.057 -19.1013 -19.0745 -19.1762 -19.0764 -19.226 -19.1819 -19.16 -19.1617 -19.1469 -20.5018 -21.0125 -20.0293 -20.1497 -20.3561 -20.7555 -20.5125 -20.818 -21.1538 -21.677 -21.3878 -21.0783 -20.4015 -20.5299 -20.6784 -21.7664 -22.1557 -21.616 -21.6709 -20.9335 -20.9173 -21.3852 -21.2528 -21.2217 -21.1346 -21.3748 -21.0994 -21.6394 -20.5279 -20.1858 -20.7141 -20.9095 -20.6433 -19.9906 -19.3529 -19.8742 -19.2509 -20.6003
-19.3932 -19.8868 -19.3444 -19.4536 -20.1462 -19.8435 -20.0469 -20.0237 -19.892 -19.7155 -19.1278 -19.2767 -19.7681 -19.999 -19.8721 -19.765 -19.5813 -19.0179 -18.983 -19.0167 -19.0203 -18.9791 -19.0644 -19.0597 -19.2187 -19.9225 -20.1836 -20.278 -20.4393 -20.7724 -20.5627 -21.4543 -21.0756 -20.6175 -21.4362 -21.1318 -20.845 -20.1255 -20.9974 -21.7133 -22.1187 -21.7802 -21.6217 -21.8662 -21.2412 -20.5984 -21.0823 -20.6738 -20.6516 -20.6493 -20.5147 -20.6075 -20.648 -21.0412 -19.9374 -20.9747 -20.346 -20.1636 -20.7277 -19.8479 -19.4184 -19.4574 -19.9562
-19.9366 -19.5334 -19.211 -19.1893 -19.5737 -19.8847 -20.0633 -19.5012 -19.8387 -19.3655 -19.0009 -19.408 -19.2759 -20.0159 -19.8068 -19.4261 -18.9241 -18.8679 -18.8222 -18.8479 -18.8662 -18.8707 -18.8217 -19.397 -20.5169 -20.6531 -20.4208 -20.4807 -21.1643 -21.0562 -21.1203 -21.5102 -21.7851 -20.7796 -21.5933 -20.4859 -20.4159 -19.8652 -21.3447 -21.0357 -21.8035 -21.6502 -21.5991 -20.8886 -21.0988 -21.1126 -20.2722 -20.4183 -20.3591 -20.5633 -20.258 -20.3105 -20.4616 -20.718 -20.5265 -20.4801 -20.3546 -20.8052 -21.0272 -20.2764 -19.9558 -19.396 -19.5375
-19.923 -19.5888 -19.0143 -18.9902 -19.4477 -19.2751 -19.2917 -19.2141 -20.1185 -19.5834 -18.9695 -19.3442 -19.6337 -19.3905 -19.4452 -18.6434 -18.7737 -18.7285 -18.7254 -18.7508 -18.7748 -18.7926 -19.7946 -19.8001 -20.3976 -19.9389 -21.0578 -21.0338 -21.0153 -21.4943 -20.5906 -21.6088 -21.5383 -21.6267 -21.2268 -20.98 -20.6685 -19.9001 -20.3693 -21.0196 -21.5959 -21.1828 -21.1763 -20.7892 -20.4639 -20.9556 -20.179 -20.0037 -20.5843 -20.1782 -19.8819 -20.2332 -19.9853 -20.5037 -20.2462 -19.5104 -19.994 -19.8741 -20.1613 -19.1888 -19.5751 -19.1018 -18.931
-19.4521 -19.2561 -19.6006 -18.9176 -18.9201 -18.8348 -18.9952 -19.2654 -19.9167 -19.6114 -19.507 -18.6846 -19.0206 -18.826 -18.5256 -18.6011 -18.5514 -18.6766 -18.6835 -18.7682 -18.6438 -18.6183 -19.5882 -20.2024 -21.026 -20.658 -20.6583 -20.8297 -20.8007 -20.8634 -21.2983 -21.1059 -21.4208 -21.2407 -21.4538 -20.8147 -21.0954 -20.1226 -19.6549 -20.8327 -20.5555 -21.2893 -20.9841 -20.1399 -20.4961 -20.4156 -20.3539 -19.7194 -19.9704 -20.1824 -19.6977 -20.0265 -20.1631 -20.3351 -19.9223 -19.93 -19.2448 -19.7529 -19.7042 -19.3859 -19.5837 -18.9888 -19.3625
-19.965 -19.4193 -20.0883 -19.4681 -19.0519 -19.3301 -18.7822 -18.7069 -19.4295 -19.4232 -19.5036 -19.1026 -18.3887 -18.2902 -18.5561 -18.3411 -18.4065 -18.4926 -18.4921 -18.5589 -18.4249 -18.4676 -20.1153 -20.5355 -19.7338 -19.8858 -19.9099 -20.3939 -20.3147 -20.1362 -20.6186 -21.1203 -21.09 -21.1606 -21.1893 -21.216 -21.0086 -20.4463 -19.3597 -19.6887 -20.0319 -20.5482 -20.9269 -20.6572 -19.9903 -19.6907 -19.9017 -19.3404 -19.977 -19.8268 -19.559 -19.9493 -19.526 -19.8467 -20.17 -19.6726 -19.0825 -19.8321 -19.7248 -19.6964 -19.1023 -18.7944 -18.7804
-20.1092 -20.1862 -20.1747 -20.0302 -19.7839 -19.0659 -18.6528 -18.5575 -18.5599 -18.7337 -18.8846 -18.6854 -18.4308 -18.384 -18.4928 -18.3792 -18.2711 -18.3206 -18.3188 -18.2997 -18.552 -18.3022 -19.0184 -18.8544 -19.4413 -19.0855 -19.9695 -19.6081 -19.9541 -20.7768 -20.8873 -21.1788 -21.2176 -20.5471 -20.9661 -21.2283 -20.7382 -20.8566 -19.9504 -19.2707 -19.7253 -19.7953 -20.3887 -20.6547 -20.6981 -19.8498 -19.3772 -19.2344 -19.8745 -19.1053 -19.4111 -19.576 -19.5917 -19.4632 -19.7914 -19.9214 -18.9047 -19.7686 -19.6835 -19.4973 -19.1089 -18.868 -18.4952
-20.4101 -20.2643 -20.0678 -19.5737 -19.3116 -19.1949 -19.0314 -18.4724 -18.4087 -18.5348 -18.5503 -18.6304 -18.5342 -18.2626 -18.1905 -18.1896 -18.276 -18.2107 -18.2245 -18.2382 -18.255 -18.339 -19.0099 -19.5696 -19.4757 -19.5 -20.0376 -19.4 -20.8667 -20.7883 -20.9109 -20.6064 -20.7035 -20.7169 -20.1203 -20.2016 -20.5228 -20.6851 -20.7787 -20.506 -19.0102 -19.7823 -19.9431 -19.9514 -20.2421 -20.1345 -20.2215 -19.2092 -19.1808 -19.4703 -19.4311 -19.6 -19.0884 -19.4498 -19.5407 -19.1834 -18.6907 -19.1619 -19.2971 -19.1483 -18.9224 -18.562 -18.6356
-20.2342 -19.6963 -19.4293 -19.2565 -19.1591 -19.1104 -19.3691 -19.2842 -18.5144 -18.1814 -18.2461 -18.5045 -18.3989 -18.224 -18.1587 -18.1577 -18.2038 -18.2426 -18.1366 -18.1165 -18.0951 -18.2014 -18.4344 -19.1991 -19.1121 -20.2878 -20.4172 -20.5834 -20.5177 -20.5882 -20.3278 -20.5807 -20.5477 -20.3338 -20.5808 -19.7648 -20.3741 -20.478 -20.3127 -19.8095 -19.4849 -18.9544 -19.7517 -20.0362 -20.0678 -20.1019 -19.6036 -19.9431 -19.5545 -18.6517 -18.5492 -18.5064 -19.2177 -18.8556 -19.3496 -18.7811 -18.7601 -19.2098 -19.3529 -18.9785 -18.7095 -18.4014 -18.1641
