data/70052_lisa.smith_annual_Lat_elev_map/70052_lisa.smith_annual_Lat_elev_map/predkrig.asc
ncols 412
nrows 280
xllcorner -103.69999694824219
yllcorner 24.166666676
cellsize 0.0833333333
NODATA_value -9999
[rows 112 to 139 of 280, columns 252 to 314 of 412]
-42.6951 -41.4669 -43.0313 -42.5236 -42.7873 -44.1419 -43.5872 -44.4789 -44.0868 -44.8494 -45.4937 -45.4199 -45.4599 -44.9235 -48.1054 -46.3888 -47.6741 -45.8982 -44.9421 -49.3642 -49.488 -52.6674 -52.7598 -55.0529 -56.705 -60.4945 -60.0656 -64.1438 -65.9532 -58.0446 -55.197 -58.7048 -59.8335 -57.728 -57.1878 -55.7041 -58.9999 -54.9408 -57.4593 -57.527 -57.3815 -54.4975 -51.1199 -51.5094 -50.2831 -48.703 -48.5777 -53.9401 -47.9355 -44.8679 -42.7071 -43.1088 -41.9921 -45.7807 -42.4715 -41.6612 -41.155 -40.6584 -40.1785 -40.5327 -40.4925 -39.5432 -39.445
-42.5974 -42.519 -42.0211 -43.8764 -44.0828 -43.7455 -44.8985 -43.8025 -44.2048 -46.1641 -45.3393 -44.8181 -47.4375 -47.84 -45.8738 -49.3969 -46.9314 -51.5159 -52.6165 -51.4728 -48.8943 -55.5013 -55.6352 -56.348 -59.691 -62.6319 -62.7775 -62.7336 -58.3502 -57.6738 -56.693 -59.0494 -59.4596 -61.3249 -54.9736 -56.0881 -51.5512 -50.6438 -52.0327 -51.7957 -49.8658 -54.6733 -52.5127 -51.6079 -49.2968 -49.0691 -49.8406 -51.5954 -44.0331 -43.9178 -43.5372 -41.9052 -45.5292 -41.821 -41.9685 -41.1829 -41.8783 -40.9328 -40.606 -40.0699 -39.6375 -39.7388 -39.2538
-42.1138 -41.541 -42.8134 -42.501 -44.4979 -44.8662 -45.5013 -43.5252 -43.4546 -44.1012 -46.4236 -46.7563 -45.55 -48.6783 -49.1364 -50.9765 -54.9633 -51.0656 -51.1786 -50.8035 -49.4443 -57.225 -57.437 -58.6164 -58.2707 -57.3875 -62.9996 -53.8623 -52.9368 -55.6207 -55.9229 -53.4067 -58.2606 -50.0226 -52.7317 -57.6756 -49.9418 -49.9725 -51.3142 -49.0173 -48.6084 -50.4642 -52.5004 -51.9102 -56.9708 -49.8524 -51.451 -45.3959 -46.0646 -43.537 -42.4911 -42.567 -40.8418 -41.2394 -41.8806 -41.1513 -40.827 -40.6076 -40.2591 -39.6714 -39.4054 -38.6202 -38.7815
-41.9957 -42.5952 -42.2175 -42.3853 -43.7702 -45.5632 -45.961 -46.7516 -46.2805 -44.8003 -47.4293 -47.9818 -50.3896 -49.6744 -49.8422 -50.2491 -55.8651 -54.9889 -53.0639 -52.9103 -53.0266 -55.985 -58.8508 -57.9929 -55.5187 -55.6473 -53.2482 -54.0086 -53.9854 -58.3455 -54.0893 -56.7847 -56.6655 -50.0611 -60.4223 -49.6238 -51.0302 -58.3233 -51.8054 -50.07 -46.8974 -50.7975 -49.9182 -58.7331 -54.088 -49.7311 -44.0368 -46.9077 -44.1489 -43.0719 -41.9611 -41.5886 -41.4063 -40.5251 -41.0501 -40.4851 -40.9894 -40.0659 -39.6576 -39.5515 -39.1479 -38.6793 -38.3302
-43.0537 -43.5865 -43.082 -43.3654 -43.3028 -43.2032 -44.8137 -46.6102 -45.3895 -47.6712 -47.1737 -49.7861 -48.9693 -52.5195 -52.59 -52.2451 -51.5216 -52.1419 -54.235 -52.5576 -56.0898 -57.1891 -52.6082 -51.0002 -57.295 -51.4627 -52.6955 -52.6928 -50.8193 -51.5387 -56.0679 -50.4723 -48.8143 -51.6235 -47.2335 -47.6679 -48.5817 -52.0444 -49.5352 -46.6752 -46.9637 -48.3795 -54.5907 -55.8349 -51.6772 -44.6349 -47.6954 -44.3198 -42.9767 -42.2822 -40.7098 -41.0654 -40.8196 -40.6963 -39.6692 -39.729 -39.3821 -39.1797 -39.0834 -39.006 -38.419 -38.3962 -37.4875
-42.1179 -43.8702 -43.4491 -43.9738 -43.6355 -43.5305 -45.8537 -46.1955 -47.766 -48.7443 -46.9452 -49.4732 -47.6529 -50.8746 -49.3261 -52.539 -53.4264 -52.907 -53.8829 -54.6622 -56.9507 -58.7684 -49.1143 -58.5284 -53.223 -50.452 -51.4233 -53.487 -56.8339 -55.2143 -52.1942 -57.6896 -47.7344 -55.5564 -48.834 -45.9859 -57.6504 -49.6244 -51.1801 -45.3073 -44.5017 -50.9953 -54.7227 -50.3178 -43.4625 -42.9224 -42.7751 -44.1136 -42.4183 -41.2141 -41.0311 -40.6534 -40.3797 -39.6509 -39.2564 -39.3598 -39.1801 -38.5144 -38.6593 -38.6427 -38.4515 -38.2262 -37.8704
-41.8162 -43.3573 -42.6346 -43.4579 -43.6932 -44.0045 -42.2641 -45.5451 -48.8813 -49.5319 -46.2903 -47.8813 -47.5812 -50.4397 -50.357 -51.6411 -50.6715 -51.1248 -53.3674 -58.2344 -57.3329 -53.5733 -49.3596 -48.8695 -51.6197 -50.0575 -54.4824 -53.911 -58.024 -54.6814 -56.0117 -51.9561 -56.69 -46.3341 -46.0291 -45.8168 -49.2096 -55.6902 -46.4874 -45.256 -52.7536 -46.305 -44.3595 -44.2035 -42.4983 -42.6111 -41.6602 -41.3119 -40.8124 -41.1706 -40.5731 -40.0135 -40.1806 -39.6721 -39.1612 -39.3929 -38.7519 -38.413 -38.2935 -38.3671 -38.0106 -37.3722 -37.7593
-43.381 -40.9866 -42.8319 -43.1685 -44.3628 -46.1386 -44.6826 -43.4975 -44.4037 -43.9432 -48.3913 -46.7582 -48.3352 -48.028 -49.675 -50.1531 -50.3479 -54.2449 -57.0392 -55.0764 -51.3544 -54.142 -49.5678 -49.5366 -49.5861 -50.6874 -51.2433 -55.1435 -54.9313 -51.8201 -57.7937 -49.183 -46.7162 -51.1289 -47.0598 -46.9447 -45.2425 -43.5541 -51.2668 -58.9408 -43.5886 -43.9093 -50.2815 -43.434 -42.7348 -42.6594 -41.1487 -41.2886 -42.4495 -40.4526 -40.4119 -41.2551 -40.2144 -38.761 -39.3481 -39.0357 -38.2243 -38.4765 -38.6632 -38.3119 -37.1654 -37.1614 -36.8616
-44.0663 -42.6631 -43.3298 -44.3444 -46.3927 -48.0091 -48.3811 -45.4998 -44.8406 -47.1229 -45.4855 -46.197 -48.8564 -46.8274 -50.0387 -51.6667 -52.5279 -55.5546 -56.1311 -52.8332 -52.5274 -51.9487 -48.8935 -50.7919 -51.3584 -51.9713 -60.8335 -57.732 -56.9453 -49.8002 -55.0253 -56.8515 -49.3003 -46.2867 -46.854 -45.2894 -48.2866 -51.8235 -53.6208 -44.3542 -49.6734 -46.6644 -42.4847 -42.8292 -42.2752 -40.95 -41.1919 -41.4579 -42.9145 -40.6464 -40.8594 -41.2498 -39.3101 -39.4297 -38.8013 -38.3188 -37.8517 -37.9796 -37.6984 -37.8215 -36.981 -36.9994 -36.7445
-43.7279 -45.9963 -42.9155 -44.3224 -45.062 -43.9532 -45.8457 -48.9853 -46.5621 -46.7572 -48.6205 -47.6617 -50.0558 -49.0293 -49.8098 -51.6097 -53.4548 -54.9014 -53.8505 -54.1271 -54.0781 -54.2471 -50.5008 -49.521 -57.4323 -58.851 -59.9004 -52.7259 -55.3729 -57.4146 -48.2318 -52.203 -51.5055 -47.5351 -46.7929 -46.3104 -43.726 -44.9175 -43.5221 -42.5517 -43.4969 -42.6511 -41.974 -42.436 -41.2383 -42.1285 -41.6363 -41.8301 -41.4265 -39.8718 -39.965 -39.683 -39.1462 -38.9279 -38.1462 -38.77 -37.8129 -37.5898 -37.0568 -37.2775 -36.9416 -36.7816 -36.1529
-46.8397 -45.1209 -45.6548 -46.1803 -45.3068 -45.5109 -48.1799 -46.1365 -46.1823 -50.4357 -50.6283 -49.7166 -50.0836 -49.8456 -51.4815 -50.0809 -54.529 -52.7551 -54.5579 -53.6922 -53.0463 -56.4752 -49.6961 -56.9783 -49.8332 -48.8173 -50.3749 -52.9473 -53.5699 -51.26 -47.6817 -48.1704 -44.5289 -44.0231 -43.6699 -46.2201 -44.5493 -44.0469 -43.5843 -42.1628 -41.9636 -42.4167 -42.4404 -42.2152 -42.4836 -41.9277 -41.4093 -41.0342 -40.6784 -40.1224 -39.854 -39.2553 -38.4713 -38.5912 -38.4368 -38.1669 -38.101 -37.6759 -36.8669 -36.3248 -36.2079 -36.4226 -35.8319
-46.5866 -48.1296 -45.6864 -48.2908 -45.8002 -45.76 -47.0845 -48.4941 -49.109 -49.9283 -51.5475 -51.4844 -53.709 -49.1113 -50.9876 -55.2796 -54.8156 -57.2903 -55.5935 -56.3349 -53.3766 -51.4575 -55.9211 -53.5848 -49.7406 -50.929 -48.8776 -50.0661 -50.4084 -49.9924 -46.0883 -50.5594 -47.6305 -45.5909 -43.4787 -42.7137 -43.2943 -42.3523 -42.0837 -42.6364 -41.9225 -40.7596 -41.7066 -41.7036 -41.341 -40.2329 -40.8062 -40.5464 -39.9053 -39.5547 -38.9927 -39.2831 -38.1789 -38.2407 -38.6417 -38.3594 -37.4118 -36.723 -36.5305 -36.4991 -35.8671 -35.813 -35.4908
-47.4481 -47.4042 -49.0855 -48.3754 -48.1754 -47.2443 -46.3394 -48.8543 -50.1618 -50.4964 -52.7406 -53.1945 -51.9183 -50.5981 -52.8187 -55.045 -56.6864 -58.815 -58.0258 -55.8536 -54.7481 -51.4676 -54.6892 -51.8247 -49.9651 -49.5348 -48.8478 -50.3219 -50.8295 -49.5023 -51.3699 -54.5309 -51.5536 -46.0131 -44.2299 -43.1267 -42.3744 -42.4487 -42.1164 -40.8184 -40.9743 -40.9519 -40.5024 -40.3335 -40.1392 -39.3297 -40.0802 -39.8023 -39.6184 -39.3778 -39.1879 -38.8367 -38.7468 -38.9585 -38.4635 -37.6417 -37.2598 -37.1292 -37.0042 -36.5136 -36.0306 -35.7684 -35.1017
-55.0699 -52.4102 -47.6203 -47.7811 -50.2433 -50.0474 -50.0049 -48.8913 -56.669 -50.9877 -48.9434 -51.1949 -55.7532 -56.1546 -54.5022 -54.0237 -58.3945 -55.4435 -57.1706 -55.219 -53.2423 -54.5676 -51.6207 -49.896 -48.9735 -48.7868 -48.6023 -49.7847 -52.4952 -52.8347 -53.6586 -53.9896 -44.6762 -44.2076 -43.1025 -42.7415 -41.8922 -41.4017 -41.2438 -41.0857 -40.9789 -41.0878 -40.3265 -39.5601 -39.1042 -38.7483 -39.011 -38.3687 -38.8734 -38.9126 -38.4638 -39.1221 -38.2833 -38.5248 -37.7454 -37.1812 -36.3377 -36.6974 -36.2609 -36.2689 -35.5546 -35.249 -34.5252
-49.3866 -50.0182 -51.5216 -49.1737 -53.5773 -48.6821 -48.5067 -46.6909 -47.1493 -51.6551 -52.5472 -59.5325 -56.6866 -49.589 -49.9628 -50.7088 -54.2871 -53.3159 -52.9233 -51.7283 -51.0597 -49.478 -53.3464 -49.6941 -49.3625 -54.6153 -53.862 -51.9796 -51.462 -51.5365 -52.2135 -52.9924 -44.7571 -43.9442 -43.427 -42.1607 -41.8212 -41.3925 -40.9748 -40.7155 -41.9036 -40.5665 -39.6831 -39.0257 -39.2314 -39.2047 -38.4342 -37.7341 -37.6828 -37.7096 -38.3705 -38.1961 -37.5241 -37.2317 -37.9903 -37.2393 -36.5467 -36.3003 -35.8556 -35.4477 -35.2508 -34.7167 -34.4488
-45.6336 -59.0966 -55.5115 -51.0158 -46.9761 -45.9376 -50.3219 -49.0327 -49.2264 -53.1768 -53.1177 -49.2674 -50.2952 -50.8284 -52.3966 -52.9387 -51.7184 -52.749 -51.8639 -53.5069 -55.0514 -49.8658 -49.4232 -50.7061 -50.7093 -50.7973 -52.5923 -54.1374 -52.6112 -52.1447 -50.5901 -44.0306 -43.6039 -44.0597 -43.3384 -42.5331 -41.1813 -40.5879 -41.0256 -41.0275 -40.416 -39.2233 -39.024 -38.3592 -37.9834 -38.7663 -38.2756 -38.3591 -37.0385 -37.59 -37.9593 -37.596 -37.3297 -36.5346 -36.8505 -36.1366 -36.6877 -36.199 -35.5561 -35.3283 -34.4313 -34.0541 -33.9637
-53.8105 -45.8685 -44.2071 -47.3222 -49.1426 -48.3824 -49.6924 -49.876 -48.8272 -46.2081 -48.6842 -49.9659 -48.7157 -48.9092 -50.3257 -53.6355 -55.5388 -52.684 -53.5986 -53.1435 -53.5445 -51.591 -51.8945 -51.8833 -52.1059 -51.301 -52.4171 -56.6451 -58.0447 -47.1888 -43.5985 -42.8539 -41.9374 -43.0305 -42.5884 -43.5921 -43.5457 -40.733 -40.4899 -39.6261 -39.2484 -40.1504 -38.7305 -38.3216 -38.1723 -37.2957 -37.3066 -37.2639 -37.2505 -36.73 -37.5261 -37.4818 -36.7829 -36.6084 -35.8222 -35.5351 -35.3698 -35.3996 -34.9038 -34.9942 -34.7117 -34.0918 -33.6694
-43.965 -42.8738 -46.0635 -46.4338 -46.3137 -45.8692 -45.7796 -47.9296 -48.9504 -48.2907 -48.165 -47.5161 -49.3197 -51.5513 -59.1927 -57.5808 -58.2937 -57.5682 -53.4089 -52.5771 -51.7234 -50.1098 -51.552 -52.3942 -52.8498 -51.6728 -53.6957 -54.4928 -54.7606 -49.6956 -46.1718 -43.0575 -42.0996 -41.08 -40.0623 -40.399 -40.7959 -40.1527 -39.7175 -39.8837 -39.6896 -38.9591 -38.9048 -37.5742 -37.3949 -36.9703 -37.005 -36.2789 -36.6768 -36.4656 -36.3413 -36.2292 -35.8019 -35.7944 -35.4808 -35.8487 -35.4124 -34.7994 -33.8937 -33.7697 -33.4836 -33.4018 -33.0289
-44.5538 -44.6353 -43.968 -42.9443 -46.2616 -46.9497 -47.5054 -46.2441 -47.2575 -46.1264 -47.1592 -48.323 -53.4789 -60.3556 -66.0729 -59.7809 -53.1727 -53.1028 -55.7608 -52.2029 -51.487 -50.3958 -51.6653 -52.7785 -49.7915 -44.4182 -49.0954 -49.2726 -45.2129 -46.0595 -42.6549 -41.6818 -40.6518 -41.3243 -39.8739 -39.5643 -40.5042 -39.9633 -38.6397 -38.1368 -38.2376 -38.0685 -37.4247 -37.2082 -37.2517 -36.9166 -36.8268 -36.2192 -36.0732 -35.8938 -35.4432 -35.7261 -35.264 -34.6148 -34.5275 -34.835 -34.7651 -34.923 -34.6827 -34.3239 -33.6045 -33.1497 -32.6243
-42.7203 -41.8808 -41.3752 -43.5005 -45.1898 -44.4264 -44.0275 -44.6182 -45.1798 -51.146 -52.426 -53.3209 -56.6436 -60.6601 -55.9576 -53.4349 -52.6106 -52.9171 -51.6855 -51.9103 -52.5238 -52.3298 -46.9851 -44.4904 -42.6668 -42.0386 -42.483 -43.5301 -41.6789 -41.8755 -41.9755 -41.1506 -39.966 -40.0201 -40.0968 -39.2408 -38.5059 -37.968 -37.5005 -37.96 -37.3108 -37.3333 -36.2652 -36.9921 -37.3525 -36.3123 -36.0294 -36.7087 -36.1761 -35.7571 -35.4196 -35.0435 -35.1695 -34.8899 -34.6584 -33.9546 -33.8524 -33.8634 -33.7248 -33.8253 -33.3465 -32.7503 -31.994
-44.9335 -41.9206 -43.3802 -42.026 -42.413 -42.8877 -43.1167 -46.6931 -54.6747 -56.4736 -51.9708 -50.3222 -54.7735 -55.0262 -53.1837 -57.496 -53.2739 -53.2397 -59.676 -54.0814 -52.4109 -53.264 -44.6503 -42.6338 -42.3316 -40.6026 -42.239 -41.486 -40.7308 -40.4561 -40.7231 -40.0627 -40.2283 -39.2176 -39.3548 -37.2854 -37.9317 -38.6413 -37.8792 -37.0645 -36.6975 -36.6681 -36.2371 -36.3054 -36.9295 -36.6362 -36.2312 -36.7624 -36.2116 -35.5363 -35.8739 -34.9947 -34.6472 -35.2069 -34.6466 -34.0895 -34.2092 -33.4786 -33.6181 -33.1333 -32.7565 -31.7577 -31.9515
-42.6326 -44.8228 -45.1223 -44.5244 -42.9072 -43.3985 -45.2198 -44.4203 -55.5528 -48.8236 -49.9136 -56.205 -57.1323 -60.3461 -60.6373 -55.2415 -53.6745 -53.8942 -55.9901 -44.1888 -44.6396 -46.1506 -41.9917 -42.1892 -41.3788 -41.4159 -39.9763 -40.9951 -42.4215 -44.8173 -41.1053 -38.796 -38.1657 -37.4147 -37.5098 -38.2176 -38.9106 -38.1575 -37.3545 -37.9447 -37.0068 -36.5797 -36.9091 -37.0156 -37.0507 -37.9663 -36.5322 -36.8159 -36.0825 -35.894 -35.9259 -35.2117 -34.7133 -34.9558 -34.1143 -33.9178 -34.0646 -33.4173 -33.3802 -33.3686 -32.2955 -31.7343 -31.0092
-43.5962 -43.72 -42.4508 -44.398 -43.937 -43.547 -45.6648 -47.3967 -54.0712 -48.2913 -55.8592 -55.4428 -64.6581 -58.576 -54.7288 -53.1638 -53.7743 -46.0002 -42.876 -42.0507 -41.0915 -42.0066 -41.1521 -39.7225 -40.1072 -39.3943 -39.4186 -39.4849 -39.7909 -39.6766 -38.6268 -37.6237 -38.1379 -38.8677 -38.5973 -38.3827 -38.1128 -37.98 -37.9945 -37.9927 -37.8295 -36.9846 -36.6634 -36.883 -36.982 -36.3844 -36.0391 -35.9396 -35.3081 -35.6281 -35.0633 -34.6045 -34.9948 -34.3007 -33.8051 -33.6298 -32.716 -33.0458 -32.5631 -32.4762 -31.7764 -31.2745 -30.7069
-42.7825 -41.6623 -42.9981 -42.9335 -50.2461 -49.1103 -49.3531 -50.4904 -56.319 -52.7091 -59.6964 -55.0081 -55.707 -54.6512 -49.259 -49.0841 -46.0862 -44.7958 -40.7212 -40.377 -40.3464 -39.2648 -39.4294 -40.2184 -39.2095 -39.6235 -39.6042 -39.0762 -39.4446 -39.176 -38.7971 -38.5082 -38.2052 -38.6139 -38.6411 -38.4371 -38.1782 -38.1114 -37.2549 -36.8835 -36.8204 -37.322 -37.2742 -37.2079 -36.6356 -36.4028 -35.5061 -35.2696 -35.2476 -34.4146 -34.5647 -34.1063 -34.1984 -33.9382 -33.5659 -32.9451 -32.3958 -32.6431 -31.8658 -31.5002 -30.9605 -30.8275 -30.7163
-41.2388 -42.9272 -49.2998 -49.2889 -48.6697 -64.4186 -55.521 -60.2735 -60.1216 -56.6441 -61.9655 -58.5521 -57.0472 -53.7656 -48.9882 -44.7961 -41.6687 -40.3405 -39.4638 -39.6333 -42.0185 -43.3516 -39.8192 -39.4184 -38.9279 -38.3038 -37.9071 -38.0145 -38.3357 -38.6446 -38.7154 -38.6645 -39.0779 -38.6095 -38.1079 -38.1136 -37.5913 -37.1932 -36.8887 -36.3864 -36.536 -36.0528 -36.8753 -36.7247 -36.0966 -35.9874 -34.5197 -33.6028 -33.9596 -34.0528 -34.1119 -33.5214 -33.2423 -33.1207 -33.4512 -32.9355 -32.0659 -31.8743 -31.4655 -31.0221 -30.7357 -30.3176 -30.0699
-52.2437 -57.4687 -49.9436 -52.0214 -55.634 -48.266 -49.3273 -55.6529 -58.5006 -58.7927 -57.0853 -49.7014 -42.7844 -44.1411 -47.6082 -40.5555 -43.4379 -40.3871 -43.7417 -45.9365 -43.9154 -40.4713 -38.7263 -38.6676 -38.8931 -37.7899 -37.5478 -37.15 -37.5174 -37.4161 -38.097 -38.3959 -38.3647 -37.9477 -37.9338 -37.4954 -37.1632 -36.491 -36.0481 -35.8441 -35.733 -35.9365 -36.4416 -36.1558 -36.1257 -34.698 -33.7899 -33.5426 -33.1448 -33.986 -34.3622 -33.5358 -33.0977 -32.4729 -32.4052 -32.4227 -32.0197 -31.6657 -31.2671 -30.7265 -30.4474 -30.1635 -29.7817
-48.0199 -54.6416 -57.0809 -55.3928 -50.5186 -49.0216 -51.6403 -51.3345 -56.9588 -54.9635 -57.4371 -49.3312 -42.6432 -40.6534 -42.4026 -41.2172 -44.1254 -42.032 -39.7772 -40.0661 -40.1924 -40.0989 -38.156 -37.9475 -37.4673 -37.7162 -36.6746 -37.1125 -36.6674 -37.1844 -37.726 -37.3834 -37.5201 -37.6462 -37.1253 -37.2137 -36.7474 -36.6897 -36.0022 -35.7951 -35.7251 -35.2692 -35.2306 -35.3083 -35.0544 -33.2395 -33.5725 -33.4397 -33.9802 -32.8632 -32.9558 -33.0032 -33.2882 -32.2156 -31.893 -31.5916 -31.6101 -31.1034 -30.8445 -30.1774 -29.7495 -29.5781 -29.3761
-50.2034 -49.1875 -53.8411 -48.9398 -50.7887 -53.1643 -50.0373 -53.4642 -49.761 -50.3246 -51.6501 -40.0124 -38.818 -39.4336 -39.5026 -41.4963 -39.6203 -38.7235 -38.6751 -39.0722 -38.2282 -37.3145 -37.2002 -36.7402 -37.0396 -36.2772 -36.7992 -36.4032 -36.4412 -37.0517 -36.7377 -36.8689 -37.6774 -36.9468 -36.4575 -36.8422 -36.6266 -35.8264 -36.3089 -35.8225 -35.6062 -34.4711 -34.6159 -34.777 -33.9856 -32.577 -32.9222 -33.1029 -33.5412 -33.3886 -31.9708 -32.518 -32.27 -32.0327 -32.1239 -31.5582 -30.9262 -30.6969 -30.3304 -30.0563 -29.8061 -29.5937 -29.2377
