data/70052_lisa.smith_annual_Lat_elev_map/70052_lisa.smith_annual_Lat_elev_map/predkrig.asc
ncols 412
nrows 280
xllcorner -103.69999694824219
yllcorner 24.166666676
cellsize 0.0833333333
NODATA_value -9999
[rows 168 to 195 of 280, columns 63 to 125 of 412]
-27.4892 -27.8462 -27.247 -27.5171 -27.3437 -27.9129 -27.7301 -27.2379 -27.2301 -27.4025 -27.4021 -28.4125 -27.6747 -26.9557 -27.1337 -26.5017 -25.5836 -26.0421 -25.7075 -25.7497 -25.9374 -26.8296 -26.7066 -26.1817 -26.4091 -26.7526 -25.9285 -25.8045 -26.4302 -25.7019 -25.4368 -25.0325 -24.98 -25.1868 -24.9359 -24.4441 -24.6883 -24.5405 -24.641 -24.7296 -24.7362 -24.6623 -24.032 -24.3448 -24.4731 -24.986 -24.9255 -24.5531 -24.8465 -24.8306 -24.8749 -24.7525 -24.8279 -24.9519 -24.5136 -24.1842 -24.0855 -24.1252 -24.7847 -24.716 -25.0305 -24.9264 -25.1952
-27.3211 -27.3059 -27.3973 -26.8651 -27.1094 -28.1204 -27.7333 -27.7954 -26.9739 -26.3535 -27.9511 -26.6954 -26.8723 -27.3253 -25.9578 -25.6907 -25.5162 -25.2403 -25.8409 -25.4037 -25.4673 -26.2143 -25.7658 -26.2474 -25.9794 -26.0011 -26.0407 -26.0833 -25.7299 -26.1288 -25.5813 -25.2913 -24.9859 -24.8563 -24.6714 -24.4367 -24.3153 -24.0215 -24.1252 -24.1718 -24.0188 -23.9691 -23.8896 -23.9476 -23.9822 -24.3451 -24.1525 -24.6007 -24.3211 -24.1538 -24.1964 -24.2592 -24.4028 -24.1907 -25.059 -24.9095 -24.0395 -24.005 -24.3308 -24.6411 -24.9768 -24.6968 -25.1501
-28.0147 -27.4612 -27.9152 -27.1862 -26.6349 -26.8603 -26.668 -26.6987 -26.8763 -25.9472 -26.6335 -27.2584 -26.6435 -26.7789 -25.9981 -25.5171 -24.9216 -24.5565 -25.3752 -24.7231 -25.3772 -26.1174 -25.5151 -25.6238 -25.1675 -25.1027 -25.059 -25.6884 -25.9161 -25.1925 -24.9591 -24.7481 -24.605 -24.3363 -24.5382 -24.7129 -24.7368 -24.5445 -24.2651 -24.164 -23.8735 -23.8661 -23.9174 -23.8452 -23.7597 -23.7054 -23.8175 -23.7837 -23.76 -23.9273 -24.0468 -23.6567 -23.6853 -23.8168 -23.9026 -24.3992 -23.9567 -23.8165 -23.8641 -24.2933 -24.6944 -24.3531 -24.8724
-28.495 -29.041 -28.2754 -27.4624 -27.5359 -27.0014 -26.4315 -26.4305 -25.4475 -25.6662 -26.2008 -27.2073 -26.7941 -25.4255 -25.6774 -24.9211 -24.9672 -24.2795 -24.5485 -24.529 -25.3323 -25.5572 -25.2875 -25.0086 -24.6248 -24.4356 -25.6462 -25.4035 -24.9833 -25.1106 -24.7382 -24.527 -24.7511 -25.024 -24.7197 -24.4822 -24.3657 -24.0285 -24.0735 -24.193 -24.3657 -24.4431 -24.4903 -24.1673 -24.4218 -24.0391 -24.1267 -24.0584 -24.1689 -23.6751 -23.9211 -24.3065 -23.9557 -23.6898 -23.5095 -23.8941 -23.5018 -23.5879 -24.1237 -24.1925 -24.2835 -24.3588 -24.2889
-28.0833 -27.8305 -28.2273 -28.194 -28.4074 -28.0013 -26.7872 -26.1304 -26.4381 -25.5193 -25.0853 -25.8822 -26.4525 -25.3881 -24.9383 -25.2963 -24.4751 -24.5166 -23.9941 -24.4567 -25.4979 -25.2185 -25.004 -24.1127 -24.1464 -24.472 -24.854 -24.7646 -24.6873 -24.4311 -24.8846 -25.1454 -25.1011 -24.5248 -24.6653 -24.1682 -24.3032 -24.5701 -24.3167 -24.8477 -24.2242 -24.1281 -24.1696 -24.4179 -24.0113 -24.0507 -23.8473 -23.8409 -24.397 -24.1832 -23.9364 -24.0637 -24.172 -24.103 -24.3215 -23.4518 -23.4017 -23.5297 -23.8976 -23.7415 -24.0114 -23.9977 -23.9158
-27.6607 -27.7463 -27.8326 -26.998 -27.7098 -27.1458 -28.0358 -27.0183 -26.6724 -25.4975 -26.0185 -24.6025 -26.3384 -25.5074 -24.7296 -24.3369 -24.6749 -24.308 -23.4389 -24.0657 -24.9523 -25.0336 -24.5922 -24.2704 -23.8754 -24.5872 -24.5152 -24.2377 -24.1383 -24.2345 -24.2903 -24.7211 -24.5184 -24.6252 -24.3965 -24.4706 -24.6576 -24.8894 -24.3077 -24.0212 -23.7278 -23.8526 -23.6846 -23.5699 -23.6485 -24.1542 -23.6479 -23.3726 -23.5498 -24.5366 -23.6735 -24.0167 -23.3595 -23.6109 -24.0942 -23.476 -23.2161 -23.5193 -23.7595 -23.6946 -23.931 -23.5362 -23.9037
-26.3765 -26.6264 -27.2549 -25.9476 -26.8996 -27.6408 -27.3344 -27.9832 -27.5197 -26.2999 -25.1537 -25.3603 -24.6772 -25.3229 -24.5577 -25.0438 -24.161 -23.6306 -23.4157 -23.655 -24.3459 -24.7093 -23.8684 -23.568 -23.9011 -24.4503 -24.266 -24.1968 -23.7691 -23.859 -23.9067 -24.0814 -23.94 -23.9454 -23.8545 -24.0557 -24.0311 -24.4092 -24.4428 -23.889 -24.0148 -23.6525 -23.7635 -23.4615 -23.0948 -23.309 -24.0484 -23.6105 -23.5189 -23.8654 -23.9562 -23.1317 -23.4488 -23.4526 -23.1356 -23.2023 -23.0796 -24.0147 -24.0886 -23.5581 -23.5525 -23.3071 -24.1461
-26.214 -27.0061 -25.8364 -26.0705 -26.2186 -26.5466 -26.6704 -27.5352 -26.9921 -27.335 -25.9881 -24.7917 -24.176 -25.0883 -24.293 -24.5824 -24.0817 -23.8033 -23.277 -23.1112 -24.2014 -23.9335 -23.8068 -23.2552 -23.8958 -23.9633 -23.9332 -23.7212 -23.7097 -23.5056 -23.4525 -23.6786 -23.9101 -23.7446 -23.3633 -23.6404 -23.7353 -24.016 -24.0316 -24.8478 -23.8859 -23.7067 -23.4646 -23.9232 -23.906 -22.846 -23.7787 -23.7701 -23.4331 -23.9387 -23.445 -23.0688 -22.8932 -22.9522 -23.143 -23.1723 -23.1045 -23.6131 -23.5383 -23.4219 -23.4612 -23.3255 -23.7175
-27.4757 -26.7772 -26.6703 -25.274 -25.255 -25.1294 -26.4803 -27.9769 -26.9855 -26.4068 -26.7819 -24.9766 -23.6569 -24.3501 -23.7186 -23.2467 -23.0597 -23.0156 -22.9903 -22.6582 -23.2239 -23.0861 -23.3739 -23.1467 -23.1741 -23.3761 -23.754 -23.8883 -23.9552 -24.1086 -23.4252 -23.1013 -23.2876 -23.3541 -23.636 -23.3109 -23.3245 -23.7642 -23.2751 -24.2634 -23.7877 -23.2902 -23.2788 -24.1119 -23.9583 -23.1998 -22.6564 -22.9567 -23.2757 -22.6503 -23.0756 -23.3663 -22.8532 -22.9197 -22.871 -22.9501 -22.704 -23.4277 -23.5252 -23.2581 -23.1245 -23.1472 -23.6655
-27.5413 -26.8752 -27.0531 -24.915 -26.2189 -24.4062 -24.977 -26.0641 -26.309 -26.0011 -25.2162 -25.2732 -24.2336 -23.4083 -23.4609 -23.3679 -23.9293 -23.4954 -22.7647 -23.9992 -23.6538 -22.6214 -23.1096 -22.6815 -22.8832 -22.9333 -23.3191 -23.5879 -23.7782 -23.5723 -23.6605 -23.2201 -23.1949 -22.9122 -22.8753 -23.178 -23.2778 -23.1456 -23.9418 -23.2774 -24.0953 -23.2768 -23.5707 -23.2623 -22.9353 -23.2565 -23.4406 -23.2767 -22.5741 -22.9422 -22.7491 -22.4807 -22.6602 -22.6046 -22.6327 -22.4816 -22.5471 -22.9633 -23.4208 -23.0625 -22.8348 -23.0637 -23.483
-27.0196 -25.6868 -25.0713 -24.8124 -24.4508 -24.647 -24.7093 -24.5 -24.9926 -26.8982 -25.9474 -24.5095 -23.9607 -24.8899 -23.9411 -23.7534 -23.8783 -23.1871 -24.0722 -24.0342 -23.8368 -23.1343 -22.2486 -22.3751 -22.4948 -22.6264 -22.7981 -23.3251 -23.1572 -22.9256 -23.389 -23.6549 -23.5034 -22.9001 -23.2091 -22.6805 -22.6409 -22.9685 -23.6923 -23.4201 -23.1115 -23.1325 -23.0818 -23.494 -23.204 -22.9836 -22.5078 -22.8685 -22.6348 -23.0019 -23.2265 -22.7995 -22.5934 -22.5664 -23.2267 -22.811 -22.5255 -22.4597 -22.5527 -23.0841 -23.0127 -22.9935 -23.2472
-25.2513 -25.275 -25.7201 -25.6366 -25.6539 -25.1913 -24.336 -24.4574 -24.0098 -25.5819 -26.185 -25.4122 -24.9359 -24.7673 -23.794 -24.0629 -23.6395 -22.8613 -24.9749 -23.9525 -23.4914 -22.829 -22.2757 -21.9864 -21.9105 -22.5429 -22.4832 -22.8 -22.5612 -22.7242 -23.2719 -23.5307 -23.1947 -23.571 -23.4221 -23.7255 -23.4107 -23.5327 -22.8998 -22.6662 -22.5056 -22.3755 -22.8248 -23.238 -23.4434 -23.5956 -23.0181 -23.8156 -23.6333 -23.8211 -23.3774 -23.435 -23.0665 -22.703 -22.7463 -22.5504 -22.4877 -22.32 -22.3894 -23.1739 -22.8776 -22.8151 -22.7606
-25.9441 -26.7057 -25.9956 -26.0908 -26.8891 -26.0098 -25.5499 -24.7902 -23.7974 -24.4793 -24.5955 -25.5888 -25.3511 -25.2528 -24.621 -24.3095 -23.5547 -23.3915 -23.9632 -23.9883 -23.0936 -22.6449 -22.0964 -22.5036 -21.6683 -22.3338 -21.9575 -22.2779 -22.0968 -22.5459 -23.1513 -23.5901 -23.6039 -23.6059 -23.2351 -23.1468 -23.8372 -23.7544 -23.8025 -23.3177 -23.1768 -22.9937 -22.9045 -22.2863 -22.2368 -22.7662 -22.9166 -22.8683 -23.1381 -23.2749 -22.9238 -23.1114 -23.0206 -22.6648 -22.4323 -22.7443 -22.6446 -22.2624 -22.2565 -22.7022 -22.5215 -22.6422 -22.757
-27.0068 -27.5085 -27.9183 -26.54 -25.5086 -25.7765 -25.7195 -25.2751 -25.7773 -23.9544 -23.8315 -25.2023 -24.3651 -24.3382 -24.2405 -23.7683 -23.3862 -23.1702 -24.4134 -23.3881 -22.7982 -22.4975 -22.556 -22.1204 -21.5136 -21.8339 -22.2277 -21.616 -21.8375 -22.3934 -22.6626 -23.2919 -23.0016 -23.4619 -23.0843 -23.6566 -23.0124 -23.2489 -23.3441 -23.4283 -23.2349 -23.6014 -23.1204 -22.7315 -22.8755 -22.7422 -22.6576 -22.2389 -22.106 -22.4772 -22.7362 -22.9991 -23.3341 -23.1646 -22.5756 -22.2761 -22.2354 -22.4145 -21.9658 -22.0399 -22.5217 -22.7041 -23.0005
-28.3674 -28.9986 -28.0282 -28.0683 -26.2134 -25.7068 -24.5019 -25.079 -24.2818 -23.004 -23.7008 -24.854 -24.2678 -23.7687 -24.0608 -23.5868 -23.1206 -22.7953 -22.8562 -23.1779 -22.5444 -22.0403 -22.4573 -22.2968 -21.8254 -21.3464 -21.3926 -21.8759 -21.5845 -22.1763 -22.1995 -23.1797 -23.2104 -22.5454 -22.5031 -22.6147 -22.4065 -22.9617 -23.371 -23.7876 -23.2499 -23.6847 -23.109 -23.2547 -22.528 -22.8498 -23.1557 -22.679 -22.5602 -22.5138 -22.1097 -22.6296 -22.7374 -22.9168 -22.9647 -22.2624 -22.144 -22.1744 -21.8343 -21.881 -22.0164 -22.8021 -22.9228
-27.4521 -28.1838 -27.7985 -27.2875 -27.5665 -26.396 -24.8646 -24.7755 -23.4481 -23.5435 -22.8499 -23.4422 -23.7399 -23.1533 -23.9652 -23.5156 -22.9329 -23.9424 -23.5546 -22.353 -22.3964 -21.7678 -21.7388 -21.3824 -21.756 -21.5418 -21.7632 -21.2629 -21.4795 -21.5155 -22.0305 -22.6655 -23.0102 -22.6516 -22.1504 -22.059 -22.2357 -22.7557 -22.8717 -22.8359 -22.5448 -23.3803 -22.844 -23.6718 -22.8617 -23.1166 -22.9935 -22.6312 -22.4573 -22.1902 -22.0703 -22.0887 -22.5626 -22.4766 -22.9198 -22.7198 -22.4131 -21.9282 -22.0201 -21.7301 -21.7806 -22.369 -22.5471
-26.5715 -27.8118 -27.335 -27.0744 -26.5211 -26.6698 -26.3506 -26.2829 -26.2025 -24.0224 -23.6631 -22.8408 -22.8932 -22.9436 -23.4597 -23.3758 -23.1408 -24.1798 -23.1588 -22.2499 -21.8998 -21.9279 -22.0402 -21.6116 -21.7421 -21.3108 -21.5046 -21.4888 -21.3688 -21.1404 -21.9426 -22.196 -22.0964 -22.96 -23.2717 -23.0132 -21.9045 -22.7798 -23.1659 -22.3464 -22.9163 -22.7334 -22.2663 -23.0248 -22.8815 -23.2018 -22.9526 -22.6295 -22.6118 -22.2115 -22.1689 -21.735 -22.0433 -22.1808 -22.4953 -22.5052 -22.9315 -22.1276 -21.9321 -21.8122 -21.6262 -22.2644 -22.2199
-26.6186 -27.5195 -27.8108 -26.3847 -25.7549 -26.0213 -25.7181 -25.3477 -24.3044 -24.0569 -24.4219 -22.5292 -22.7892 -22.7517 -22.9359 -23.0307 -22.6001 -23.7092 -22.7545 -21.9609 -22.2543 -22.1834 -21.6833 -21.5468 -21.7487 -21.5644 -21.1156 -21.134 -21.2565 -20.8761 -21.6186 -21.9396 -21.6523 -22.7287 -22.6805 -22.1008 -21.9706 -22.4555 -23.7523 -22.3136 -22.2122 -22.5019 -21.9413 -22.7156 -22.7594 -23.1457 -22.5414 -22.269 -22.0052 -21.7559 -21.9199 -22.0527 -21.6099 -22.0992 -21.9685 -22.4451 -22.466 -22.3865 -22.3137 -22.0364 -21.5494 -21.5681 -21.8477
-25.598 -27.03 -26.7288 -27.1514 -26.2904 -25.3651 -24.9789 -24.6314 -24.3844 -23.5041 -24.3195 -23.7286 -22.4949 -21.8414 -22.3822 -22.4667 -22.1526 -23.1429 -22.1129 -21.86 -21.4192 -21.468 -21.4635 -21.0124 -20.9651 -21.1687 -20.8309 -20.8984 -20.9394 -20.6956 -21.1382 -21.2935 -22.091 -22.8486 -22.6419 -22.3074 -21.7055 -22.3953 -22.7922 -22.4936 -22.2708 -23.3583 -23.1632 -21.8529 -22.566 -22.7529 -23.2725 -22.9033 -22.6176 -22.5768 -22.4988 -22.0804 -21.9953 -21.7058 -21.704 -22.2708 -22.2025 -22.9231 -22.6335 -22.3273 -21.5826 -21.3716 -21.7685
-25.639 -25.3944 -25.7575 -26.0015 -26.5699 -25.8853 -25.528 -25.9343 -25.1967 -25.2456 -22.9245 -24.1341 -23.0074 -21.5451 -21.9582 -21.6451 -22.0127 -22.611 -21.9803 -21.9058 -22.0478 -21.5155 -21.5322 -21.2391 -21.4327 -21.3584 -21.1555 -20.8321 -20.8828 -20.495 -20.6258 -20.9893 -21.2535 -22.975 -22.0927 -22.1914 -21.5522 -22.3857 -23.338 -22.7069 -21.9656 -21.2738 -21.8335 -21.9886 -22.4576 -22.2005 -23.6627 -22.5687 -22.0803 -22.3349 -22.1786 -21.8175 -21.7336 -21.8449 -21.7936 -21.4862 -21.8885 -22.4168 -22.1711 -22.4164 -21.8843 -21.835 -21.2938
-26.3926 -26.3778 -26.3501 -24.8441 -25.1034 -24.889 -25.5913 -24.7424 -24.0259 -23.1976 -23.45 -23.0921 -22.9471 -22.2955 -21.2914 -21.525 -21.7334 -21.7312 -21.462 -22.3929 -22.2819 -21.5505 -21.2382 -21.3457 -21.6316 -20.8469 -21.3984 -21.2804 -21.2543 -20.9204 -20.2613 -20.5936 -21.0906 -21.4082 -22.4661 -21.7267 -21.7605 -21.4609 -22.0019 -22.3507 -23.6136 -22.0547 -21.2418 -22.0518 -22.3715 -22.2141 -22.5358 -22.9286 -22.0856 -22.9099 -22.5953 -22.3132 -21.7933 -21.4203 -21.873 -21.5637 -21.4291 -22.1963 -22.4665 -22.3394 -22.6051 -21.8779 -21.4921
-27.7478 -27.4387 -26.666 -26.4126 -26.0297 -24.6213 -24.5205 -25.7609 -24.2494 -23.6573 -22.6506 -22.131 -22.9923 -21.8461 -21.1318 -20.7139 -21.5527 -21.3133 -21.6636 -21.9489 -21.8701 -21.686 -21.6527 -22.0516 -21.4621 -21.6051 -21.4249 -21.3725 -21.6239 -21.8672 -21.1236 -20.1769 -20.2933 -20.9279 -22.1256 -22.4186 -22.4708 -22.6577 -20.9874 -21.963 -22.2233 -22.7207 -20.9822 -22.2523 -22.0998 -22.2352 -22.2747 -22.8111 -21.7137 -22.1263 -22.7373 -22.3628 -21.7663 -22.0248 -21.8453 -21.3285 -21.078 -21.4765 -21.6187 -22.1654 -22.534 -21.7378 -21.4215
-28.2631 -27.9316 -26.9996 -25.6955 -25.835 -25.4107 -24.6297 -23.763 -25.6542 -24.8367 -24.3233 -23.3082 -22.6434 -21.8473 -21.3726 -20.8321 -20.9313 -20.6857 -21.0242 -21.7285 -21.7408 -21.7856 -21.3797 -21.422 -21.3353 -21.5597 -21.4955 -21.5406 -21.2751 -20.8808 -21.0247 -20.9418 -20.2221 -20.2651 -20.8014 -21.4257 -22.1155 -22.0465 -21.0849 -21.1674 -21.3614 -21.9229 -21.1606 -21.4515 -21.6416 -22.1813 -22.0591 -21.9719 -22.1299 -21.318 -22.3437 -22.1381 -22.9445 -21.7557 -21.8242 -21.7304 -20.9741 -21.7017 -21.3965 -22.3755 -22.1498 -21.8204 -22.5544
-27.8466 -28.1094 -27.719 -27.501 -25.6436 -25.2894 -24.2155 -23.2173 -24.289 -24.8064 -24.3879 -23.5253 -22.3805 -22.0559 -21.3922 -20.8821 -20.5892 -20.2919 -20.8953 -21.6021 -21.4124 -21.3528 -21.8989 -21.4061 -20.9247 -21.5287 -21.145 -21.5043 -21.1401 -20.9642 -21.3658 -20.2732 -20.0089 -19.9532 -21.2335 -21.5831 -22.0148 -21.7968 -21.3628 -21.7685 -20.7189 -21.4573 -21.1395 -20.626 -21.2024 -21.3597 -21.3511 -21.4629 -22.0434 -21.5542 -20.9483 -22.6183 -22.6766 -22.5301 -22.7103 -21.5626 -20.8768 -20.9396 -21.3463 -21.3439 -21.7559 -22.7519 -21.771
-27.308 -26.6043 -26.5217 -25.9513 -25.6066 -24.892 -24.4112 -24.0205 -23.0293 -23.4271 -23.1429 -23.5785 -22.809 -22.0024 -21.1123 -22.1986 -20.9234 -20.103 -20.591 -21.4279 -20.783 -20.7415 -21.4358 -20.924 -20.9011 -20.8077 -20.7735 -21.4366 -20.7409 -20.7715 -20.573 -20.0743 -20.7113 -19.874 -20.8617 -21.4726 -21.6212 -21.5522 -21.8036 -21.3665 -20.6017 -20.4742 -20.9486 -21.224 -20.8773 -20.4325 -20.9884 -21.0514 -21.0153 -21.5186 -20.9196 -22.0308 -21.2572 -22.1163 -22.044 -22.4864 -21.7519 -20.8005 -21.5039 -21.4528 -22.037 -22.0092 -22.3902
-27.7206 -26.7581 -26.5412 -25.8472 -26.0431 -24.6491 -24.0212 -24.3029 -23.7882 -22.3203 -23.1974 -21.924 -22.8491 -21.9735 -22.0625 -21.5106 -20.799 -20.392 -19.9592 -20.6053 -20.4503 -20.5219 -21.13 -21.0231 -21.0781 -20.9379 -20.5193 -21.4613 -21.2747 -21.1337 -20.8525 -20.9674 -20.3786 -19.5967 -20.501 -20.908 -21.0549 -21.167 -21.1218 -21.3164 -21.4073 -21.1464 -20.3857 -20.9082 -21.385 -20.9595 -20.9706 -20.504 -20.3982 -21.4755 -20.6645 -21.596 -21.1358 -21.6039 -21.5454 -21.0047 -20.9908 -21.2131 -20.745 -21.9023 -21.4756 -22.4869 -22.6135
-27.1389 -26.4319 -25.3862 -24.7215 -25.1338 -24.9697 -23.9288 -23.0114 -24.4492 -23.7092 -23.3238 -23.1623 -21.818 -22.1117 -22.6545 -21.6624 -20.7195 -20.6338 -19.8121 -20.1634 -19.9527 -20.7388 -21.0021 -21.1907 -20.6199 -20.45 -20.3508 -20.9947 -21.2636 -20.707 -20.1041 -21.3264 -19.8463 -19.4456 -19.9733 -20.9092 -20.9785 -21.1167 -20.7653 -21.4172 -20.8189 -20.7246 -20.4539 -20.1766 -20.798 -21.0666 -21.1606 -20.7732 -20.6224 -20.1075 -21.1736 -21.0558 -20.7631 -21.3323 -21.6834 -21.2191 -20.8437 -20.8171 -20.65 -21.0045 -21.3519 -21.9344 -22.0016
-26.2336 -27.144 -25.8705 -24.9304 -24.5422 -24.9381 -23.9363 -23.5562 -22.1895 -22.2179 -22.2054 -22.3087 -21.4627 -21.9764 -21.8848 -20.9659 -21.0582 -20.7357 -20.3298 -19.6391 -19.9374 -19.9852 -20.983 -20.9188 -20.6131 -20.8961 -20.2043 -20.5305 -21.7445 -20.6609 -20.6412 -19.7919 -19.8094 -19.5236 -20.296 -20.5075 -20.4996 -20.2904 -20.2067 -21.1515 -20.9737 -20.8219 -20.3966 -19.9129 -20.3012 -20.8221 -20.6207 -20.8128 -20.708 -20.5603 -20.0442 -20.6755 -20.4928 -20.4947 -20.7201 -21.1182 -21.1161 -20.5873 -20.5481 -20.556 -21.2885 -21.4165 -21.7944
