data/70052_lisa.smith_annual_Lat_elev_map/70052_lisa.smith_annual_Lat_elev_map/stdkrig.asc
ncols 412
nrows 280
xllcorner -103.69999694824219
yllcorner 24.166666676
cellsize 0.0833333333
NODATA_value -9999
[rows 90 to 119 of 280, columns 201 to 267 of 412]
3.961 3.97148 3.98239 3.99363 4.0051 4.0167 4.02834 4.03992 4.05135 4.06255 4.07343 4.08392 4.09394 4.10344 4.11234 4.12059 4.12815 4.13495 4.14095 4.14612 4.15041 4.15378 4.1562 4.15764 4.15806 4.15744 4.15575 4.15295 4.14902 4.14394 4.13769 4.13024 4.12157 4.11166 4.10051 4.08809 4.07441 4.05945 4.04322 4.02573 4.00698 3.987 3.96582 3.94348 3.92002 3.8955 3.87001 3.84362 3.81646 3.78863 3.76031 3.73165 3.70286 3.67419 3.64589 3.61829 3.59172 3.56658 3.5433 3.52233 3.50416 3.48925 3.47809 3.47113 3.46883 3.47144 3.47875
3.94834 3.95879 3.96969 3.98094 3.99243 4.00407 4.01574 4.02735 4.03881 4.05003 4.06094 4.07144 4.08148 4.09099 4.09991 4.10818 4.11575 4.12258 4.12863 4.13386 4.13822 4.14168 4.14422 4.1458 4.14638 4.14595 4.14447 4.14192 4.13827 4.13349 4.12756 4.12047 4.11218 4.10269 4.09197 4.08002 4.06682 4.05237 4.03667 4.01973 4.00155 3.98216 3.96159 3.93988 3.91706 3.89321 3.86839 3.8427 3.81624 3.78914 3.76154 3.73362 3.70556 3.67761 3.65 3.62304 3.59703 3.57233 3.54931 3.52838 3.50994 3.49442 3.48227 3.474 3.47035 3.47215 3.47928
3.93352 3.94403 3.95502 3.96638 3.97799 3.98973 4.00152 4.01324 4.0248 4.03612 4.0471 4.05767 4.06778 4.07734 4.08632 4.09464 4.10228 4.10918 4.11531 4.12063 4.1251 4.1287 4.1314 4.13316 4.13395 4.13376 4.13255 4.1303 4.12698 4.12257 4.11705 4.11038 4.10256 4.09356 4.08336 4.07196 4.05934 4.04549 4.03043 4.01414 3.99665 3.97796 3.95812 3.93715 3.91511 3.89204 3.86804 3.84317 3.81756 3.79131 3.76458 3.73753 3.71035 3.68324 3.65646 3.63026 3.60495 3.58083 3.55824 3.53755 3.51911 3.50332 3.49059 3.48142 3.47651 3.47753 3.48447
3.91669 3.92736 3.93853 3.95008 3.96189 3.97384 3.98581 3.99771 4.00943 4.02089 4.032 4.04269 4.0529 4.06256 4.07162 4.08003 4.08776 4.09476 4.10099 4.10644 4.11105 4.11482 4.1177 4.11969 4.12074 4.12083 4.11994 4.11805 4.11512 4.11114 4.10608 4.09991 4.09263 4.0842 4.07461 4.06384 4.05189 4.03874 4.0244 4.00887 3.99216 3.97429 3.95528 3.93517 3.914 3.89184 3.86876 3.84484 3.82019 3.79492 3.76918 3.74311 3.71692 3.69079 3.66495 3.63965 3.61517 3.5918 3.56986 3.54967 3.5316 3.51604 3.50343 3.49431 3.48948 3.48983 3.4953
3.89803 3.90895 3.9204 3.93223 3.94432 3.95654 3.96877 3.9809 3.99283 4.00448 4.01575 4.02659 4.03693 4.0467 4.05587 4.06439 4.07223 4.07934 4.0857 4.09129 4.09607 4.10003 4.10313 4.10537 4.10671 4.10712 4.1066 4.10511 4.10263 4.09914 4.09461 4.08901 4.08233 4.07455 4.06564 4.05559 4.04439 4.03203 4.0185 4.00382 3.98798 3.97101 3.95293 3.93377 3.91359 3.89243 3.87037 3.8475 3.8239 3.79971 3.77505 3.75007 3.72496 3.6999 3.67511 3.65084 3.62732 3.60486 3.58375 3.56432 3.54692 3.53196 3.51989 3.51122 3.50652 3.50619 3.51019
3.87776 3.88903 3.90084 3.91304 3.92548 3.93804 3.95058 3.96299 3.97517 3.98703 3.9985 4.0095 4.01997 4.02987 4.03916 4.04779 4.05573 4.06296 4.06946 4.0752 4.08016 4.08432 4.08767 4.09018 4.09184 4.09262 4.0925 4.09146 4.08947 4.08652 4.08257 4.07761 4.0716 4.06453 4.05638 4.04712 4.03675 4.02526 4.01263 3.99887 3.98399 3.96801 3.95094 3.93283 3.9137 3.89363 3.87268 3.85092 3.82847 3.80542 3.78192 3.75811 3.73415 3.71024 3.68658 3.6634 3.64095 3.6195 3.59935 3.58081 3.56424 3.55001 3.53853 3.53022 3.52546 3.52446 3.52718
3.85617 3.86788 3.88014 3.89278 3.90564 3.91858 3.93146 3.94418 3.95663 3.96872 3.98038 3.99154 4.00215 4.01217 4.02156 4.03029 4.03833 4.04568 4.0523 4.05819 4.06333 4.0677 4.0713 4.07411 4.0761 4.07727 4.07759 4.07704 4.0756 4.07323 4.06993 4.06565 4.06038 4.05409 4.04676 4.03837 4.0289 4.01834 4.00668 3.99393 3.98008 3.96516 3.94918 3.93217 3.91418 3.89526 3.87547 3.8549 3.83364 3.8118 3.78951 3.7669 3.74415 3.72143 3.69894 3.6769 3.65555 3.63516 3.61601 3.59839 3.58265 3.56911 3.55813 3.55003 3.54508 3.54339 3.54496
3.8336 3.84584 3.85862 3.87176 3.88508 3.89844 3.91169 3.92472 3.93743 3.94974 3.96157 3.97287 3.9836 3.99371 4.00317 4.01197 4.0201 4.02753 4.03426 4.04028 4.04559 4.05018 4.05403 4.05714 4.05949 4.06107 4.06185 4.06183 4.06096 4.05923 4.05662 4.05309 4.04861 4.04316 4.03671 4.02925 4.02075 4.01119 4.00058 3.98889 3.97614 3.96234 3.9475 3.93166 3.91486 3.89714 3.87857 3.85922 3.8392 3.8186 3.79754 3.77616 3.75463 3.73311 3.71179 3.6909 3.67065 3.65129 3.6331 3.61636 3.60136 3.58841 3.57778 3.56974 3.56449 3.56211 3.5626
3.81044 3.82329 3.83666 3.85034 3.86414 3.87792 3.89154 3.90487 3.91782 3.93031 3.94228 3.95367 3.96446 3.97461 3.98411 3.99294 4.0011 4.00858 4.01538 4.02151 4.02697 4.03175 4.03585 4.03926 4.04197 4.04398 4.04525 4.04578 4.04553 4.04448 4.0426 4.03986 4.03623 4.03168 4.02618 4.0197 4.01223 4.00374 3.99422 3.98366 3.97206 3.95943 3.94579 3.93117 3.91559 3.89911 3.88179 3.8637 3.84492 3.82557 3.80575 3.78561 3.76528 3.74495 3.72478 3.70498 3.68578 3.6674 3.65009 3.63412 3.61974 3.60722 3.5968 3.5887 3.58305 3.57996 3.57941
3.78719 3.80071 3.81469 3.82892 3.8432 3.85738 3.87132 3.8849 3.89803 3.91065 3.92269 3.93411 3.9449 3.95502 3.96448 3.97328 3.98141 3.98889 3.99572 4.00192 4.00749 4.01243 4.01676 4.02047 4.02355 4.02598 4.02776 4.02887 4.02927 4.02893 4.02783 4.02594 4.02321 4.01961 4.01511 4.00968 4.00328 3.99591 3.98754 3.97816 3.96776 3.95635 3.94395 3.93057 3.91625 3.90103 3.88497 3.86814 3.85062 3.83252 3.81393 3.79499 3.77584 3.75664 3.73756 3.7188 3.70056 3.68305 3.66652 3.65118 3.63728 3.62506 3.61471 3.60641 3.60031 3.59647 3.59491
3.76441 3.77861 3.7932 3.80795 3.82267 3.83718 3.85137 3.86512 3.87835 3.891 3.90302 3.91438 3.92507 3.93508 3.94442 3.95309 3.96112 3.96852 3.97532 3.98153 3.98717 3.99225 3.99678 4.00076 4.0042 4.00707 4.00938 4.01108 4.01215 4.01257 4.01229 4.01128 4.0095 4.0069 4.00345 3.99912 3.99386 3.98765 3.98048 3.97232 3.96316 3.953 3.94186 3.92976 3.91671 3.90277 3.88798 3.87241 3.85614 3.83925 3.82186 3.80409 3.78607 3.76794 3.74988 3.73206 3.71468 3.69793 3.68204 3.6672 3.65364 3.64156 3.63114 3.62255 3.61591 3.6113 3.60874
3.74271 3.75757 3.77271 3.7879 3.80295 3.8177 3.83203 3.84583 3.85904 3.8716 3.88348 3.89466 3.90514 3.91492 3.92403 3.93249 3.94032 3.94756 3.95424 3.96039 3.96604 3.97121 3.97591 3.98015 3.98393 3.98724 3.99007 3.99239 3.99417 3.99538 3.99596 3.99588 3.99509 3.99354 3.99119 3.988 3.98393 3.97893 3.97299 3.96609 3.9582 3.94933 3.93947 3.92865 3.91689 3.90423 3.8907 3.87638 3.86133 3.84564 3.8294 3.81274 3.79578 3.77865 3.76152 3.74455 3.72791 3.7118 3.69641 3.68193 3.66856 3.65649 3.64589 3.6369 3.62965 3.62422 3.62066
3.72278 3.73818 3.75375 3.76924 3.78448 3.79931 3.81362 3.82733 3.84036 3.85269 3.86428 3.87514 3.88527 3.8947 3.90346 3.91157 3.9191 3.92608 3.93255 3.93856 3.94415 3.94935 3.95417 3.95864 3.96275 3.9665 3.96986 3.97282 3.97533 3.97735 3.97883 3.97972 3.97997 3.97952 3.97832 3.97632 3.97346 3.96972 3.96505 3.95943 3.95285 3.94528 3.93673 3.9272 3.91673 3.90533 3.89305 3.87995 3.86609 3.85156 3.83643 3.82082 3.80485 3.78864 3.77234 3.75611 3.74011 3.72451 3.70949 3.69523 3.68192 3.66973 3.65882 3.64934 3.64141 3.63512 3.63054
3.70529 3.72104 3.73682 3.7524 3.76762 3.78234 3.79645 3.80987 3.82256 3.83448 3.84562 3.856 3.86563 3.87455 3.88281 3.89046 3.89755 3.90415 3.91031 3.91609 3.92154 3.9267 3.9316 3.93626 3.94067 3.94485 3.94875 3.95236 3.95563 3.9585 3.96092 3.96283 3.96416 3.96485 3.96484 3.96407 3.96248 3.96002 3.95666 3.95235 3.94708 3.94083 3.93359 3.92536 3.91617 3.90603 3.89498 3.88308 3.87037 3.85694 3.84287 3.82825 3.81319 3.79782 3.78227 3.76667 3.75119 3.73598 3.72121 3.70705 3.69368 3.68125 3.66992 3.65985 3.65117 3.64397 3.63834
3.69085 3.70664 3.72235 3.73776 3.75272 3.76709 3.78077 3.79371 3.80585 3.81717 3.82769 3.83741 3.84637 3.85462 3.86223 3.86925 3.87577 3.88186 3.88759 3.89304 3.89826 3.90331 3.90823 3.91304 3.91774 3.92233 3.92678 3.93106 3.9351 3.93886 3.94226 3.94523 3.94769 3.94957 3.95079 3.95129 3.95099 3.94985 3.94782 3.94485 3.94091 3.93599 3.93006 3.92313 3.9152 3.90631 3.89647 3.88572 3.87414 3.86177 3.84869 3.835 3.82079 3.80617 3.79127 3.77622 3.76115 3.74623 3.7316 3.71742 3.70387 3.69109 3.67926 3.66851 3.65899 3.65083 3.64412
3.67985 3.69532 3.71063 3.72558 3.74 3.75377 3.7668 3.77903 3.79041 3.80095 3.81064 3.81952 3.82763 3.83505 3.84184 3.84808 3.85388 3.85932 3.8645 3.86949 3.87439 3.87925 3.88412 3.88903 3.89399 3.89899 3.90399 3.90895 3.91381 3.9185 3.92292 3.92699 3.93062 3.93373 3.93622 3.93803 3.93906 3.93927 3.93858 3.93696 3.93437 3.93077 3.92615 3.92051 3.91384 3.90616 3.8975 3.88789 3.87738 3.86602 3.8539 3.84107 3.82764 3.81371 3.79939 3.78479 3.77006 3.75533 3.74074 3.72645 3.71262 3.69941 3.68697 3.67547 3.66505 3.65586 3.64803
3.67244 3.68722 3.7018 3.71598 3.7296 3.74253 3.75467 3.76597 3.7764 3.78594 3.79462 3.80248 3.80957 3.81597 3.82177 3.82708 3.832 3.83664 3.84112 3.84554 3.85 3.85458 3.85934 3.86431 3.8695 3.87489 3.88046 3.88614 3.89184 3.89749 3.90297 3.90819 3.91304 3.91742 3.92122 3.92436 3.92675 3.92832 3.929 3.92874 3.92749 3.92522 3.9219 3.91753 3.9121 3.90562 3.89811 3.8896 3.88013 3.86975 3.85852 3.84652 3.83381 3.82051 3.8067 3.7925 3.77802 3.76341 3.74879 3.73432 3.72014 3.70641 3.69329 3.68096 3.66958 3.65931 3.65031
3.66846 3.68224 3.69582 3.70898 3.72156 3.73342 3.74446 3.75464 3.76392 3.77229 3.77978 3.78644 3.79233 3.79754 3.80219 3.80638 3.81026 3.81394 3.81758 3.8213 3.82521 3.82942 3.83399 3.83896 3.84436 3.85016 3.8563 3.86271 3.8693 3.87596 3.88255 3.88896 3.89507 3.90076 3.9059 3.91041 3.91417 3.91712 3.91917 3.92026 3.92036 3.9194 3.91738 3.91426 3.91005 3.90474 3.89836 3.89092 3.88245 3.87301 3.86264 3.85141 3.83939 3.82667 3.81332 3.79946 3.7852 3.77066 3.75596 3.74124 3.72666 3.71237 3.69853 3.68531 3.67291 3.6615 3.65128
3.66756 3.68014 3.69252 3.70447 3.71581 3.72642 3.7362 3.74509 3.75305 3.76009 3.76623 3.77153 3.77606 3.77992 3.78325 3.78617 3.78883 3.7914 3.79405 3.79692 3.80016 3.80389 3.8082 3.81313 3.81872 3.82491 3.83165 3.83884 3.84635 3.85406 3.86181 3.86946 3.87687 3.88389 3.8904 3.89628 3.90143 3.90576 3.90918 3.91163 3.91305 3.9134 3.91264 3.91076 3.90774 3.90359 3.8983 3.8919 3.88441 3.87588 3.86634 3.85586 3.84449 3.83232 3.81941 3.80587 3.79179 3.77729 3.76249 3.74752 3.73251 3.71763 3.70304 3.68892 3.67547 3.66288 3.6514
3.66932 3.6806 3.69166 3.70227 3.71226 3.72149 3.72987 3.73734 3.74385 3.74943 3.75409 3.75789 3.76092 3.76329 3.76514 3.76663 3.76793 3.76922 3.77071 3.77259 3.77502 3.77817 3.78214 3.78699 3.79274 3.79934 3.8067 3.81471 3.8232 3.83201 3.84097 3.84989 3.85863 3.86701 3.87489 3.88216 3.88869 3.89439 3.89916 3.90294 3.90567 3.9073 3.90779 3.90712 3.90526 3.90223 3.89801 3.89263 3.8861 3.87845 3.86973 3.85997 3.84925 3.83761 3.82514 3.81191 3.79802 3.78357 3.76868 3.75345 3.73804 3.72259 3.70727 3.69225 3.67775 3.66398 3.6512
3.67329 3.68326 3.69296 3.70218 3.71074 3.71853 3.72543 3.73139 3.73638 3.74039 3.74347 3.74568 3.7471 3.74785 3.7481 3.74801 3.74779 3.74765 3.74783 3.74855 3.75004 3.75249 3.75603 3.76075 3.76665 3.77368 3.78171 3.79058 3.8001 3.81007 3.82027 3.8305 3.84057 3.85032 3.85958 3.86821 3.87611 3.88315 3.88925 3.89433 3.89833 3.90121 3.90291 3.90341 3.9027 3.90076 3.89759 3.8932 3.88761 3.88084 3.87291 3.86389 3.8538 3.84271 3.83068 3.81779 3.80412 3.78976 3.77481 3.7594 3.74364 3.72768 3.71169 3.69584 3.68034 3.66543 3.65137
3.67908 3.6878 3.69616 3.70399 3.71112 3.71743 3.72283 3.72725 3.73066 3.73307 3.73451 3.73505 3.73479 3.73384 3.73239 3.7306 3.72873 3.727 3.72571 3.72512 3.72552 3.72714 3.73017 3.73471 3.74076 3.74825 3.757 3.7668 3.7774 3.78856 3.80003 3.81157 3.82298 3.83407 3.84468 3.85465 3.86386 3.8722 3.87958 3.88592 3.89115 3.89523 3.8981 3.89975 3.90014 3.89927 3.89712 3.89371 3.88904 3.88313 3.87601 3.86772 3.85829 3.84777 3.83623 3.82372 3.81032 3.79612 3.7812 3.76569 3.74969 3.73334 3.7168 3.70025 3.68388 3.66793 3.65268
3.6864 3.69394 3.70104 3.70752 3.71326 3.71812 3.72202 3.7249 3.72674 3.72755 3.72734 3.7262 3.72422 3.72153 3.71831 3.71476 3.71112 3.70769 3.70477 3.70271 3.70185 3.7025 3.70492 3.70924 3.71546 3.72345 3.73298 3.74377 3.7555 3.76788 3.78061 3.79345 3.80616 3.81854 3.83043 3.84167 3.85213 3.86171 3.8703 3.87783 3.88424 3.88947 3.89347 3.89621 3.89767 3.89783 3.89669 3.89424 3.89048 3.88545 3.87914 3.8716 3.86285 3.85295 3.84194 3.82988 3.81684 3.80289 3.78812 3.77264 3.75655 3.73998 3.72308 3.70602 3.689 3.67224 3.65601
3.69499 3.70146 3.70739 3.71262 3.71702 3.7205 3.72296 3.72436 3.72467 3.72391 3.72209 3.7193 3.71562 3.71121 3.70622 3.70087 3.69542 3.69019 3.68552 3.68182 3.67953 3.67906 3.68076 3.68482 3.69124 3.69981 3.7102 3.72202 3.7349 3.74848 3.76243 3.77649 3.79042 3.80401 3.81708 3.8295 3.84111 3.85183 3.86155 3.8702 3.8777 3.88401 3.88908 3.89288 3.89537 3.89654 3.89637 3.89487 3.89203 3.88786 3.88239 3.87563 3.86761 3.85838 3.84797 3.83644 3.82386 3.81029 3.79581 3.78052 3.76453 3.74795 3.73094 3.71365 3.69628 3.67903 3.66218
3.7047 3.71022 3.71508 3.71915 3.72232 3.7245 3.72561 3.72561 3.72448 3.72223 3.71889 3.71453 3.70925 3.70317 3.69648 3.68938 3.68215 3.6751 3.66861 3.66316 3.65925 3.65747 3.65831 3.66209 3.66877 3.67801 3.68933 3.70221 3.71619 3.73088 3.74595 3.7611 3.7761 3.79075 3.80487 3.81832 3.83096 3.8427 3.85345 3.86311 3.87163 3.87895 3.88502 3.88982 3.89329 3.89543 3.89623 3.89566 3.89374 3.89046 3.88584 3.8799 3.87266 3.86416 3.85444 3.84354 3.83153 3.81847 3.80445 3.78954 3.77386 3.75753 3.74068 3.72349 3.70613 3.68882 3.67183
3.71541 3.72008 3.72399 3.72702 3.72907 3.73007 3.72994 3.72865 3.7262 3.72259 3.71785 3.71205 3.70529 3.6977 3.68945 3.68075 3.67185 3.66308 3.65483 3.64758 3.64192 3.6386 3.63841 3.6419 3.64896 3.65898 3.67123 3.68508 3.70002 3.71563 3.73159 3.74762 3.76349 3.77899 3.79398 3.80829 3.82181 3.83444 3.84608 3.85665 3.86609 3.87433 3.88134 3.88707 3.89149 3.89458 3.89631 3.89667 3.89567 3.89329 3.88956 3.88448 3.87807 3.87038 3.86143 3.85127 3.83995 3.82755 3.81414 3.79982 3.78467 3.76884 3.75246 3.73569 3.71873 3.70182 3.68521
3.72705 3.73099 3.73405 3.73615 3.7372 3.73713 3.7359 3.73346 3.72983 3.725 3.71903 3.71197 3.70393 3.69503 3.68544 3.67537 3.66506 3.65482 3.64503 3.63616 3.6288 3.62378 3.62228 3.62549 3.63313 3.64392 3.65691 3.67143 3.68699 3.7032 3.71974 3.73635 3.75281 3.76893 3.78455 3.79953 3.81375 3.8271 3.83949 3.85085 3.8611 3.87019 3.87806 3.88467 3.88999 3.89399 3.89664 3.89792 3.89784 3.89639 3.89357 3.88939 3.88388 3.87706 3.86897 3.85966 3.84917 3.83757 3.82494 3.81138 3.79699 3.7819 3.76626 3.75023 3.73403 3.7179 3.70211
3.73956 3.74286 3.74519 3.74647 3.74664 3.74564 3.74343 3.74 3.73533 3.72947 3.72244 3.71433 3.70523 3.69527 3.68463 3.6735 3.66213 3.65083 3.63996 3.62997 3.62143 3.61509 3.61212 3.61515 3.62316 3.63416 3.64728 3.66191 3.67758 3.69392 3.71063 3.72746 3.7442 3.76064 3.77665 3.79207 3.80679 3.8207 3.8337 3.84572 3.85668 3.86652 3.87518 3.88262 3.88879 3.89367 3.89722 3.89943 3.90027 3.89976 3.89789 3.89466 3.8901 3.88423 3.87709 3.86871 3.85916 3.8485 3.83681 3.82419 3.81075 3.79661 3.78194 3.76691 3.75174 3.73667 3.722
3.75293 3.75566 3.75734 3.75791 3.75732 3.75551 3.75247 3.74818 3.74265 3.73592 3.72804 3.71908 3.70916 3.69842 3.68701 3.67517 3.66314 3.65124 3.63986 3.62946 3.62064 3.61424 3.61146 3.61361 3.62036 3.63039 3.64272 3.65672 3.67188 3.68784 3.70429 3.72095 3.73762 3.7541 3.77024 3.78588 3.8009 3.8152 3.82867 3.84123 3.85279 3.8633 3.87268 3.88089 3.88788 3.89361 3.89804 3.90116 3.90295 3.9034 3.9025 3.90027 3.89671 3.89186 3.88574 3.87839 3.86989 3.86028 3.84966 3.83812 3.82577 3.81276 3.79924 3.7854 3.77144 3.75762 3.74422
3.7671 3.76933 3.77045 3.7704 3.76914 3.76665 3.7629 3.7579 3.75167 3.74424 3.73569 3.7261 3.71558 3.70429 3.69242 3.68018 3.66785 3.65576 3.64432 3.63403 3.6255 3.6195 3.61686 3.61818 3.62337 3.63179 3.64269 3.65547 3.66961 3.68473 3.70049 3.71663 3.73292 3.74916 3.76518 3.78083 3.79598 3.8105 3.82431 3.83729 3.84937 3.86046 3.8705 3.87943 3.8872 3.89376 3.89907 3.90311 3.90585 3.90727 3.90738 3.90618 3.90367 3.89989 3.89486 3.88863 3.88125 3.87279 3.86333 3.85299 3.84186 3.8301 3.81785 3.8053 3.79267 3.78018 3.7681
