data/70052_lisa.smith_annual_Lat_elev_map/70052_lisa.smith_annual_Lat_elev_map/stdkrig.asc
ncols 412
nrows 280
xllcorner -103.69999694824219
yllcorner 24.166666676
cellsize 0.0833333333
NODATA_value -9999
[rows 30 to 59 of 280, columns 268 to 334 of 412]
4.42523 4.42906 4.43236 4.43516 4.43748 4.43932 4.44071 4.44165 4.44216 4.44226 4.44194 4.44122 4.4401 4.43859 4.43668 4.43437 4.43166 4.42855 4.42502 4.42107 4.41669 4.41185 4.40655 4.40078 4.39451 4.38773 4.38042 4.37257 4.36415 4.35515 4.34555 4.33534 4.3245 4.31302 4.30088 4.28808 4.27461 4.26045 4.24561 4.23008 4.21386 4.19697 4.1794 4.16116 4.14228 4.12276 4.10263 4.08192 4.06066 4.03889 4.01665 3.99398 3.97096 3.94764 3.9241 3.90043 3.87673 3.85309 3.82966 3.80658 3.784 3.76211 3.7411 3.72121 3.70267 3.68571 3.67057
4.40632 4.40936 4.41192 4.41401 4.41566 4.41688 4.41769 4.4181 4.41813 4.41779 4.41709 4.41604 4.41464 4.41289 4.4108 4.40836 4.40558 4.40243 4.39892 4.39504 4.39076 4.38608 4.38098 4.37544 4.36945 4.36298 4.35601 4.34854 4.34053 4.33197 4.32284 4.31313 4.30281 4.29188 4.28032 4.26812 4.25527 4.24176 4.2276 4.21277 4.19729 4.18116 4.16438 4.14698 4.12896 4.11035 4.09116 4.07144 4.05122 4.03053 4.00943 3.98796 3.96619 3.94418 3.92202 3.89979 3.87759 3.85553 3.83374 3.81234 3.7915 3.77137 3.75214 3.73399 3.71712 3.70171 3.68793
4.38704 4.38924 4.39099 4.39233 4.39326 4.39381 4.394 4.39384 4.39335 4.39254 4.39143 4.39002 4.38832 4.38633 4.38405 4.38148 4.37861 4.37544 4.37196 4.36815 4.364 4.35949 4.35461 4.34933 4.34364 4.33751 4.33093 4.32387 4.31631 4.30823 4.29961 4.29043 4.28068 4.27034 4.2594 4.24784 4.23566 4.22285 4.20941 4.19533 4.18064 4.16532 4.14939 4.13286 4.11576 4.0981 4.07992 4.06125 4.04212 4.02258 4.00268 3.98247 3.96202 3.94139 3.92067 3.89994 3.8793 3.85885 3.83872 3.81903 3.79992 3.78153 3.76403 3.74755 3.73226 3.71829 3.70576
4.36733 4.36863 4.36952 4.37004 4.37021 4.37004 4.36956 4.36879 4.36775 4.36644 4.36489 4.3631 4.36108 4.35883 4.35635 4.35364 4.3507 4.34751 4.34406 4.34034 4.33633 4.33202 4.32738 4.32239 4.31703 4.31128 4.30511 4.2985 4.29142 4.28386 4.27579 4.26719 4.25804 4.24833 4.23804 4.22716 4.21569 4.20361 4.19094 4.17765 4.16377 4.1493 4.13426 4.11865 4.1025 4.08585 4.06871 4.05112 4.03313 4.01477 3.99611 3.9772 3.9581 3.93888 3.91963 3.90043 3.88136 3.86254 3.84407 3.82607 3.80865 3.79195 3.7761 3.76121 3.7474 3.73479 3.72344
4.34714 4.34747 4.34745 4.3471 4.34645 4.34552 4.34433 4.3429 4.34127 4.33943 4.33741 4.33522 4.33286 4.33033 4.32765 4.3248 4.32177 4.31857 4.31516 4.31155 4.30771 4.30361 4.29924 4.29457 4.28957 4.28423 4.2785 4.27237 4.26582 4.25881 4.25132 4.24333 4.23482 4.22577 4.21617 4.20601 4.19528 4.18397 4.17208 4.15962 4.14659 4.13299 4.11886 4.10419 4.08903 4.07339 4.05732 4.04084 4.024 4.00685 3.98944 3.97184 3.95411 3.93631 3.91853 3.90085 3.88335 3.86613 3.84929 3.83293 3.81715 3.80208 3.78779 3.77441 3.76201 3.75068 3.74045
4.3264 4.32572 4.32473 4.32346 4.32193 4.32018 4.31824 4.31612 4.31385 4.31145 4.30893 4.30631 4.30359 4.30078 4.29788 4.29488 4.29178 4.28857 4.28522 4.28173 4.27807 4.27421 4.27013 4.26581 4.26121 4.2563 4.25106 4.24545 4.23945 4.23302 4.22615 4.2188 4.21096 4.20261 4.19374 4.18432 4.17436 4.16384 4.15276 4.14114 4.12897 4.11627 4.10306 4.08935 4.07518 4.06057 4.04556 4.03019 4.01451 3.99856 3.98241 3.96611 3.94973 3.93334 3.91701 3.90082 3.88485 3.86919 3.85393 3.83916 3.82497 3.81144 3.79866 3.78671 3.77565 3.76554 3.7564
4.30508 4.30332 4.30131 4.29906 4.29661 4.294 4.29125 4.28839 4.28545 4.28244 4.2794 4.27632 4.27323 4.27011 4.26699 4.26384 4.26067 4.25746 4.25418 4.25083 4.24737 4.24378 4.24003 4.23608 4.2319 4.22747 4.22274 4.21768 4.21227 4.20646 4.20024 4.19357 4.18644 4.17881 4.17068 4.16203 4.15285 4.14314 4.13289 4.12212 4.11082 4.09902 4.08674 4.07398 4.0608 4.04721 4.03326 4.01899 4.00445 3.98969 3.97477 3.95975 3.9447 3.92967 3.91475 3.90002 3.88553 3.87138 3.85764 3.84439 3.83171 3.81967 3.80832 3.79774 3.78797 3.77904 3.77096
4.28314 4.28026 4.27716 4.27388 4.27046 4.26693 4.26332 4.25968 4.25602 4.25238 4.24878 4.24522 4.24173 4.2383 4.23494 4.23165 4.22841 4.2252 4.22201 4.21882 4.21559 4.21229 4.20889 4.20535 4.20163 4.19771 4.19353 4.18906 4.18427 4.17911 4.17357 4.16761 4.1612 4.15432 4.14696 4.13909 4.13071 4.12182 4.11241 4.10249 4.09207 4.08116 4.06979 4.05798 4.04577 4.03318 4.02027 4.00707 3.99364 3.98003 3.96631 3.95252 3.93875 3.92505 3.91149 3.89815 3.88509 3.87238 3.8601 3.84832 3.83708 3.82645 3.81649 3.80722 3.79869 3.79091 3.78388
4.26058 4.25651 4.25228 4.24791 4.24345 4.23895 4.23444 4.22997 4.22555 4.22124 4.21704 4.21297 4.20906 4.20531 4.20171 4.19826 4.19496 4.19177 4.18869 4.18567 4.18269 4.17972 4.1767 4.1736 4.17038 4.167 4.16341 4.15956 4.15543 4.15096 4.14613 4.1409 4.13524 4.12913 4.12255 4.11549 4.10792 4.09985 4.09127 4.0822 4.07264 4.06262 4.05214 4.04125 4.02998 4.01836 4.00645 3.99428 3.98192 3.96941 3.95683 3.94423 3.93168 3.91924 3.90698 3.89497 3.88327 3.87195 3.86107 3.85067 3.84082 3.83156 3.82292 3.81492 3.8076 3.80095 3.79497
4.23739 4.23208 4.22665 4.22114 4.21559 4.21006 4.2046 4.19924 4.19403 4.18899 4.18416 4.17957 4.17521 4.17111 4.16727 4.16367 4.16031 4.15716 4.1542 4.15138 4.14869 4.14606 4.14346 4.14085 4.13816 4.13536 4.13239 4.1292 4.12576 4.12201 4.11792 4.11345 4.10857 4.10325 4.09746 4.0912 4.08445 4.0772 4.06945 4.06122 4.05251 4.04334 4.03373 4.02373 4.01336 4.00267 3.9917 3.98051 3.96916 3.9577 3.94619 3.93471 3.92331 3.91207 3.90104 3.8903 3.87989 3.86988 3.86033 3.85127 3.84274 3.83479 3.82743 3.82068 3.81455 3.80902 3.80408
4.21359 4.20699 4.2003 4.19359 4.1869 4.18029 4.17381 4.16752 4.16145 4.15565 4.15016 4.145 4.14018 4.13572 4.13163 4.12788 4.12447 4.12137 4.11854 4.11596 4.11358 4.11134 4.1092 4.1071 4.10499 4.1028 4.10049 4.098 4.09529 4.09229 4.08897 4.08528 4.08119 4.07668 4.0717 4.06625 4.06032 4.05388 4.04695 4.03954 4.03165 4.0233 4.01453 4.00537 3.99585 3.98603 3.97596 3.96568 3.95527 3.94478 3.93428 3.92384 3.91352 3.9034 3.89353 3.88397 3.87479 3.86603 3.85774 3.84995 3.84271 3.83602 3.82991 3.82438 3.81941 3.81501 3.81113
4.18923 4.18128 4.17328 4.1653 4.15741 4.14965 4.1421 4.13482 4.12785 4.12125 4.11505 4.10929 4.10398 4.09915 4.09479 4.0909 4.08745 4.08441 4.08176 4.07944 4.0774 4.07559 4.07394 4.0724 4.0709 4.06938 4.06777 4.06602 4.06406 4.06185 4.05932 4.05645 4.05317 4.04947 4.04532 4.04068 4.03555 4.02993 4.0238 4.01718 4.01007 4.00252 3.99454 3.98616 3.97744 3.96843 3.95917 3.94974 3.94019 3.93059 3.92102 3.91154 3.90222 3.89313 3.88433 3.87589 3.86786 3.86028 3.85319 3.84663 3.84062 3.83517 3.83028 3.82594 3.82214 3.81886 3.81605
4.16437 4.15502 4.14565 4.13635 4.12719 4.11823 4.10954 4.10121 4.09328 4.08582 4.07888 4.07248 4.06667 4.06144 4.05682 4.05278 4.0493 4.04635 4.04389 4.04186 4.04021 4.03887 4.03776 4.03683 4.03599 4.03517 4.0343 4.03332 4.03216 4.03076 4.02906 4.02701 4.02457 4.0217 4.01837 4.01455 4.01022 4.00539 4.00004 3.99418 3.98783 3.98102 3.97377 3.96613 3.95815 3.94987 3.94135 3.93268 3.9239 3.91511 3.90637 3.89775 3.88934 3.8812 3.87339 3.86599 3.85903 3.85257 3.84663 3.84125 3.83643 3.83218 3.82849 3.82534 3.82271 3.82056 3.81885
4.1391 4.1283 4.11751 4.10683 4.09633 4.0861 4.07622 4.06677 4.05783 4.04946 4.04172 4.03465 4.02829 4.02266 4.01776 4.01358 4.01009 4.00726 4.00502 4.00332 4.0021 4.00127 4.00075 4.00046 4.00033 4.00026 4.00018 4.00001 3.99968 3.99913 3.99828 3.99708 3.99549 3.99346 3.99095 3.98794 3.98441 3.98035 3.97576 3.97063 3.965 3.95888 3.95232 3.94534 3.93801 3.93039 3.92253 3.91452 3.90643 3.89834 3.89033 3.88248 3.87488 3.86759 3.86069 3.85424 3.84829 3.84288 3.83804 3.83379 3.83013 3.82706 3.82456 3.8226 3.82114 3.82014 3.81955
4.11355 4.10124 4.08899 4.07686 4.06497 4.0534 4.04226 4.03163 4.0216 4.01226 4.00367 3.99589 3.98896 3.98291 3.97773 3.97341 3.96993 3.96723 3.96526 3.96394 3.96318 3.96291 3.96302 3.96344 3.96405 3.96478 3.96552 3.96621 3.96675 3.96706 3.96709 3.96677 3.96605 3.96486 3.96319 3.96099 3.95824 3.95494 3.95107 3.94664 3.94168 3.93621 3.93026 3.92389 3.91714 3.91008 3.90279 3.89535 3.88784 3.88034 3.87296 3.86577 3.85888 3.85235 3.84626 3.84068 3.83566 3.83124 3.82745 3.82429 3.82176 3.81986 3.81854 3.81777 3.8175 3.81767 3.81821
4.08786 4.07402 4.06024 4.04662 4.03327 4.0203 4.00782 3.99594 3.98476 3.97438 3.96489 3.95635 3.94882 3.94232 3.93686 3.93242 3.92896 3.92643 3.92476 3.92385 3.92362 3.92395 3.92475 3.92591 3.92733 3.92889 3.9305 3.93207 3.93351 3.93473 3.93566 3.93624 3.93639 3.93606 3.93522 3.93383 3.93185 3.92929 3.92612 3.92236 3.91802 3.91314 3.90775 3.9019 3.89565 3.88908 3.88226 3.87528 3.86823 3.86122 3.85435 3.84771 3.84141 3.83553 3.83016 3.82536 3.8212 3.81771 3.81492 3.81282 3.81141 3.81066 3.81052 3.81095 3.81188 3.81324 3.81496
4.06222 4.04681 4.03147 4.01631 4.00144 3.987 3.97311 3.9599 3.9475 3.93602 3.92556 3.91622 3.90804 3.90107 3.89532 3.89077 3.88736 3.88504 3.88371 3.88327 3.8836 3.8846 3.88613 3.88809 3.89034 3.89278 3.8953 3.89779 3.90015 3.90231 3.90416 3.90565 3.90669 3.90723 3.90723 3.90663 3.90542 3.90358 3.90109 3.89796 3.8942 3.88986 3.88496 3.87956 3.87373 3.86755 3.86109 3.85447 3.84777 3.84113 3.83464 3.82843 3.8226 3.81727 3.81251 3.80841 3.80504 3.80242 3.80058 3.79951 3.7992 3.7996 3.80065 3.8023 3.80445 3.80703 3.80994
4.03685 4.01986 4.00292 3.98617 3.96974 3.95377 3.9384 3.92379 3.91008 3.89742 3.88593 3.87571 3.86686 3.8594 3.85336 3.84871 3.84538 3.84331 3.84237 3.84244 3.8434 3.8451 3.84741 3.8502 3.85333 3.85668 3.86013 3.86357 3.86689 3.86999 3.87279 3.8752 3.87715 3.87857 3.8794 3.87961 3.87916 3.87801 3.87618 3.87365 3.87044 3.86658 3.86212 3.8571 3.85161 3.84571 3.83952 3.83314 3.82668 3.82027 3.81404 3.80813 3.80265 3.79773 3.79349 3.78999 3.78732 3.78552 3.78459 3.78454 3.78532 3.78687 3.78913 3.792 3.7954 3.79922 3.80335
4.01199 3.99341 3.97488 3.95652 3.93849 3.92093 3.90402 3.88793 3.87283 3.8589 3.8463 3.83515 3.82556 3.8176 3.81126 3.80653 3.80332 3.80154 3.80104 3.80168 3.80331 3.80576 3.80888 3.81253 3.81657 3.82085 3.82526 3.82966 3.83395 3.83803 3.84178 3.84513 3.848 3.8503 3.85198 3.85299 3.85328 3.85283 3.85163 3.84968 3.84698 3.84356 3.83948 3.83478 3.82954 3.82385 3.81782 3.81157 3.80522 3.79892 3.79281 3.78705 3.78179 3.77717 3.77331 3.77033 3.76829 3.76724 3.76719 3.76813 3.77 3.77272 3.7762 3.78033 3.785 3.79007 3.79545
3.98791 3.96778 3.94766 3.9277 3.90804 3.88886 3.87035 3.85271 3.83614 3.82086 3.80705 3.7949 3.78453 3.77603 3.7694 3.76461 3.76157 3.76013 3.76012 3.76137 3.7637 3.76693 3.77089 3.77542 3.78037 3.78559 3.79095 3.79633 3.8016 3.80666 3.81138 3.81568 3.81947 3.82267 3.8252 3.82701 3.82805 3.8283 3.82772 3.82631 3.8241 3.82109 3.81734 3.8129 3.80785 3.80229 3.79633 3.79009 3.78373 3.7774 3.77127 3.76553 3.76034 3.75587 3.75228 3.74969 3.7482 3.74786 3.74866 3.75059 3.75355 3.75746 3.76219 3.7676 3.77355 3.7799 3.78652
3.9649 3.94328 3.92163 3.90009 3.87883 3.85802 3.83788 3.81863 3.80051 3.78377 3.76867 3.75543 3.74422 3.73514 3.72824 3.72343 3.7206 3.71955 3.72008 3.72198 3.72503 3.72904 3.73383 3.73922 3.74507 3.75122 3.75753 3.76388 3.77013 3.77616 3.78186 3.78712 3.79184 3.79594 3.79933 3.80195 3.80375 3.80468 3.80472 3.80386 3.80211 3.79948 3.79603 3.79181 3.7869 3.78139 3.77541 3.7691 3.76261 3.75613 3.74984 3.74396 3.73868 3.73422 3.73076 3.72846 3.72743 3.72774 3.72937 3.73228 3.73637 3.74149 3.74748 3.75419 3.76144 3.76907 3.77692
3.94327 3.92027 3.89717 3.87413 3.85131 3.82891 3.80715 3.78626 3.76653 3.74826 3.73176 3.71732 3.70518 3.69552 3.68834 3.68357 3.68101 3.68041 3.68151 3.68405 3.6878 3.69256 3.69813 3.70435 3.71105 3.71808 3.72531 3.7326 3.73981 3.74681 3.75348 3.75971 3.76538 3.77039 3.77465 3.7781 3.78065 3.78228 3.78295 3.78263 3.78134 3.77909 3.77592 3.77189 3.76708 3.76158 3.75553 3.74906 3.74235 3.73559 3.72901 3.72283 3.71731 3.71269 3.70921 3.70707 3.70642 3.70732 3.70977 3.71368 3.71891 3.72528 3.73257 3.74059 3.74913 3.75801 3.76706
3.92331 3.89906 3.87466 3.85026 3.82601 3.80211 3.77879 3.7563 3.73495 3.71507 3.69706 3.6813 3.66815 3.65785 3.65045 3.64578 3.64356 3.64344 3.64509 3.64823 3.65261 3.65802 3.66428 3.67122 3.67868 3.68653 3.69462 3.70281 3.71095 3.71892 3.72656 3.73375 3.74037 3.7463 3.75145 3.75574 3.75907 3.76141 3.76272 3.76296 3.76214 3.76027 3.75739 3.75355 3.74882 3.74332 3.73715 3.73048 3.72348 3.71636 3.70936 3.70275 3.69681 3.69186 3.68819 3.68607 3.68569 3.68715 3.69042 3.69537 3.70178 3.70942 3.71802 3.72734 3.73713 3.74721 3.75738
3.90527 3.87997 3.85447 3.82889 3.80341 3.7782 3.75348 3.72952 3.70661 3.68514 3.66554 3.64832 3.63403 3.62306 3.61549 3.61103 3.60919 3.60952 3.61164 3.61524 3.62008 3.62597 3.63275 3.64026 3.64836 3.65692 3.66579 3.67483 3.68387 3.69277 3.70137 3.70953 3.71711 3.72398 3.73004 3.73517 3.73931 3.74239 3.74435 3.74517 3.74485 3.74339 3.74081 3.73718 3.73257 3.72707 3.7208 3.71392 3.70661 3.69909 3.69159 3.68443 3.67793 3.67247 3.66841 3.66615 3.66594 3.66792 3.67203 3.67806 3.6857 3.69463 3.70452 3.71507 3.72604 3.7372 3.74837
3.88936 3.86325 3.8369 3.81042 3.78397 3.75772 3.73188 3.70671 3.68249 3.65958 3.63845 3.61968 3.60404 3.59234 3.58475 3.58059 3.57909 3.5797 3.58203 3.58581 3.59083 3.59693 3.60399 3.61187 3.62044 3.62959 3.63914 3.64895 3.65885 3.66867 3.67822 3.68735 3.6959 3.70373 3.7107 3.71671 3.72167 3.7255 3.72815 3.72959 3.7298 3.72878 3.72657 3.7232 3.71875 3.71331 3.707 3.69996 3.69238 3.68447 3.67649 3.66873 3.66157 3.65543 3.65079 3.64816 3.64799 3.65047 3.65549 3.66267 3.67157 3.68176 3.69284 3.7045 3.71647 3.72853 3.74051
3.87571 3.84907 3.82215 3.79508 3.76801 3.74109 3.71453 3.68856 3.66346 3.63957 3.61732 3.59724 3.58013 3.56759 3.56017 3.55612 3.55455 3.55497 3.55705 3.56057 3.56538 3.57135 3.57839 3.58639 3.59524 3.60482 3.61497 3.62549 3.63621 3.64692 3.65743 3.66753 3.67705 3.68584 3.69374 3.70065 3.70644 3.71106 3.71443 3.71651 3.7173 3.71678 3.71498 3.71195 3.70775 3.70247 3.69622 3.68915 3.68142 3.67325 3.66488 3.65661 3.6488 3.64191 3.6365 3.63327 3.63296 3.63597 3.642 3.65039 3.66048 3.67176 3.68381 3.69633 3.70904 3.72174 3.73426
3.86435 3.83746 3.81031 3.78299 3.75567 3.72849 3.70167 3.67542 3.65003 3.62585 3.60329 3.58292 3.56557 3.5525 3.54405 3.539 3.53649 3.536 3.53723 3.53997 3.54411 3.54955 3.55624 3.5641 3.57303 3.58291 3.59355 3.60474 3.61625 3.62785 3.6393 3.65037 3.66087 3.67062 3.67946 3.68726 3.6939 3.69931 3.70343 3.7062 3.7076 3.70765 3.70635 3.70375 3.69991 3.69491 3.68888 3.68194 3.67426 3.66605 3.65753 3.649 3.6408 3.63336 3.62722 3.62316 3.62242 3.62609 3.63324 3.64266 3.65362 3.6656 3.67823 3.69121 3.7043 3.71728 3.73
3.85521 3.82837 3.80129 3.77408 3.74688 3.71986 3.69322 3.66719 3.64207 3.6182 3.59603 3.5761 3.55909 3.54557 3.53568 3.52896 3.52484 3.52285 3.52269 3.52417 3.5272 3.53173 3.53775 3.54521 3.55405 3.56411 3.57518 3.58701 3.59931 3.61179 3.62417 3.63621 3.64768 3.65837 3.66813 3.67681 3.6843 3.69051 3.69538 3.69886 3.70093 3.70159 3.70086 3.69878 3.69543 3.69087 3.68523 3.67864 3.67127 3.66331 3.655 3.64663 3.63853 3.63112 3.62492 3.62069 3.61972 3.62375 3.63124 3.64088 3.65196 3.66401 3.67665 3.68959 3.70259 3.71545 3.72801
3.84812 3.82161 3.79489 3.7681 3.74136 3.71485 3.68876 3.66334 3.63887 3.61568 3.59417 3.57478 3.55794 3.54397 3.53294 3.52466 3.51881 3.51507 3.51322 3.51311 3.5147 3.518 3.52307 3.52993 3.53853 3.54871 3.5602 3.57267 3.58576 3.59912 3.61242 3.62539 3.63778 3.64938 3.66001 3.66954 3.67784 3.68483 3.69045 3.69464 3.6974 3.69873 3.69864 3.69718 3.69442 3.69045 3.68538 3.67935 3.67254 3.66515 3.65742 3.64966 3.64221 3.63552 3.63017 3.62692 3.6267 3.63007 3.6366 3.6454 3.65577 3.66718 3.67923 3.69161 3.70405 3.71637 3.72839
3.84283 3.81689 3.7908 3.76469 3.73869 3.71297 3.68772 3.66317 3.63957 3.61721 3.59643 3.57754 3.56083 3.54649 3.53458 3.525 3.51759 3.51216 3.50857 3.50673 3.50668 3.50852 3.5124 3.51848 3.52676 3.53707 3.54903 3.56218 3.57606 3.59027 3.60444 3.61826 3.63149 3.6439 3.65533 3.66563 3.67468 3.68241 3.68874 3.69364 3.69709 3.69911 3.6997 3.69893 3.69687 3.6936 3.68926 3.68398 3.67794 3.67137 3.66451 3.65767 3.65122 3.64561 3.64136 3.63905 3.63923 3.64215 3.64764 3.65524 3.66442 3.6747 3.68569 3.69706 3.70855 3.71995 3.73109
