data/70052_lisa.smith_annual_Lat_elev_map/70052_lisa.smith_annual_Lat_elev_map/stdkrig.asc
ncols 412
nrows 280
xllcorner -103.69999694824219
yllcorner 24.166666676
cellsize 0.0833333333
NODATA_value -9999
[rows 240 to 269 of 280, columns 268 to 334 of 412]
4.1083 4.0904 4.07454 4.06094 4.0498 4.0413 4.0356 4.03282 4.03306 4.03636 4.04271 4.05208 4.06439 4.07952 4.09731 4.1176 4.14019 4.16488 4.19146 4.21972 4.24944 4.28044 4.31251 4.34547 4.37914 4.41338 4.44803 4.48296 4.51804 4.55317 4.58823 4.62315 4.65784 4.69223 4.72626 4.75987 4.79302 4.82565 4.85775 4.88927 4.9202 4.95051 4.98018 5.0092 5.03757 5.06528 5.09232 5.11868 5.14438 5.16941 5.19378 5.2175 5.24056 5.26298 5.28476 5.30592 5.32647 5.34641 5.36575 5.38452 5.40272 5.42037 5.43747 5.45403 5.47009 5.48563 5.50068
4.12041 4.10294 4.08749 4.07427 4.06347 4.05524 4.04973 4.04706 4.04729 4.05047 4.0566 4.06565 4.07754 4.09217 4.10939 4.12906 4.151 4.17502 4.20092 4.2285 4.25757 4.28793 4.3194 4.35179 4.38495 4.4187 4.4529 4.48742 4.52213 4.55692 4.59169 4.62635 4.6608 4.69499 4.72884 4.76229 4.7953 4.82782 4.85982 4.89126 4.92212 4.95238 4.98201 5.011 5.03934 5.06703 5.09405 5.12042 5.14612 5.17115 5.19553 5.21925 5.24232 5.26475 5.28655 5.30773 5.32829 5.34824 5.36761 5.38639 5.40461 5.42227 5.43938 5.45597 5.47203 5.48759 5.50266
4.13083 4.11366 4.09852 4.08558 4.07502 4.06699 4.06161 4.059 4.05922 4.0623 4.06826 4.07704 4.0886 4.10283 4.1196 4.13878 4.1602 4.18367 4.20903 4.23607 4.26461 4.29446 4.32544 4.35737 4.3901 4.42345 4.45728 4.49147 4.52587 4.56039 4.59492 4.62935 4.66361 4.69763 4.73133 4.76466 4.79756 4.82998 4.8619 4.89328 4.92408 4.95429 4.98388 5.01285 5.04117 5.06884 5.09586 5.12222 5.14792 5.17295 5.19734 5.22106 5.24415 5.26659 5.2884 5.30959 5.33016 5.35013 5.36951 5.38831 5.40653 5.42421 5.44133 5.45793 5.474 5.48957 5.50464
4.1394 4.12243 4.10747 4.09472 4.08431 4.0764 4.07111 4.06853 4.06873 4.07173 4.07754 4.08613 4.09744 4.11137 4.12781 4.14662 4.16764 4.19072 4.21566 4.24229 4.27043 4.2999 4.33051 4.36209 4.39448 4.42753 4.46109 4.49502 4.52919 4.5635 4.59784 4.63211 4.66622 4.70011 4.7337 4.76693 4.79975 4.8321 4.86396 4.89529 4.92605 4.95623 4.9858 5.01474 5.04305 5.07072 5.09773 5.12408 5.14978 5.17482 5.19921 5.22295 5.24604 5.26849 5.29031 5.3115 5.33209 5.35207 5.37145 5.39026 5.4085 5.42618 5.44331 5.45991 5.47599 5.49157 5.50665
4.14603 4.12913 4.11426 4.10159 4.09125 4.0834 4.07814 4.07556 4.07572 4.07866 4.08437 4.09282 4.10396 4.11769 4.1339 4.15246 4.17323 4.19603 4.2207 4.24707 4.27494 4.30414 4.33451 4.36586 4.39803 4.43087 4.46424 4.498 4.53203 4.5662 4.60041 4.63457 4.6686 4.7024 4.73592 4.76908 4.80185 4.83417 4.86599 4.89729 4.92803 4.95818 4.98774 5.01668 5.04498 5.07264 5.09965 5.12601 5.15171 5.17676 5.20115 5.22489 5.24799 5.27045 5.29227 5.31348 5.33407 5.35406 5.37345 5.39226 5.41051 5.42819 5.44533 5.46194 5.47802 5.49359 5.50867
4.15064 4.13371 4.11882 4.10612 4.09577 4.0879 4.08262 4.08002 4.08015 4.08303 4.08868 4.09705 4.10809 4.12172 4.13781 4.15625 4.17688 4.19955 4.22409 4.25031 4.27805 4.30713 4.33737 4.36861 4.40068 4.43342 4.46671 4.50039 4.53434 4.56845 4.60261 4.63672 4.6707 4.70447 4.73796 4.77111 4.80385 4.83615 4.86797 4.89926 4.92999 4.96015 4.98971 5.01864 5.04695 5.07462 5.10163 5.128 5.15371 5.17876 5.20316 5.22691 5.25001 5.27247 5.29431 5.31552 5.33611 5.35611 5.3755 5.39432 5.41256 5.43025 5.44739 5.464 5.48008 5.49565 5.51073
4.15321 4.13613 4.1211 4.10828 4.09784 4.08988 4.08454 4.08188 4.08196 4.08481 4.09043 4.09878 4.10981 4.12342 4.13951 4.15794 4.17857 4.20124 4.22578 4.252 4.27975 4.30883 4.33908 4.37032 4.4024 4.43516 4.46845 4.50214 4.53611 4.57023 4.6044 4.63853 4.67253 4.70632 4.73982 4.77298 4.80575 4.83806 4.86989 4.9012 4.93195 4.96212 4.99169 5.02065 5.04897 5.07664 5.10367 5.13005 5.15577 5.18083 5.20524 5.22899 5.2521 5.27457 5.29641 5.31762 5.33822 5.35822 5.37762 5.39643 5.41468 5.43236 5.4495 5.4661 5.48218 5.49775 5.51282
4.15373 4.13637 4.1211 4.10807 4.09744 4.08934 4.08387 4.08113 4.08116 4.08399 4.08962 4.09801 4.1091 4.1228 4.13899 4.15754 4.17829 4.20109 4.22577 4.25213 4.28002 4.30924 4.33962 4.37099 4.40319 4.43607 4.46947 4.50327 4.53733 4.57155 4.60581 4.64001 4.67408 4.70794 4.7415 4.77472 4.80754 4.8399 4.87177 4.90312 4.93391 4.96411 4.99371 5.02269 5.05103 5.07873 5.10578 5.13217 5.1579 5.18297 5.20739 5.23115 5.25427 5.27674 5.29859 5.3198 5.3404 5.36039 5.37979 5.3986 5.41684 5.43452 5.45166 5.46825 5.48432 5.49988 5.51494
4.15222 4.13448 4.11885 4.10551 4.09461 4.08629 4.08065 4.0778 4.07777 4.0806 4.08628 4.09477 4.106 4.11987 4.13627 4.15506 4.17607 4.19914 4.22409 4.25073 4.27889 4.30838 4.33902 4.37064 4.40308 4.43618 4.4698 4.50379 4.53804 4.57242 4.60683 4.64118 4.67538 4.70935 4.74302 4.77633 4.80924 4.84168 4.87362 4.90503 4.93587 4.96612 4.99576 5.02478 5.05315 5.08088 5.10795 5.13436 5.16011 5.1852 5.20962 5.2334 5.25652 5.279 5.30084 5.32206 5.34265 5.36264 5.38204 5.40084 5.41908 5.43675 5.45387 5.47045 5.48651 5.50206 5.51711
4.14876 4.1305 4.11441 4.10065 4.08939 4.08078 4.07493 4.07194 4.07185 4.07469 4.08046 4.0891 4.10055 4.11471 4.13143 4.15057 4.17197 4.19544 4.2208 4.24786 4.27643 4.30632 4.33735 4.36934 4.40213 4.43555 4.46947 4.50375 4.53826 4.57288 4.60751 4.64206 4.67644 4.71058 4.7444 4.77784 4.81086 4.84341 4.87545 4.90694 4.93785 4.96817 4.99786 5.02693 5.05534 5.08311 5.11021 5.13664 5.16241 5.18751 5.21195 5.23573 5.25886 5.28134 5.30318 5.3244 5.34499 5.36497 5.38436 5.40316 5.42138 5.43904 5.45615 5.47272 5.48876 5.50429 5.51933
4.14344 4.12455 4.10787 4.09359 4.08189 4.07291 4.06679 4.06362 4.06346 4.06634 4.07223 4.0811 4.09286 4.10739 4.12455 4.14417 4.16609 4.1901 4.21601 4.24362 4.27273 4.30315 4.33468 4.36716 4.4004 4.43425 4.46857 4.50322 4.53806 4.57299 4.60791 4.64271 4.67732 4.71167 4.74567 4.77929 4.81245 4.84513 4.87728 4.90888 4.93988 4.97027 5.00004 5.02916 5.05762 5.08542 5.11256 5.13902 5.16481 5.18993 5.21438 5.23817 5.2613 5.28378 5.30562 5.32683 5.34742 5.36739 5.38676 5.40555 5.42376 5.4414 5.45849 5.47504 5.49107 5.50658 5.52159
4.13639 4.11674 4.09936 4.08445 4.07221 4.06279 4.05634 4.05297 4.05273 4.05565 4.06172 4.07088 4.08303 4.09804 4.11576 4.136 4.15856 4.18325 4.20985 4.23814 4.26792 4.29898 4.33114 4.36421 4.39801 4.43238 4.46718 4.50227 4.53752 4.57283 4.60808 4.64319 4.67808 4.71267 4.74689 4.7807 4.81405 4.84688 4.87917 4.91087 4.94198 4.97246 5.0023 5.03149 5.06 5.08785 5.11502 5.14151 5.16732 5.19246 5.21692 5.24072 5.26385 5.28633 5.30816 5.32936 5.34994 5.3699 5.38926 5.40803 5.42621 5.44384 5.46091 5.47744 5.49344 5.50893 5.52392
4.1278 4.10726 4.08906 4.0734 4.06051 4.05057 4.04373 4.04012 4.0398 4.04279 4.04908 4.0586 4.07124 4.08684 4.10523 4.12621 4.14957 4.17506 4.20248 4.23158 4.26216 4.29399 4.32688 4.36064 4.39508 4.43006 4.46542 4.50102 4.53674 4.57247 4.60811 4.64357 4.67877 4.71364 4.74812 4.78215 4.81569 4.84869 4.88113 4.91297 4.94419 4.97476 5.00469 5.03394 5.06252 5.09041 5.11762 5.14414 5.16997 5.19512 5.21959 5.24339 5.26652 5.28899 5.31082 5.33201 5.35257 5.37251 5.39185 5.4106 5.42876 5.44636 5.46341 5.47991 5.49588 5.51134 5.5263
4.11787 4.09632 4.07716 4.06064 4.047 4.03645 4.02916 4.02526 4.02485 4.02793 4.0345 4.04445 4.05768 4.07399 4.09318 4.11504 4.13932 4.16576 4.19412 4.22416 4.25565 4.28835 4.32207 4.35661 4.39179 4.42744 4.46342 4.49959 4.53583 4.57204 4.6081 4.64395 4.67949 4.71466 4.74941 4.78368 4.81743 4.85062 4.88322 4.9152 4.94653 4.97721 5.00722 5.03654 5.06518 5.09312 5.12036 5.14691 5.17276 5.19792 5.2224 5.2462 5.26933 5.29179 5.3136 5.33477 5.35531 5.37523 5.39455 5.41327 5.43141 5.44897 5.46599 5.48246 5.4984 5.51383 5.52875
4.10687 4.08417 4.06393 4.04642 4.03192 4.02066 4.01284 4.00863 4.00811 4.01131 4.0182 4.02868 4.0426 4.05974 4.07987 4.10274 4.12807 4.15559 4.18503 4.21612 4.24862 4.28229 4.31693 4.35232 4.38829 4.42468 4.46134 4.49813 4.53493 4.57164 4.60816 4.64441 4.68032 4.71581 4.75085 4.78537 4.81934 4.85272 4.88548 4.9176 4.94906 4.97985 5.00994 5.03933 5.06802 5.09601 5.12328 5.14985 5.17572 5.20089 5.22537 5.24916 5.27228 5.29473 5.31652 5.33767 5.35818 5.37808 5.39736 5.41605 5.43415 5.45169 5.46866 5.4851 5.501 5.51639 5.53128
4.09511 4.07114 4.04968 4.03106 4.01557 4.00349 3.99507 3.99049 3.98986 3.9932 4.00049 4.01158 4.0263 4.0444 4.06561 4.08963 4.11615 4.14487 4.17549 4.20774 4.24134 4.27606 4.31168 4.34799 4.38481 4.42198 4.45935 4.49678 4.53417 4.57141 4.6084 4.64507 4.68135 4.71718 4.75251 4.78729 4.82148 4.85505 4.88798 4.92024 4.95182 4.9827 5.01288 5.04234 5.07108 5.0991 5.12641 5.15299 5.17887 5.20404 5.22851 5.25229 5.27539 5.29782 5.31959 5.3407 5.36119 5.38105 5.40029 5.41894 5.43701 5.4545 5.47144 5.48783 5.50369 5.51904 5.53388
4.08298 4.0576 4.0348 4.01491 3.99831 3.9853 3.97619 3.97119 3.97043 3.97395 3.98169 3.99351 4.00916 4.02836 4.05078 4.07608 4.10392 4.13395 4.16586 4.19934 4.23412 4.26995 4.3066 4.34386 4.38156 4.41954 4.45763 4.49573 4.53371 4.57148 4.60895 4.64605 4.6827 4.71886 4.75448 4.78951 4.82392 4.85768 4.89076 4.92316 4.95485 4.98582 5.01607 5.04559 5.07437 5.10243 5.12975 5.15635 5.18222 5.20739 5.23184 5.2556 5.27868 5.30108 5.32281 5.34389 5.36434 5.38415 5.40336 5.42196 5.43998 5.45743 5.47432 5.49066 5.50647 5.52177 5.53656
4.07089 4.044 4.01971 3.99844 3.98057 3.96652 3.95661 3.95112 3.95022 3.95395 3.96224 3.97489 3.99161 4.01205 4.03583 4.06254 4.0918 4.12324 4.1565 4.19128 4.22729 4.26426 4.30196 4.3402 4.37879 4.41757 4.45639 4.49515 4.53372 4.57201 4.60995 4.64746 4.68448 4.72095 4.75684 4.79211 4.82672 4.86066 4.89389 4.92641 4.9582 4.98925 5.01956 5.04912 5.07794 5.10601 5.13334 5.15994 5.18581 5.21095 5.23538 5.25912 5.28215 5.30451 5.32621 5.34725 5.36764 5.38741 5.40656 5.42511 5.44308 5.46047 5.4773 5.49359 5.50935 5.52459 5.53933
4.05934 4.03084 4.00496 3.98216 3.96289 3.94764 3.93681 3.93077 3.92971 3.93369 3.94262 3.95624 3.97417 3.996 4.02127 4.04951 4.08028 4.11319 4.14786 4.18397 4.22121 4.25932 4.29808 4.33728 4.37674 4.4163 4.45583 4.49522 4.53435 4.57315 4.61153 4.64942 4.68678 4.72355 4.75969 4.79518 4.82997 4.86406 4.89742 4.93004 4.96191 4.99303 5.02338 5.05298 5.08181 5.10989 5.13721 5.16379 5.18964 5.21475 5.23915 5.26284 5.28584 5.30815 5.32979 5.35077 5.37111 5.39082 5.40991 5.4284 5.44631 5.46364 5.48041 5.49664 5.51233 5.52751 5.54219
4.0489 4.01873 3.99117 3.9667 3.94589 3.92928 3.91741 3.91071 3.90947 3.91377 3.92345 3.93818 3.95749 3.98085 4.00772 4.03756 4.06991 4.10432 4.1404 4.17782 4.21627 4.2555 4.29527 4.33538 4.37566 4.41597 4.45616 4.49613 4.53579 4.57504 4.61382 4.65206 4.68972 4.72675 4.76312 4.79879 4.83374 4.86795 4.90142 4.93411 4.96604 4.9972 5.02758 5.05718 5.08601 5.11408 5.14138 5.16793 5.19374 5.21881 5.24316 5.2668 5.28973 5.31199 5.33356 5.35448 5.37475 5.39439 5.41342 5.43184 5.44968 5.46694 5.48364 5.4998 5.51543 5.53054 5.54515
4.04018 4.00834 3.97903 3.95282 3.93032 3.9122 3.89912 3.89165 3.8902 3.89487 3.90545 3.92147 3.94232 3.96733 3.99588 4.02737 4.06128 4.09716 4.13461 4.17328 4.21288 4.25314 4.29384 4.33479 4.37582 4.41679 4.45758 4.49807 4.53818 4.57783 4.61695 4.6555 4.69341 4.73065 4.7672 4.80302 4.83809 4.87239 4.90592 4.93867 4.97063 5.0018 5.03218 5.06177 5.09058 5.11862 5.14588 5.17238 5.19813 5.22314 5.24743 5.271 5.29386 5.31604 5.33754 5.35838 5.37858 5.39814 5.41709 5.43543 5.45319 5.47037 5.487 5.50308 5.51863 5.53367 5.5482
4.03386 4.0004 3.96939 3.9414 3.91711 3.89731 3.88282 3.87444 3.87275 3.87789 3.88954 3.90703 3.92956 3.9563 3.98654 4.01963 4.05504 4.09229 4.13099 4.1708 4.21141 4.25259 4.2941 4.33578 4.37745 4.41899 4.46027 4.5012 4.54169 4.58166 4.62106 4.65984 4.69794 4.73535 4.77202 4.80794 4.84308 4.87744 4.911 4.94377 4.97572 5.00688 5.03723 5.06678 5.09554 5.12352 5.15072 5.17715 5.20283 5.22777 5.25197 5.27546 5.29824 5.32033 5.34174 5.36249 5.3826 5.40207 5.42093 5.43918 5.45685 5.47395 5.49049 5.50648 5.52195 5.53691 5.55136
4.0306 3.99571 3.96311 3.93342 3.90735 3.88576 3.86966 3.86016 3.85815 3.8639 3.87685 3.896 3.92027 3.94871 3.98054 4.0151 4.05183 4.09027 4.13004 4.17079 4.21225 4.25417 4.29635 4.33861 4.38079 4.42277 4.46443 4.50569 4.54645 4.58666 4.62625 4.66518 4.70341 4.74091 4.77765 4.81362 4.84878 4.88315 4.9167 4.94944 4.98136 5.01246 5.04275 5.07224 5.10092 5.12882 5.15593 5.18228 5.20786 5.2327 5.2568 5.28019 5.30286 5.32485 5.34616 5.36681 5.38682 5.40619 5.42494 5.4431 5.46067 5.47767 5.49411 5.51002 5.52539 5.54026 5.55463
4.03108 3.99503 3.96114 3.92999 3.90231 3.87897 3.86111 3.85021 3.84778 3.85435 3.86886 3.88973 3.91566 3.9456 3.97876 4.01449 4.05226 4.09162 4.13219 4.17365 4.21573 4.25819 4.30084 4.3435 4.38603 4.4283 4.47021 4.51167 4.5526 4.59294 4.63263 4.67163 4.7099 4.74742 4.78417 4.82011 4.85525 4.88956 4.92306 4.95572 4.98756 5.01858 5.04878 5.07816 5.10675 5.13453 5.16153 5.18776 5.21323 5.23795 5.26193 5.2852 5.30776 5.32963 5.35082 5.37135 5.39124 5.4105 5.42914 5.44719 5.46465 5.48154 5.49788 5.51368 5.52896 5.54373 5.558
4.03585 3.99906 3.96431 3.93218 3.90334 3.87864 3.85919 3.84663 3.84356 3.85133 3.86748 3.88982 3.91696 3.94793 3.98197 4.01845 4.05687 4.09678 4.13783 4.1797 4.22212 4.26488 4.30778 4.35064 4.39333 4.43573 4.47774 4.51926 4.56023 4.60058 4.64027 4.67924 4.71748 4.75494 4.79161 4.82747 4.86251 4.89673 4.93011 4.96266 4.99438 5.02527 5.05533 5.08458 5.11303 5.14067 5.16754 5.19362 5.21895 5.24353 5.26738 5.2905 5.31293 5.33466 5.35572 5.37612 5.39588 5.41501 5.43353 5.45145 5.4688 5.48557 5.5018 5.51749 5.53266 5.54732 5.56149
4.04532 4.00828 3.97327 3.94081 3.91159 3.88643 3.86637 3.85294 3.84923 3.85797 3.87482 3.89765 3.92518 3.95646 3.99074 4.02743 4.06601 4.10606 4.14721 4.18915 4.23163 4.27441 4.31731 4.36016 4.40282 4.44517 4.48711 4.52855 4.56943 4.60967 4.64924 4.68809 4.72619 4.76351 4.80003 4.83574 4.87062 4.90468 4.93789 4.97027 5.00182 5.03254 5.06244 5.09151 5.11979 5.14726 5.17396 5.19988 5.22504 5.24946 5.27314 5.29611 5.31838 5.33996 5.36087 5.38112 5.40074 5.41973 5.43811 5.4559 5.47311 5.48976 5.50586 5.52143 5.53648 5.55103 5.56509
4.05967 4.02293 3.98826 3.95622 3.92751 3.90299 3.88382 3.87164 3.86873 3.87609 3.8918 3.91381 3.94071 3.97147 4.00532 4.04163 4.07987 4.11961 4.16047 4.20214 4.24436 4.28689 4.32954 4.37215 4.41457 4.45669 4.49839 4.5396 4.58024 4.62026 4.65959 4.69821 4.73608 4.77317 4.80946 4.84494 4.8796 4.91343 4.94642 4.97859 5.00992 5.04042 5.0701 5.09897 5.12704 5.15431 5.18081 5.20653 5.2315 5.25573 5.27923 5.30202 5.32411 5.34552 5.36627 5.38636 5.40581 5.42465 5.44288 5.46053 5.47759 5.49411 5.51007 5.52551 5.54044 5.55486 5.56881
4.07884 4.0429 4.00914 3.97815 3.95066 3.92757 3.91002 3.89938 3.89698 3.90323 3.91727 3.93769 3.9632 3.99277 4.02558 4.06098 4.09841 4.13741 4.17761 4.21867 4.26032 4.30233 4.34449 4.38663 4.42861 4.47031 4.51161 4.55243 4.5927 4.63236 4.67135 4.70963 4.74717 4.78394 4.81992 4.8551 4.88946 4.923 4.95572 4.98761 5.01867 5.04891 5.07834 5.10696 5.13479 5.16183 5.18809 5.21359 5.23834 5.26236 5.28566 5.30824 5.33014 5.35136 5.37192 5.39183 5.41112 5.42978 5.44785 5.46534 5.48225 5.49861 5.51444 5.52974 5.54453 5.55882 5.57264
4.10259 4.06785 4.03543 4.00592 3.98005 3.95869 3.9428 3.93343 3.93136 3.93682 3.94935 3.96801 3.99179 4.01975 4.0511 4.08516 4.12139 4.1593 4.1985 4.23865 4.27945 4.32068 4.36211 4.40358 4.44492 4.48601 4.52675 4.56704 4.6068 4.64597 4.6845 4.72234 4.75946 4.79582 4.83142 4.86622 4.90022 4.93341 4.96578 4.99734 5.02809 5.05802 5.08716 5.11549 5.14304 5.16981 5.19581 5.22106 5.24557 5.26935 5.29241 5.31478 5.33646 5.35747 5.37783 5.39755 5.41664 5.43513 5.45302 5.47033 5.48708 5.50329 5.51895 5.5341 5.54875 5.56291 5.57659
4.13049 4.09724 4.06642 4.03862 4.01453 3.99489 3.98052 3.97217 3.97035 3.97521 3.98645 4.00345 4.02543 4.0516 4.08124 4.1137 4.14844 4.18497 4.2229 4.26187 4.3016 4.34181 4.38231 4.4229 4.46343 4.50376 4.54378 4.58339 4.62252 4.66109 4.69904 4.73634 4.77294 4.80881 4.84393 4.87829 4.91186 4.94463 4.97661 5.00779 5.03817 5.06776 5.09655 5.12456 5.15179 5.17826 5.20397 5.22894 5.25318 5.2767 5.29951 5.32163 5.34308 5.36386 5.384 5.40351 5.4224 5.44068 5.45839 5.47552 5.49209 5.50812 5.52362 5.53862 5.55311 5.56712 5.58065
