data/70052_lisa.smith_annual_Lat_elev_map/70052_lisa.smith_annual_Lat_elev_map/stdkrig.asc
ncols 412
nrows 280
xllcorner -103.69999694824219
yllcorner 24.166666676
cellsize 0.0833333333
NODATA_value -9999
[rows 90 to 119 of 280, columns 0 to 66 of 412]
4.70748 4.67826 4.64867 4.61872 4.58844 4.55785 4.52699 4.49589 4.46458 4.43312 4.40155 4.36992 4.33829 4.30673 4.27532 4.24413 4.21325 4.18277 4.15281 4.12346 4.09485 4.06709 4.04032 4.01467 3.99028 3.96728 3.9458 3.92598 3.90794 3.89178 3.87761 3.8655 3.8555 3.84764 3.84194 3.83835 3.83684 3.83732 3.83968 3.84379 3.8495 3.85665 3.86506 3.87455 3.88492 3.89599 3.90757 3.91949 3.93156 3.94364 3.95555 3.96718 3.97838 3.98904 3.99906 4.00835 4.01683 4.02442 4.03109 4.03677 4.04144 4.04507 4.04766 4.04921 4.04972 4.04921 4.04772
4.70639 4.67707 4.64738 4.61733 4.58696 4.55628 4.52532 4.49413 4.46274 4.43119 4.39954 4.36784 4.33614 4.30453 4.27307 4.24184 4.21094 4.18045 4.15049 4.12116 4.09258 4.06488 4.03819 4.01264 3.98836 3.9655 3.94418 3.92453 3.90668 3.89072 3.87676 3.86485 3.85505 3.84739 3.84185 3.83842 3.83702 3.83757 3.83996 3.84407 3.84973 3.85678 3.86505 3.87434 3.88448 3.89528 3.90655 3.91811 3.9298 3.94146 3.95293 3.96408 3.97477 3.9849 3.99436 4.00306 4.01092 4.01787 4.02386 4.02885 4.03279 4.03567 4.03748 4.0382 4.03787 4.03648 4.03409
4.70496 4.67553 4.64573 4.61557 4.58508 4.55428 4.52321 4.4919 4.46039 4.42873 4.39696 4.36515 4.33334 4.30162 4.27005 4.23872 4.20772 4.17714 4.14709 4.11769 4.08904 4.06129 4.03456 4.00898 3.98469 3.96184 3.94055 3.92096 3.90318 3.88732 3.87347 3.8617 3.85206 3.84455 3.83919 3.83592 3.83468 3.83538 3.8379 3.8421 3.84783 3.85492 3.86318 3.87242 3.88247 3.89314 3.90423 3.91557 3.927 3.93836 3.94949 3.96026 3.97054 3.98022 3.98919 3.99738 4.00469 4.01106 4.01644 4.02078 4.02405 4.02622 4.02729 4.02724 4.0261 4.02387 4.0206
4.70321 4.67366 4.64373 4.61343 4.58281 4.55187 4.52066 4.48921 4.45755 4.42574 4.39382 4.36185 4.32989 4.298 4.26627 4.23477 4.2036 4.17285 4.14263 4.11305 4.08424 4.05632 4.02942 4.0037 3.97927 3.9563 3.93492 3.91525 3.89743 3.88157 3.86775 3.85604 3.8465 3.83914 3.83395 3.83087 3.82984 3.83076 3.83351 3.83792 3.84384 3.85109 3.85948 3.86882 3.87892 3.88958 3.90063 3.91188 3.92317 3.93434 3.94524 3.95573 3.96569 3.97501 3.98359 3.99133 3.99817 4.00403 4.00886 4.01262 4.01527 4.01679 4.01717 4.01641 4.0145 4.01149 4.00739
4.70115 4.67146 4.64138 4.61094 4.58016 4.54906 4.51769 4.48607 4.45424 4.42225 4.39014 4.35798 4.32581 4.29371 4.26176 4.23003 4.19862 4.16762 4.13714 4.1073 4.07821 4.05002 4.02285 3.99685 3.97216 3.94894 3.92733 3.90747 3.88949 3.87352 3.85964 3.84794 3.83845 3.83121 3.82619 3.82334 3.82258 3.8238 3.82686 3.83159 3.83783 3.84537 3.85403 3.8636 3.87388 3.88468 3.89582 3.9071 3.91837 3.92946 3.94023 3.95055 3.96028 3.96932 3.97758 3.98497 3.9914 3.99682 4.00117 4.00442 4.00652 4.00745 4.00721 4.00579 4.00319 3.99945 3.99458
4.69879 4.66894 4.6387 4.6081 4.57715 4.54588 4.51432 4.48251 4.45048 4.41828 4.38596 4.35356 4.32115 4.2888 4.25657 4.22456 4.19284 4.16153 4.13071 4.10052 4.07106 4.04249 4.01493 3.98854 3.96347 3.93987 3.91791 3.89773 3.87947 3.86328 3.84925 3.83747 3.828 3.82086 3.81602 3.81343 3.813 3.8146 3.81808 3.82325 3.82993 3.8379 3.84695 3.85689 3.86749 3.87855 3.88989 3.90133 3.91268 3.9238 3.93454 3.94477 3.95436 3.96321 3.97123 3.97833 3.98443 3.98949 3.99343 3.99623 3.99785 3.99827 3.99748 3.99548 3.99227 3.98787 3.98232
4.69614 4.66612 4.63571 4.60493 4.5738 4.54234 4.51058 4.47856 4.44631 4.41388 4.38131 4.34865 4.31597 4.28332 4.25078 4.21843 4.18636 4.15466 4.12344 4.09282 4.06292 4.03387 4.00582 3.97893 3.95335 3.92926 3.90681 3.88618 3.86753 3.85101 3.83674 3.82481 3.81531 3.80825 3.8036 3.80132 3.80128 3.80336 3.80736 3.81309 3.82033 3.82886 3.83844 3.84887 3.8599 3.87135 3.88301 3.89469 3.90623 3.91747 3.92826 3.93848 3.94801 3.95675 3.9646 3.97148 3.97733 3.98209 3.9857 3.98812 3.98934 3.98932 3.98806 3.98556 3.98182 3.97686 3.97071
4.69322 4.66303 4.63244 4.60147 4.57014 4.53847 4.5065 4.47426 4.44177 4.40909 4.37625 4.34332 4.31033 4.27736 4.24448 4.21176 4.17929 4.14716 4.11549 4.08437 4.05395 4.02435 3.99572 3.96823 3.94204 3.91732 3.89428 3.87308 3.85391 3.83694 3.82232 3.81018 3.80059 3.79358 3.78915 3.78722 3.78766 3.7903 3.79494 3.80134 3.80928 3.81849 3.82873 3.83976 3.85134 3.86327 3.87534 3.88736 3.89916 3.9106 3.92152 3.93181 3.94134 3.95002 3.95777 3.9645 3.97016 3.97468 3.97802 3.98015 3.98104 3.98066 3.97902 3.97611 3.97193 3.96652 3.95989
4.69006 4.65968 4.6289 4.59774 4.5662 4.53432 4.50213 4.46965 4.43692 4.40397 4.37086 4.33763 4.30433 4.27102 4.23777 4.20466 4.17176 4.13918 4.10701 4.07536 4.04436 4.01415 3.98487 3.95669 3.9298 3.90436 3.8806 3.85871 3.83889 3.82136 3.8063 3.79384 3.78411 3.77716 3.77295 3.77142 3.77242 3.77573 3.78113 3.78834 3.79709 3.8071 3.8181 3.82984 3.84206 3.85455 3.8671 3.87953 3.89166 3.90335 3.91445 3.92485 3.93444 3.94313 3.95082 3.95746 3.96298 3.96733 3.97047 3.97236 3.97299 3.97234 3.9704 3.96717 3.96267 3.95691 3.94992
4.68667 4.65611 4.62513 4.59376 4.56201 4.52992 4.49749 4.46478 4.43179 4.39859 4.36519 4.33166 4.29804 4.26439 4.23077 4.19726 4.16393 4.13087 4.09819 4.06599 4.03439 4.00353 3.97356 3.94464 3.91697 3.89073 3.86615 3.84346 3.82288 3.80466 3.78903 3.77618 3.76624 3.75931 3.75536 3.7543 3.75595 3.76006 3.76634 3.77448 3.78416 3.79507 3.80692 3.81943 3.83236 3.84546 3.85855 3.87142 3.88392 3.89589 3.90721 3.91776 3.92744 3.93616 3.94384 3.95042 3.95585 3.96008 3.96307 3.9648 3.96524 3.96439 3.96224 3.9588 3.95407 3.94809 3.94086
4.68309 4.65233 4.62115 4.58957 4.55762 4.5253 4.49265 4.45969 4.42646 4.39299 4.35932 4.3255 4.29156 4.25758 4.2236 4.1897 4.15595 4.12243 4.08924 4.05649 4.0243 3.99279 3.96211 3.93244 3.90395 3.87686 3.85139 3.82779 3.80634 3.78732 3.771 3.75763 3.74743 3.74049 3.73683 3.73632 3.73873 3.74376 3.75105 3.76023 3.77093 3.78282 3.79557 3.80891 3.82257 3.83631 3.84994 3.86327 3.87614 3.88841 3.89995 3.91066 3.92044 3.92921 3.9369 3.94346 3.94883 3.95298 3.95587 3.95748 3.95781 3.95683 3.95456 3.95099 3.94615 3.94006 3.93274
4.67932 4.64837 4.61699 4.5852 4.55304 4.5205 4.48763 4.45444 4.42097 4.38725 4.35332 4.31921 4.28499 4.25069 4.21638 4.18211 4.14797 4.11403 4.08038 4.04711 4.01436 3.98223 3.95088 3.92046 3.89117 3.86322 3.83683 3.81228 3.78987 3.76993 3.75279 3.73879 3.72822 3.72125 3.71791 3.71805 3.72136 3.72744 3.73585 3.74616 3.75795 3.77084 3.78452 3.79867 3.81305 3.82741 3.84156 3.85532 3.86854 3.88108 3.89283 3.90368 3.91355 3.92237 3.93008 3.93662 3.94195 3.94605 3.94888 3.95043 3.95069 3.94966 3.94734 3.94374 3.93889 3.93281 3.92554
4.6754 4.64425 4.61267 4.58068 4.54831 4.51556 4.48247 4.44906 4.41536 4.38141 4.34724 4.31288 4.2784 4.24382 4.20921 4.17463 4.14015 4.10584 4.07178 4.03808 4.00483 3.97216 3.94021 3.90914 3.87911 3.85035 3.82308 3.79758 3.77417 3.75323 3.73514 3.72037 3.70931 3.70227 3.69932 3.70023 3.70459 3.71185 3.72147 3.73293 3.74581 3.75968 3.77423 3.78914 3.80416 3.81907 3.83367 3.8478 3.8613 3.87407 3.88597 3.89693 3.90687 3.91572 3.92343 3.92995 3.93525 3.93931 3.9421 3.94362 3.94387 3.94284 3.94054 3.93701 3.93225 3.92629 3.91918
4.67135 4.64 4.60822 4.57603 4.54345 4.5105 4.47721 4.44359 4.40969 4.37553 4.34114 4.30657 4.27185 4.23705 4.2022 4.16737 4.13261 4.09801 4.06364 4.02959 3.99597 3.96288 3.93046 3.89885 3.86823 3.83879 3.81077 3.78442 3.76008 3.73813 3.71903 3.70332 3.69162 3.68444 3.68195 3.68381 3.68937 3.69789 3.70872 3.72129 3.73515 3.74989 3.76517 3.78071 3.79625 3.81159 3.82653 3.84092 3.85462 3.86752 3.87951 3.89052 3.90047 3.90931 3.91699 3.92347 3.92873 3.93275 3.93552 3.93703 3.9373 3.93632 3.93411 3.93071 3.92612 3.9204 3.91358
4.66718 4.63563 4.60366 4.57128 4.5385 4.50536 4.47187 4.43807 4.40398 4.36963 4.33506 4.30031 4.26542 4.23044 4.19541 4.1604 4.12546 4.09067 4.0561 4.02183 3.98797 3.95462 3.9219 3.88996 3.85895 3.82906 3.80051 3.77356 3.7485 3.7257 3.70565 3.68894 3.67638 3.66894 3.66705 3.67007 3.67691 3.68662 3.6985 3.71198 3.7266 3.74197 3.75778 3.77374 3.78962 3.80521 3.82034 3.83486 3.84863 3.86156 3.87354 3.88451 3.89441 3.90317 3.91078 3.91718 3.92238 3.92635 3.92909 3.93061 3.93092 3.93003 3.92796 3.92475 3.92042 3.91502 3.90859
4.66291 4.63117 4.59901 4.56643 4.53347 4.50015 4.46648 4.43251 4.39825 4.36375 4.32904 4.29415 4.25913 4.22403 4.1889 4.15378 4.11876 4.08389 4.04924 4.0149 3.98097 3.94755 3.91475 3.88271 3.85159 3.82155 3.79282 3.76562 3.74025 3.71704 3.69644 3.679 3.66553 3.65754 3.65655 3.66078 3.66862 3.67914 3.69165 3.70564 3.72066 3.73635 3.75239 3.76851 3.78449 3.80013 3.81526 3.82973 3.84343 3.85626 3.86812 3.87896 3.88871 3.89733 3.90479 3.91107 3.91617 3.92006 3.92277 3.92429 3.92465 3.92387 3.92197 3.919 3.91499 3.90998 3.90404
4.65857 4.62664 4.59428 4.56152 4.52838 4.49488 4.46106 4.42693 4.39253 4.3579 4.32308 4.28809 4.253 4.21784 4.18267 4.14755 4.11254 4.0777 4.04311 4.00886 3.97504 3.94174 3.9091 3.87723 3.8463 3.81647 3.78796 3.76099 3.73585 3.71289 3.69252 3.67532 3.6621 3.65434 3.65344 3.65772 3.66561 3.67616 3.68869 3.70266 3.71763 3.73324 3.74917 3.76517 3.78099 3.79644 3.81136 3.82562 3.83908 3.85166 3.86327 3.87385 3.88336 3.89175 3.899 3.9051 3.91004 3.91383 3.91647 3.91798 3.91839 3.91772 3.91602 3.91332 3.90968 3.90513 3.89974
4.65417 4.62204 4.5895 4.55655 4.52324 4.48958 4.4556 4.42133 4.38681 4.35208 4.31718 4.28214 4.24702 4.21186 4.17673 4.14168 4.10678 4.07209 4.03769 4.00368 3.97014 3.93718 3.90492 3.87349 3.84305 3.81378 3.78589 3.75962 3.73526 3.71317 3.69382 3.6778 3.66588 3.65897 3.65749 3.6608 3.66783 3.67767 3.68958 3.70302 3.7175 3.73265 3.74814 3.7637 3.7791 3.79414 3.80865 3.8225 3.83556 3.84774 3.85897 3.86918 3.87834 3.88641 3.89337 3.89921 3.90394 3.90756 3.9101 3.91157 3.91202 3.91147 3.90996 3.90756 3.9043 3.90025 3.89548
4.64973 4.6174 4.58467 4.55154 4.51805 4.48423 4.45011 4.41572 4.3811 4.34629 4.31133 4.27627 4.24117 4.20607 4.17103 4.13613 4.10142 4.06698 4.0329 3.99926 3.96617 3.93373 3.90206 3.87131 3.84164 3.81323 3.78629 3.76107 3.73789 3.7171 3.69913 3.68452 3.67382 3.66751 3.66574 3.66816 3.67411 3.68289 3.69381 3.70634 3.71998 3.73436 3.74912 3.764 3.77874 3.79315 3.80705 3.82031 3.83281 3.84445 3.85517 3.86489 3.87359 3.88123 3.88781 3.89332 3.89777 3.90117 3.90356 3.90495 3.90541 3.90495 3.90364 3.90154 3.89869 3.89516 3.89102
4.64526 4.61273 4.5798 4.54649 4.51283 4.47885 4.44459 4.41008 4.37537 4.34049 4.3055 4.27045 4.23539 4.20039 4.1655 4.13081 4.09637 4.06228 4.02861 3.99547 3.96295 3.93118 3.90028 3.8704 3.8417 3.81436 3.78861 3.76468 3.74288 3.72354 3.70703 3.69375 3.68407 3.67826 3.67635 3.67811 3.68309 3.69076 3.70056 3.71199 3.7246 3.73798 3.75181 3.76579 3.77969 3.79329 3.80642 3.81894 3.83073 3.8417 3.85177 3.86089 3.86903 3.87615 3.88226 3.88735 3.89144 3.89456 3.89673 3.89801 3.89842 3.89804 3.8969 3.89508 3.89264 3.88964 3.88616
4.64078 4.60805 4.57492 4.54142 4.50758 4.47344 4.43904 4.40441 4.3696 4.33467 4.29966 4.26463 4.22964 4.19477 4.16007 4.12562 4.09151 4.05782 4.02464 3.99208 3.96025 3.92926 3.89925 3.87037 3.84277 3.81665 3.79221 3.76968 3.74934 3.73145 3.71632 3.70425 3.69546 3.6901 3.68815 3.68943 3.69362 3.70028 3.70899 3.71929 3.73076 3.74305 3.75581 3.76877 3.78169 3.79435 3.80658 3.81823 3.82919 3.83937 3.84868 3.85709 3.86456 3.87106 3.8766 3.88119 3.88485 3.88761 3.88951 3.89061 3.89094 3.89058 3.88958 3.88803 3.88597 3.8835 3.88068
4.63632 4.60337 4.57003 4.53633 4.5023 4.468 4.43344 4.39869 4.36379 4.3288 4.29376 4.25876 4.22385 4.18911 4.15462 4.12045 4.08669 4.05345 4.02081 3.98889 3.95779 3.92766 3.89861 3.8708 3.84438 3.81954 3.79646 3.77535 3.75644 3.73995 3.72612 3.71513 3.70715 3.70222 3.70032 3.70127 3.70482 3.71063 3.71834 3.72755 3.73791 3.74907 3.76072 3.7726 3.78445 3.79608 3.80731 3.818 3.82803 3.83731 3.84578 3.85338 3.86008 3.86588 3.87077 3.87477 3.87791 3.88023 3.88179 3.88263 3.88282 3.88243 3.88154 3.8802 3.87851 3.87654 3.87437
4.63188 4.59871 4.56515 4.53124 4.49702 4.46252 4.42781 4.39292 4.35791 4.32284 4.28778 4.25279 4.21796 4.18335 4.14905 4.11516 4.08177 4.04898 4.0169 3.98563 3.95531 3.92605 3.89799 3.87128 3.84606 3.8225 3.80077 3.78104 3.76351 3.74834 3.7357 3.72572 3.71849 3.714 3.71221 3.71296 3.71603 3.72115 3.72798 3.73622 3.74553 3.7556 3.76615 3.77691 3.78767 3.79822 3.8084 3.81806 3.82709 3.8354 3.84294 3.84964 3.8555 3.8605 3.86465 3.86797 3.87052 3.87232 3.87345 3.87397 3.87395 3.87348 3.87262 3.87147 3.8701 3.8686 3.86705
4.62752 4.5941 4.5603 4.52617 4.49173 4.45703 4.42214 4.38709 4.35195 4.31678 4.28167 4.24667 4.21188 4.17739 4.14327 4.10964 4.0766 4.04425 4.01271 3.98209 3.95252 3.92413 3.89705 3.87142 3.84738 3.82507 3.80464 3.78624 3.77001 3.75608 3.74456 3.73553 3.72901 3.72498 3.72338 3.72404 3.72677 3.73133 3.73745 3.74483 3.75319 3.76224 3.77173 3.78142 3.79109 3.80055 3.80964 3.81823 3.82622 3.83351 3.84004 3.84579 3.85072 3.85484 3.85817 3.86074 3.8626 3.8638 3.86442 3.86454 3.86423 3.86359 3.86271 3.86168 3.86059 3.85952 3.85857
4.62325 4.58957 4.55553 4.52114 4.48647 4.45155 4.41644 4.3812 4.3459 4.31061 4.2754 4.24037 4.20559 4.17116 4.13719 4.10378 4.07104 4.03909 4.00805 3.97804 3.94919 3.92163 3.89548 3.87088 3.84796 3.82684 3.80766 3.79051 3.77551 3.76275 3.75229 3.74416 3.73835 3.73482 3.73346 3.73414 3.73667 3.74082 3.74636 3.75302 3.76055 3.76868 3.7772 3.78586 3.79447 3.80286 3.81087 3.81838 3.82529 3.83151 3.83701 3.84173 3.84567 3.84885 3.85128 3.85301 3.8541 3.85461 3.85463 3.85426 3.85358 3.8527 3.85172 3.85075 3.84987 3.84919 3.84878
4.61911 4.58517 4.55086 4.5162 4.48127 4.44609 4.41075 4.37529 4.33979 4.30432 4.26898 4.23385 4.19903 4.16462 4.13073 4.09748 4.06499 4.03337 4.00277 3.9733 3.9451 3.9183 3.89302 3.86938 3.84751 3.82752 3.80949 3.79353 3.7797 3.76804 3.75859 3.75134 3.74626 3.74326 3.74223 3.74303 3.74547 3.74936 3.75445 3.76053 3.76735 3.77469 3.78231 3.79002 3.79764 3.80499 3.81195 3.81838 3.82421 3.82935 3.83376 3.83742 3.84032 3.84248 3.84394 3.84475 3.84498 3.84471 3.84405 3.84309 3.84194 3.84074 3.83958 3.83858 3.83786 3.8375 3.83761
4.61517 4.58094 4.54634 4.5114 4.47617 4.44071 4.40509 4.36937 4.33363 4.29794 4.26241 4.22713 4.1922 4.15774 4.12386 4.09069 4.05835 4.02699 3.99674 3.96772 3.94008 3.91395 3.88945 3.8667 3.84579 3.82684 3.80991 3.79506 3.78233 3.77174 3.76328 3.75691 3.75257 3.75015 3.74952 3.75054 3.75302 3.75677 3.76157 3.7672 3.77344 3.78009 3.78693 3.79378 3.80047 3.80685 3.81278 3.81816 3.82291 3.82696 3.83027 3.83283 3.83465 3.83574 3.83616 3.83597 3.83526 3.83412 3.83267 3.83102 3.82932 3.82768 3.82625 3.82515 3.82451 3.82442 3.82498
4.61147 4.57694 4.54203 4.50678 4.47124 4.43546 4.39953 4.36351 4.32747 4.29151 4.25573 4.22023 4.18512 4.15052 4.11656 4.08338 4.05111 4.01989 3.98988 3.96121 3.93403 3.90846 3.88464 3.86267 3.84264 3.82465 3.80874 3.79494 3.78328 3.77372 3.76624 3.76077 3.7572 3.75542 3.75528 3.75662 3.75925 3.76299 3.76761 3.77293 3.77873 3.7848 3.79097 3.79706 3.8029 3.80837 3.81333 3.81769 3.82138 3.82435 3.82655 3.82799 3.82868 3.82866 3.82797 3.82671 3.82498 3.82287 3.82053 3.8181 3.81572 3.81355 3.81175 3.81046 3.80981 3.80992 3.8109
4.60808 4.57324 4.53801 4.50242 4.46654 4.43042 4.39414 4.35777 4.32139 4.2851 4.24901 4.21321 4.17783 4.14301 4.10887 4.07557 4.04325 4.01206 3.98217 3.95373 3.92688 3.90176 3.8785 3.8572 3.83797 3.82085 3.80589 3.7931 3.78247 3.77394 3.76744 3.76288 3.76014 3.75906 3.75949 3.76126 3.76416 3.768 3.77259 3.77772 3.78319 3.78881 3.79442 3.79984 3.80492 3.80954 3.81359 3.81699 3.81965 3.82154 3.82264 3.82295 3.82249 3.8213 3.81947 3.81707 3.81422 3.81106 3.80773 3.8044 3.80124 3.79843 3.79614 3.79455 3.79381 3.79406 3.79539
4.60508 4.56992 4.53434 4.49841 4.46216 4.42568 4.38901 4.35225 4.31549 4.27881 4.24233 4.20616 4.17043 4.13529 4.10087 4.06733 4.03483 4.00355 3.97365 3.94529 3.91863 3.89383 3.87101 3.85029 3.83174 3.81542 3.80136 3.78954 3.77991 3.77241 3.76692 3.76332 3.76145 3.76116 3.76225 3.76453 3.76781 3.77189 3.77655 3.78161 3.78687 3.79216 3.79731 3.80215 3.80657 3.81042 3.81363 3.8161 3.81778 3.81863 3.81863 3.81781 3.81618 3.81381 3.81077 3.80717 3.80314 3.79883 3.79441 3.79007 3.786 3.78242 3.77953 3.77754 3.77661 3.77691 3.77854
