data/70052_lisa.smith_annual_Lat_elev_map/70052_lisa.smith_annual_Lat_elev_map/stdreg.asc
ncols 412
nrows 280
xllcorner -103.69999694824219
yllcorner 24.166666676
cellsize 0.0833333333
NODATA_value -9999
[rows 60 to 89 of 280, columns 268 to 334 of 412]
5.88211 5.88213 5.88213 5.88213 5.88212 5.88164 5.88164 5.88116 5.88164 5.88118 5.8807 5.88116 5.87926 5.88583 5.89208 5.89746 5.90042 5.89502 5.89537 5.8959 5.89322 5.89268 5.89232 5.88178 5.87266 5.85772 5.83684 5.83582 5.83572 5.8392 5.83559 5.83559 5.83826 5.85025 5.92883 5.85754 5.88147 5.93906 5.87483 5.83732 5.86302 5.90207 5.87827 5.87646 5.83928 5.8752 5.89386 5.85642 5.86697 5.84211 5.84556 5.83546 5.83667 5.83643 5.89329 5.88707 5.83843 5.83665 5.83649 5.83872 5.85772 5.84655 5.89348 5.87739 5.83547 5.847 5.8419
5.88094 5.88094 5.88093 5.88045 5.88046 5.88046 5.88046 5.88045 5.88045 5.88046 5.88045 5.87954 5.8786 5.88436 5.8864 5.8879 5.88894 5.88947 5.88946 5.88997 5.88945 5.88602 5.87932 5.85594 5.83536 5.83418 5.87769 5.85587 5.84505 5.83847 5.83859 5.8386 5.85614 5.90704 5.88987 5.86366 5.89249 5.87053 5.84711 5.84063 5.89253 5.87762 5.92331 5.88744 5.86911 5.85086 5.89385 5.87135 5.83406 5.83689 5.84945 5.8445 5.84606 5.84379 5.85272 5.86617 5.83854 5.84273 5.87006 5.84896 5.83495 5.83586 5.88128 5.8438 5.84064 5.83688 5.84577
5.87988 5.87987 5.8794 5.8794 5.8794 5.87938 5.87892 5.87892 5.87892 5.87892 5.87892 5.87847 5.87796 5.8784 5.88038 5.88088 5.88185 5.88386 5.88451 5.8787 5.8764 5.85186 5.83249 5.8424 5.84535 5.83541 5.87861 5.84795 5.83473 5.88588 5.85533 5.87143 5.86575 5.8623 5.9046 5.85834 5.88492 5.88679 5.89073 5.85948 5.83915 5.85271 5.89988 5.90116 5.86212 5.8333 5.88293 5.86943 5.85246 5.83731 5.83414 5.89094 5.83326 5.847 5.8347 5.84945 5.83245 5.88836 5.87634 5.84768 5.83342 5.86172 5.84784 5.83428 5.83722 5.84491 5.83298
5.87828 5.87828 5.87828 5.87828 5.8778 5.8778 5.8778 5.8778 5.87779 5.87826 5.87828 5.87826 5.87776 5.87594 5.87879 5.87691 5.87594 5.87418 5.85248 5.83974 5.83226 5.85614 5.85774 5.83415 5.86077 5.84077 5.87946 5.85895 5.83332 5.87023 5.8827 5.89735 5.96418 5.84699 5.9006 5.89615 5.85272 5.84962 5.90277 5.86105 5.86154 5.89239 5.90774 5.92307 5.92014 5.8924 5.90056 5.91757 5.87121 5.84795 5.83295 5.83113 5.87133 5.83358 5.8315 5.83093 5.85313 5.85015 5.83539 5.83176 5.84685 5.83756 5.83483 5.83389 5.83092 5.84609 5.83261
5.87746 5.87698 5.87698 5.87698 5.87698 5.87698 5.87698 5.87698 5.87698 5.87698 5.87698 5.87748 5.87705 5.87427 5.87102 5.86803 5.85427 5.83329 5.84042 5.83843 5.85124 5.84777 5.86346 5.85539 5.83294 5.84238 5.85027 5.83269 5.85451 5.86296 5.84331 5.8469 5.90163 5.87358 5.90019 5.87049 5.90777 5.88683 5.88018 5.91978 5.9299 5.84366 5.91388 5.93113 5.9767 5.86392 5.91211 5.859 5.84779 5.84518 5.84493 5.83234 5.83128 5.83588 5.84988 5.82983 5.84148 5.8347 5.82975 5.83325 5.83005 5.82984 5.83773 5.83333 5.8307 5.8298 5.83001
5.87627 5.87579 5.87579 5.87579 5.87579 5.87579 5.87581 5.87533 5.87532 5.87442 5.87162 5.8716 5.87115 5.8662 5.84973 5.8336 5.82981 5.83242 5.83587 5.8463 5.83662 5.86961 5.85385 5.84717 5.84193 5.8463 5.8315 5.84171 5.90066 5.83854 5.84179 5.92991 5.86757 5.84174 5.91242 5.87165 5.86911 5.85127 5.87938 5.94065 5.92248 5.90102 5.92851 5.94323 5.95444 5.91354 5.86134 5.8522 5.87028 5.8557 5.84899 5.83096 5.86646 5.86222 5.8545 5.83173 5.82939 5.83401 5.83045 5.83018 5.83177 5.83091 5.83152 5.82945 5.83396 5.84714 5.84335
5.8746 5.87457 5.87457 5.87459 5.87411 5.87365 5.87319 5.87227 5.87131 5.87049 5.8633 5.85433 5.84613 5.83665 5.82822 5.83003 5.83378 5.8292 5.83523 5.85441 5.8762 5.84763 5.85483 5.84316 5.87051 5.86331 5.84706 5.82949 5.91162 5.92109 5.89173 5.89284 5.91149 5.84381 5.879 5.87757 5.84954 5.9243 5.86706 5.88625 5.93238 5.99207 5.88225 5.98304 5.92353 5.91335 5.90606 5.89938 5.82802 5.85117 5.84643 5.85653 5.86598 5.83622 5.8537 5.85435 5.82899 5.84578 5.82822 5.82794 5.83727 5.82954 5.84688 5.84138 5.86247 5.85075 5.84515
5.87315 5.87313 5.87267 5.8722 5.87131 5.86952 5.86709 5.85935 5.84618 5.84225 5.83373 5.83093 5.83517 5.82683 5.83029 5.82709 5.82753 5.82765 5.83213 5.83388 5.84776 5.88086 5.83485 5.893 5.86186 5.87089 5.86066 5.8356 5.90449 5.86432 5.84737 5.9075 5.92536 5.94101 5.95647 5.91544 5.83829 5.85395 5.97106 5.96637 5.90651 5.96867 6.01012 5.9527 6.01673 5.94653 5.91986 5.86088 5.86859 5.84568 5.83847 5.82751 5.90783 5.85461 5.87309 5.83585 5.85699 5.83814 5.83488 5.82857 5.83159 5.82809 5.84276 5.82798 5.83574 5.85565 5.86505
5.87042 5.86951 5.8682 5.85799 5.85141 5.85077 5.84295 5.83625 5.83348 5.83177 5.82819 5.82749 5.83221 5.82605 5.82629 5.82758 5.8263 5.82638 5.85218 5.83546 5.84796 5.85082 5.85955 5.8347 5.84602 5.85398 5.86979 5.86229 5.88506 5.93002 5.89116 5.92384 5.94632 5.93426 5.94537 5.8514 5.96796 5.90445 5.8931 5.87657 5.94401 5.99501 5.99464 5.98899 5.85868 5.98148 5.93063 5.93261 5.89616 5.82725 5.83548 5.8535 5.83087 5.85718 5.84445 5.82849 5.86998 5.82601 5.82724 5.84251 5.82876 5.8275 5.82929 5.82603 5.83064 5.82976 5.85315
5.86492 5.85648 5.84611 5.83477 5.82781 5.8273 5.83744 5.83218 5.82932 5.827 5.82643 5.8256 5.8255 5.82893 5.82531 5.82631 5.83673 5.84328 5.83362 5.84626 5.84188 5.84914 5.84244 5.84793 5.86195 5.86592 5.86208 5.9046 5.83245 5.86072 5.90629 5.88412 5.9162 5.95787 5.90605 5.92137 5.8815 5.95182 5.88885 5.93901 5.92796 5.93904 6.02921 5.94361 5.88914 5.87901 5.92807 5.89094 5.88412 5.88803 5.88871 5.88452 5.94629 5.93733 5.97869 5.83786 5.82872 5.82551 5.82582 5.83529 5.8253 5.82531 5.82537 5.82533 5.82742 5.8316 5.82878
5.84325 5.83278 5.82486 5.82547 5.82552 5.82557 5.83774 5.83117 5.82594 5.82733 5.82555 5.82672 5.82484 5.82488 5.82721 5.82562 5.82755 5.82993 5.85796 5.84555 5.83233 5.84379 5.83516 5.84748 5.84934 5.85247 5.86547 5.86415 5.8521 5.86918 5.88678 5.9207 5.91832 5.90771 5.90099 5.95662 5.90124 5.92726 5.85296 5.94627 5.85965 5.85998 5.90506 5.90204 5.87482 5.936 5.98353 5.88957 5.85922 5.83738 5.85668 5.93683 5.91124 5.95963 5.83613 5.83618 5.93106 5.84084 5.90088 5.93195 5.82999 5.82534 5.82513 5.82489 5.82932 5.82537 5.82486
5.82511 5.82719 5.82451 5.82587 5.82507 5.82553 5.83683 5.83083 5.82483 5.82836 5.82458 5.82441 5.82478 5.82723 5.82494 5.83328 5.83499 5.84557 5.84257 5.82697 5.83494 5.85213 5.83774 5.85134 5.83597 5.84597 5.83856 5.86916 5.85396 5.87559 5.89358 5.88066 5.88169 5.87017 5.91345 5.95074 5.86111 5.84775 5.83495 5.91459 5.88868 5.82948 5.89759 5.8916 5.87636 5.88963 5.84306 5.84771 5.8262 5.84289 5.88185 5.86365 5.86948 5.83179 5.88796 5.93337 5.85265 5.85633 5.83675 5.86638 5.85034 5.88414 5.82718 5.82541 5.82735 5.83249 5.82474
5.82792 5.82489 5.8244 5.82417 5.82409 5.82936 5.83374 5.829 5.82526 5.82785 5.82406 5.824 5.82398 5.82733 5.82487 5.83232 5.83262 5.82457 5.82425 5.83338 5.84028 5.82572 5.82581 5.83333 5.82879 5.85018 5.85627 5.86033 5.86739 5.83975 5.87491 5.86746 5.86398 5.8985 5.87512 5.88509 5.85882 5.87359 5.85321 5.86952 5.83439 5.89592 5.86751 5.86177 5.85271 5.84746 5.90117 5.87966 5.87775 5.84637 5.9149 5.86303 5.86156 5.83094 5.86116 5.84277 5.87771 5.82867 5.84017 5.88316 5.90362 5.90689 5.96557 5.83431 5.82799 5.82781 5.83048
5.82839 5.82401 5.82433 5.82431 5.82376 5.83259 5.83235 5.82863 5.82545 5.82571 5.82816 5.82492 5.82568 5.82427 5.82699 5.83368 5.83635 5.83107 5.84079 5.82927 5.83605 5.84145 5.8464 5.83633 5.85247 5.85485 5.85205 5.85551 5.86106 5.86969 5.8498 5.86874 5.9488 5.89215 5.89069 5.88368 5.87662 5.82701 5.88405 5.88793 5.91392 5.85787 5.92584 5.85772 5.8448 5.87013 5.87978 5.82731 5.89639 5.90516 5.89532 5.84622 5.83399 5.83319 5.85564 5.82449 5.87041 5.86201 5.86172 5.85837 5.99093 5.96054 5.93428 5.87949 5.82598 5.8352 5.82386
5.82499 5.82355 5.82425 5.82368 5.82572 5.82767 5.8281 5.82704 5.82435 5.82419 5.82355 5.82924 5.82524 5.82434 5.82584 5.83003 5.84242 5.83193 5.84109 5.8364 5.83933 5.84286 5.84814 5.8369 5.84345 5.83843 5.83584 5.85389 5.8884 5.88016 5.88904 5.89591 5.8789 5.87105 5.85423 5.84201 5.84485 5.86551 5.90971 5.89551 5.83074 5.84665 5.82905 5.82786 5.86292 5.82359 5.84978 5.85099 5.86366 5.86587 5.82358 5.82378 5.84237 5.82548 5.82623 5.82461 5.82687 5.82407 5.87161 5.87771 5.82696 5.84414 5.82719 5.83337 5.82442 5.8239 5.83618
5.82369 5.82372 5.8235 5.82375 5.82653 5.82907 5.8295 5.8296 5.82391 5.82389 5.82348 5.82466 5.82355 5.82576 5.82357 5.82422 5.82662 5.83266 5.82923 5.82976 5.82481 5.83663 5.8326 5.83829 5.83129 5.84154 5.85025 5.84628 5.83695 5.86517 5.86076 5.85508 5.88494 5.84208 5.83593 5.87812 5.88674 5.9098 5.90058 5.92825 5.85535 5.82425 5.8594 5.94848 5.8753 5.84726 5.83791 5.8364 5.85119 5.82942 5.86086 5.86613 5.82908 5.82995 5.85958 5.86721 5.85566 5.8389 5.82572 5.82462 5.82807 5.82497 5.82507 5.82358 5.82363 5.86636 5.84206
5.82426 5.82359 5.82384 5.82517 5.82587 5.8272 5.82488 5.82912 5.82761 5.82894 5.82382 5.82543 5.8239 5.82492 5.82482 5.82495 5.82577 5.83173 5.83624 5.83957 5.82965 5.82382 5.8237 5.82926 5.82814 5.8373 5.83255 5.82853 5.8474 5.84772 5.84601 5.83359 5.8385 5.87088 5.91553 5.95072 5.8938 5.87195 5.85829 5.82403 5.82502 5.89616 5.89251 5.84375 5.82808 5.82485 5.82367 5.84064 5.82453 5.84384 5.83858 5.8274 5.84239 5.85413 5.86672 5.85026 5.83746 5.82823 5.82356 5.84268 5.82372 5.83971 5.82348 5.83146 5.82346 5.82368 5.8522
5.8235 5.82366 5.82361 5.8235 5.82423 5.82503 5.82364 5.82519 5.82364 5.82383 5.82478 5.82463 5.83075 5.82602 5.82482 5.82363 5.82684 5.83142 5.82444 5.83483 5.82594 5.82365 5.83599 5.83554 5.82973 5.83701 5.82725 5.83669 5.86546 5.8784 5.84443 5.83452 5.88021 5.85607 5.92723 5.83374 5.82572 5.83753 5.83522 5.83191 5.83302 5.8363 5.83795 5.84027 5.82457 5.84202 5.82377 5.84472 5.95476 5.86144 5.84168 5.86035 5.84909 5.8279 5.86317 5.86369 5.8442 5.85855 5.82393 5.83028 5.84478 5.84736 5.86365 5.82759 5.83426 5.82411 5.8857
5.82374 5.82364 5.82366 5.82396 5.82382 5.82367 5.82424 5.8244 5.82371 5.82371 5.82499 5.82368 5.8355 5.82364 5.82568 5.82461 5.8332 5.82635 5.82783 5.82593 5.8301 5.82694 5.82514 5.83173 5.82776 5.8292 5.83104 5.84663 5.84441 5.83252 5.82995 5.86639 5.88379 5.8639 5.8371 5.84003 5.84536 5.87357 5.85253 5.84182 5.88105 5.94273 5.85782 5.82498 5.82364 5.8238 5.85298 5.8976 5.83354 5.85772 5.87671 5.84854 5.84713 5.86658 5.87412 5.86749 5.83079 5.85359 5.84384 5.85623 5.82939 5.82476 5.82415 5.84308 5.83989 5.86045 5.84433
5.82384 5.82391 5.82596 5.8252 5.82387 5.8244 5.82729 5.82396 5.82397 5.82384 5.82421 5.82527 5.82433 5.82401 5.82411 5.82589 5.82619 5.82483 5.82417 5.82498 5.82406 5.82609 5.82463 5.82383 5.82825 5.8369 5.82971 5.83723 5.83675 5.83435 5.88055 5.85316 5.84006 5.85101 5.85024 5.84142 5.86696 5.87396 5.84622 5.92368 5.90805 5.82463 5.83485 5.82602 5.82394 5.83935 5.83469 5.82383 5.83843 5.87369 5.83841 5.85699 5.84754 5.85813 5.84211 5.86468 5.84069 5.83371 5.8294 5.82505 5.8279 5.84055 5.82469 5.82444 5.86655 5.8495 5.85276
5.82466 5.82413 5.82469 5.82499 5.82552 5.82524 5.82431 5.8241 5.8249 5.82409 5.82545 5.82608 5.82435 5.82462 5.82587 5.82682 5.82478 5.82424 5.82634 5.82834 5.82476 5.8241 5.82436 5.82502 5.82694 5.82469 5.8289 5.82955 5.83104 5.88704 5.86069 5.8465 5.86719 5.87059 5.86165 5.83743 5.8649 5.86521 5.93383 5.84835 5.82408 5.83266 5.82427 5.82638 5.82605 5.82533 5.8749 5.85448 5.85749 5.88565 5.83853 5.83415 5.84903 5.85541 5.86094 5.84318 5.83411 5.8244 5.82411 5.82616 5.83237 5.83459 5.82761 5.85115 5.8244 5.82853 5.83099
5.82458 5.82478 5.82445 5.8247 5.82452 5.82535 5.82446 5.82443 5.82472 5.82766 5.82965 5.82641 5.82446 5.83534 5.82444 5.82496 5.82447 5.82443 5.8253 5.82733 5.82497 5.82563 5.8245 5.82476 5.82575 5.82452 5.82613 5.82459 5.83139 5.84571 5.84688 5.8417 5.87102 5.93552 5.84738 5.86334 5.94535 5.92935 5.82656 5.83134 5.82861 5.82508 5.86298 5.93083 5.88758 5.82795 5.83879 5.82948 5.83843 5.83715 5.82523 5.89303 5.83784 5.84933 5.84781 5.86177 5.84557 5.83324 5.83083 5.82465 5.82443 5.82645 5.82652 5.83449 5.82467 5.82669 5.83448
5.82762 5.82645 5.82511 5.82504 5.82507 5.82486 5.82482 5.82495 5.82487 5.82504 5.83636 5.83313 5.82483 5.82479 5.82742 5.82489 5.82555 5.82479 5.82507 5.82482 5.82609 5.82489 5.82551 5.82597 5.82521 5.82661 5.83731 5.83468 5.83203 5.84278 5.88853 5.88735 5.8999 5.88434 5.84822 5.95095 5.87597 5.82627 5.82494 5.82523 5.83728 5.83496 5.82897 5.82827 5.82888 5.82848 5.84682 5.82479 5.82564 5.84685 5.84009 5.84127 5.8429 5.85273 5.85084 5.84236 5.84147 5.84944 5.8356 5.82856 5.8299 5.82484 5.83739 5.85935 5.84777 5.82756 5.86291
5.8252 5.82836 5.826 5.82538 5.82599 5.82622 5.82571 5.82568 5.83145 5.84155 5.82563 5.82668 5.82639 5.8285 5.83282 5.8253 5.82521 5.82679 5.82545 5.82919 5.82558 5.82692 5.82627 5.82529 5.82559 5.8274 5.82766 5.82925 5.83653 5.8862 5.86618 5.89512 5.92501 5.9034 5.8813 6.03037 5.82684 5.90022 5.83682 5.82714 5.82661 5.84184 5.82529 5.82901 5.83608 5.86676 5.83197 5.83508 5.86242 5.85706 5.82692 5.84679 5.85433 5.88143 5.85926 5.83543 5.82838 5.84061 5.82688 5.8316 5.8577 5.84485 5.83015 5.83441 5.84641 5.87084 5.87858
5.82759 5.82579 5.82919 5.82571 5.82685 5.8259 5.82592 5.8259 5.82585 5.82579 5.82586 5.82572 5.82576 5.82571 5.82581 5.82582 5.8429 5.83993 5.82588 5.82573 5.82571 5.8263 5.82617 5.82689 5.82616 5.82618 5.82651 5.8626 5.85968 5.83755 5.94636 5.90894 5.92665 5.91167 6.00137 5.84775 5.83384 5.82571 5.82748 5.8591 5.84345 5.82657 5.82582 5.83401 5.84376 5.84729 5.84315 5.86414 5.84141 5.83365 5.853 5.87038 5.84682 5.86208 5.84171 5.84377 5.82944 5.82709 5.82874 5.85242 5.86107 5.8634 5.85832 5.8754 5.87742 5.88889 5.88829
5.8281 5.82785 5.82675 5.82691 5.82637 5.82685 5.82621 5.82629 5.82659 5.83441 5.8266 5.82637 5.82627 5.82669 5.82674 5.82621 5.82654 5.82648 5.82624 5.82621 5.82621 5.82621 5.82826 5.82644 5.82641 5.82625 5.89408 5.82945 5.82753 5.85381 5.8479 5.96855 5.85688 5.99791 5.98716 5.8333 5.85791 5.83419 5.82852 5.83112 5.8324 5.8283 5.84929 5.83163 5.83061 5.82631 5.82636 5.83054 5.83437 5.84728 5.83032 5.85157 5.86402 5.86988 5.85566 5.85081 5.85678 5.87244 5.87929 5.86425 5.85635 5.86946 5.88034 5.87394 5.8931 5.90193 5.83761
5.82676 5.82956 5.82675 5.82677 5.82675 5.8274 5.82718 5.82689 5.82687 5.82802 5.83146 5.82778 5.82722 5.82829 5.82708 5.82878 5.82702 5.82684 5.83568 5.8337 5.82675 5.82795 5.82681 5.83357 5.82743 5.89843 5.83646 5.84015 6.0568 5.87381 5.86448 5.94365 5.9951 6.03085 6.03975 5.82975 5.83589 5.83857 5.83104 5.83772 5.82739 5.90402 5.85571 5.82742 5.82886 5.83043 5.83743 5.83989 5.82918 5.82806 5.83818 5.83317 5.83287 5.86553 5.89105 5.86852 5.87103 5.87901 5.87784 5.87115 5.86054 5.85815 5.83388 5.83599 5.86956 5.88576 5.91566
5.82762 5.8275 5.8274 5.82798 5.82744 5.828 5.82851 5.82785 5.82757 5.82762 5.82754 5.82837 5.82792 5.82788 5.8275 5.82796 5.82777 5.83361 5.82757 5.82775 5.82937 5.82774 5.82745 5.82753 5.91021 5.84124 5.83299 6.05081 5.89763 5.89533 5.89108 5.91241 6.07174 5.88134 5.83347 5.87638 5.83296 5.91302 5.83027 5.92952 5.83933 5.82795 5.82852 5.82781 5.83022 5.85112 5.89841 5.85391 5.857 5.87191 5.87458 5.87429 5.88001 5.88047 5.88368 5.89075 5.89395 5.85495 5.87563 5.8597 5.87071 5.86815 5.88428 5.88426 5.85866 5.85883 5.85451
5.83024 5.82881 5.82828 5.82827 5.82864 5.82808 5.82816 5.82963 5.83259 5.82803 5.83021 5.82818 5.82871 5.82876 5.82945 5.8286 5.82806 5.82852 5.83407 5.82804 5.82805 5.83056 5.82802 5.86412 5.87172 5.88021 6.07901 5.96927 5.91626 5.88917 5.98186 6.02368 6.07722 5.8308 5.82817 5.83403 5.86544 5.82919 5.86054 5.965 5.83253 5.83774 5.82801 5.8281 5.84751 5.84353 5.85809 5.85981 5.85406 5.85314 5.8607 5.86689 5.84789 5.85207 5.86438 5.85965 5.89833 5.86691 5.87968 5.87393 5.88607 5.87621 5.89361 5.88759 5.88501 5.87251 5.84113
5.83376 5.82886 5.82993 5.82876 5.82955 5.8288 5.82865 5.82875 5.83555 5.83231 5.82866 5.83234 5.83182 5.82865 5.82879 5.82919 5.82866 5.82865 5.83248 5.82866 5.83207 5.82934 5.82898 5.92288 5.86098 6.10677 5.9766 5.96508 5.96867 5.94525 6.02564 6.1225 5.86298 5.83117 5.8292 5.82932 5.85063 5.83215 5.83622 5.8668 5.82954 5.83184 5.83374 5.83374 5.84024 5.85127 5.85014 5.84218 5.83613 5.82869 5.83103 5.83378 5.85708 5.86056 5.88371 5.87108 5.87006 5.86237 5.88948 5.85963 5.8821 5.89227 5.88976 5.88685 5.87324 5.86455 5.83516
