data/70052_lisa.smith_annual_Lat_elev_map/70052_lisa.smith_annual_Lat_elev_map/stdreg.asc
ncols 412
nrows 280
xllcorner -103.69999694824219
yllcorner 24.166666676
cellsize 0.0833333333
NODATA_value -9999
[rows 60 to 89 of 280, columns 134 to 200 of 412]
5.83841 5.84022 5.84157 5.84524 5.84311 5.84067 5.83944 5.83879 5.84118 5.83804 5.83744 5.83698 5.83709 5.83968 5.83677 5.83721 5.8392 5.83833 5.83671 5.8369 5.83803 5.84437 5.85033 5.86947 5.85505 5.84638 5.85191 5.84328 5.83698 5.83829 5.84057 5.83819 5.8407 5.84718 5.84549 5.84455 5.83804 5.8412 5.84685 5.84518 5.8507 5.85463 5.85151 5.84297 5.83937 5.83894 5.83872 5.84147 5.83561 5.83974 5.84318 5.84952 5.84494 5.85479 5.84992 5.85326 5.85692 5.87123 5.88991 5.90239 5.91311 5.92195 5.93121 5.93814 5.95045 5.95121 5.95349
5.84057 5.83892 5.8374 5.84084 5.84479 5.83919 5.8407 5.84109 5.84013 5.83747 5.83731 5.83769 5.83593 5.83511 5.83671 5.83821 5.84117 5.84039 5.83643 5.83618 5.8369 5.83629 5.83552 5.83645 5.83983 5.86692 5.85463 5.84208 5.84639 5.84383 5.83584 5.83985 5.83715 5.84202 5.84547 5.84387 5.84001 5.84333 5.84375 5.8496 5.85316 5.8451 5.85359 5.84259 5.83844 5.84047 5.84338 5.84172 5.83668 5.84275 5.84254 5.84408 5.8508 5.84862 5.84812 5.85067 5.85369 5.87119 5.88524 5.89683 5.90838 5.91579 5.92353 5.93084 5.93787 5.9393 5.94072
5.83502 5.83707 5.83633 5.83584 5.84303 5.84542 5.84469 5.84246 5.83613 5.83838 5.8401 5.83645 5.83754 5.83626 5.83357 5.83872 5.84057 5.83645 5.83673 5.83881 5.83644 5.83506 5.83648 5.83456 5.83706 5.84943 5.83671 5.85501 5.84883 5.85094 5.83562 5.84076 5.83835 5.83996 5.84188 5.84522 5.84973 5.85003 5.84943 5.84617 5.84447 5.85091 5.84901 5.8393 5.84412 5.84598 5.84532 5.84014 5.84264 5.83653 5.83642 5.84617 5.85032 5.84644 5.84452 5.85429 5.85541 5.87329 5.88081 5.88836 5.90095 5.90809 5.91363 5.92134 5.92401 5.92474 5.92593
5.833 5.83618 5.83425 5.83383 5.83588 5.84105 5.84439 5.83903 5.84012 5.84158 5.83717 5.83669 5.83434 5.83416 5.83636 5.83469 5.83877 5.83875 5.84034 5.83722 5.83751 5.83623 5.83477 5.84185 5.83712 5.84301 5.85941 5.86134 5.86022 5.83822 5.83969 5.83719 5.83968 5.83989 5.83927 5.83869 5.83908 5.84142 5.83848 5.83921 5.84183 5.84662 5.84353 5.8495 5.84468 5.84038 5.84544 5.84295 5.83914 5.84084 5.83741 5.83903 5.83844 5.84365 5.84267 5.85375 5.85255 5.86812 5.87451 5.8812 5.88836 5.8971 5.90466 5.90954 5.91268 5.91519 5.91646
5.83209 5.83564 5.83388 5.83506 5.83585 5.83827 5.83986 5.83823 5.83732 5.84633 5.84161 5.83702 5.83664 5.83422 5.83818 5.83691 5.83116 5.83164 5.8389 5.83945 5.8431 5.83728 5.84663 5.8459 5.84543 5.8412 5.84814 5.84283 5.84674 5.84138 5.85125 5.83985 5.83713 5.83732 5.83422 5.83565 5.83737 5.84711 5.84692 5.85057 5.84606 5.85059 5.84654 5.84687 5.84603 5.8407 5.8409 5.84065 5.83936 5.83599 5.8369 5.84011 5.8392 5.83752 5.84601 5.85148 5.85638 5.8553 5.86962 5.87279 5.87991 5.88709 5.8958 5.90102 5.90398 5.90638 5.90945
5.83199 5.83529 5.83844 5.83396 5.83373 5.83286 5.83288 5.83552 5.84145 5.84467 5.8406 5.83902 5.83887 5.84074 5.83503 5.83432 5.83917 5.84116 5.83923 5.83735 5.83838 5.84119 5.84833 5.84389 5.83968 5.8496 5.85219 5.84114 5.84585 5.8642 5.84904 5.84441 5.8424 5.83993 5.83887 5.84116 5.8351 5.83805 5.83859 5.84422 5.8412 5.83923 5.841 5.84384 5.84167 5.83862 5.83997 5.83438 5.83341 5.8317 5.83463 5.84118 5.84081 5.84182 5.84717 5.85132 5.85664 5.85591 5.86038 5.86931 5.87202 5.87868 5.88636 5.89236 5.89692 5.90038 5.90275
5.83542 5.84007 5.83156 5.83893 5.83259 5.8352 5.8348 5.83517 5.83487 5.84169 5.8381 5.8363 5.84181 5.83914 5.8362 5.83614 5.84045 5.83996 5.8372 5.84739 5.84339 5.84347 5.84065 5.84088 5.84735 5.85033 5.8518 5.845 5.84796 5.86348 5.85525 5.84263 5.84298 5.84832 5.84088 5.83958 5.83995 5.83816 5.84437 5.84547 5.8446 5.83802 5.84042 5.83948 5.83417 5.83448 5.83657 5.83644 5.83622 5.83302 5.83706 5.84421 5.84168 5.84241 5.84636 5.84862 5.85591 5.85503 5.86046 5.86451 5.86987 5.87315 5.8785 5.88308 5.88519 5.88843 5.89118
5.83279 5.83345 5.83448 5.84227 5.83692 5.83344 5.83559 5.83881 5.83518 5.83718 5.83651 5.83964 5.8386 5.84804 5.84354 5.83522 5.83465 5.8364 5.83706 5.841 5.84611 5.85057 5.8465 5.84822 5.8448 5.84702 5.8483 5.84496 5.85092 5.86154 5.84465 5.84422 5.85119 5.84007 5.84482 5.8412 5.84125 5.85046 5.84721 5.83783 5.83712 5.84285 5.84148 5.8322 5.83297 5.83594 5.83411 5.83484 5.83583 5.83802 5.84383 5.84679 5.84313 5.84094 5.84535 5.85026 5.85487 5.8556 5.85872 5.86113 5.86758 5.86938 5.8731 5.87652 5.87855 5.88161 5.88316
5.83102 5.83087 5.83212 5.83512 5.83407 5.8415 5.84447 5.84476 5.84635 5.84761 5.84822 5.84654 5.84213 5.83942 5.84081 5.84645 5.83829 5.83793 5.83835 5.83783 5.84052 5.85048 5.84803 5.84925 5.85219 5.85169 5.85194 5.85458 5.86037 5.84712 5.85158 5.85424 5.84609 5.84846 5.85124 5.85052 5.8509 5.84463 5.83914 5.83768 5.83872 5.84318 5.83968 5.83015 5.83292 5.83298 5.84002 5.84198 5.8428 5.84672 5.84935 5.84422 5.84608 5.84152 5.84532 5.84261 5.84991 5.85906 5.85834 5.85835 5.86586 5.86807 5.86853 5.87086 5.87322 5.8742 5.87375
5.82964 5.83281 5.83034 5.83278 5.83383 5.83293 5.83348 5.83728 5.8407 5.84116 5.84344 5.84055 5.83966 5.84161 5.83834 5.84043 5.84564 5.84017 5.84345 5.84049 5.83848 5.84086 5.85098 5.84559 5.84654 5.85155 5.85928 5.85634 5.85928 5.8506 5.85291 5.85517 5.85744 5.85443 5.85324 5.85292 5.84936 5.84503 5.84118 5.84206 5.8385 5.83415 5.83035 5.82862 5.83492 5.84109 5.84409 5.84596 5.84753 5.84987 5.85177 5.85112 5.84723 5.85034 5.84361 5.84879 5.84582 5.85697 5.85438 5.8578 5.85944 5.86494 5.8654 5.86811 5.86952 5.86994 5.86997
5.82854 5.83116 5.83034 5.83711 5.8328 5.83655 5.83462 5.83506 5.8421 5.84074 5.84343 5.84219 5.85085 5.84932 5.84338 5.84465 5.84445 5.84791 5.84321 5.8438 5.84631 5.84246 5.84571 5.84261 5.83998 5.84064 5.84298 5.84546 5.84966 5.85883 5.85741 5.85561 5.85603 5.85492 5.85261 5.85151 5.8511 5.84225 5.83639 5.83028 5.83149 5.83244 5.83371 5.8418 5.84624 5.84599 5.84756 5.85038 5.85384 5.85188 5.84529 5.84844 5.85359 5.85125 5.85658 5.84641 5.84352 5.84811 5.85489 5.85675 5.85883 5.85876 5.85802 5.86678 5.86512 5.85512 5.85003
5.83197 5.82983 5.83125 5.83281 5.83696 5.84056 5.84379 5.83599 5.83946 5.84441 5.84027 5.84358 5.85083 5.84956 5.84742 5.84357 5.85197 5.85265 5.84425 5.84213 5.83912 5.83988 5.84295 5.84801 5.85222 5.84914 5.84695 5.85614 5.86 5.85861 5.85535 5.85581 5.85469 5.85383 5.85316 5.85266 5.83882 5.83227 5.83752 5.83747 5.8353 5.83934 5.84622 5.84712 5.84873 5.84914 5.85086 5.85896 5.84054 5.847 5.85482 5.85827 5.85461 5.85445 5.85282 5.84366 5.84546 5.84673 5.84486 5.85312 5.85309 5.85398 5.85436 5.85076 5.85306 5.85057 5.84065
5.83678 5.83516 5.83176 5.83221 5.83818 5.84048 5.83633 5.83785 5.8385 5.84372 5.84169 5.84984 5.85126 5.85072 5.84607 5.85335 5.85375 5.84595 5.84825 5.8444 5.84305 5.84937 5.84904 5.85934 5.85286 5.85847 5.85945 5.85657 5.85317 5.85445 5.85485 5.85569 5.85559 5.85521 5.85015 5.83855 5.84254 5.84525 5.84375 5.84237 5.84429 5.84649 5.84927 5.84622 5.85211 5.85358 5.85657 5.8467 5.84918 5.85384 5.85876 5.86226 5.86374 5.85354 5.84836 5.84699 5.84075 5.83986 5.84053 5.84336 5.84743 5.84634 5.84605 5.84503 5.84671 5.84383 5.83622
5.83788 5.84092 5.83745 5.83912 5.8402 5.84061 5.83589 5.83837 5.83808 5.83783 5.83834 5.84054 5.84677 5.84394 5.85455 5.85516 5.84137 5.86408 5.86444 5.8473 5.84497 5.84117 5.83779 5.84031 5.84961 5.84014 5.8407 5.84158 5.84132 5.8404 5.84179 5.85165 5.85123 5.85342 5.8513 5.84891 5.85004 5.84575 5.84807 5.84754 5.8496 5.85144 5.84815 5.85293 5.85251 5.8578 5.84165 5.84707 5.85522 5.86003 5.86611 5.86593 5.86582 5.85229 5.85283 5.84695 5.84339 5.83928 5.83912 5.84172 5.84125 5.83903 5.83996 5.84421 5.83796 5.84196 5.84589
5.83587 5.84512 5.83797 5.84205 5.8415 5.84872 5.84406 5.83865 5.83984 5.8392 5.8424 5.84122 5.84452 5.84205 5.84813 5.85157 5.84388 5.86453 5.86406 5.84609 5.8469 5.838 5.83646 5.83646 5.83699 5.84559 5.84207 5.83988 5.83763 5.83584 5.84095 5.8424 5.83606 5.83504 5.84226 5.83342 5.84732 5.86533 5.87075 5.86551 5.85304 5.86074 5.86408 5.8506 5.85532 5.8545 5.85005 5.86869 5.85541 5.85565 5.86193 5.86279 5.85983 5.86075 5.85331 5.85069 5.8471 5.84617 5.84353 5.84398 5.84233 5.84257 5.84405 5.84474 5.84418 5.84955 5.84888
5.83506 5.83455 5.8343 5.84179 5.83814 5.83979 5.8452 5.84293 5.84206 5.84245 5.84373 5.84601 5.84333 5.84241 5.8487 5.84345 5.85982 5.85008 5.86375 5.85856 5.85455 5.85079 5.84522 5.83838 5.83984 5.83824 5.8379 5.83684 5.84327 5.83621 5.83708 5.83303 5.83439 5.83871 5.83977 5.8385 5.83257 5.84633 5.87648 5.85071 5.84244 5.84595 5.84879 5.85198 5.84666 5.84841 5.84679 5.8456 5.8493 5.85496 5.85866 5.85952 5.85424 5.85789 5.85305 5.84931 5.84801 5.84691 5.84618 5.84552 5.84985 5.85083 5.85156 5.85127 5.84947 5.8497 5.84909
5.84238 5.83311 5.83881 5.83642 5.83852 5.83569 5.83548 5.84234 5.84068 5.84398 5.85268 5.84453 5.84174 5.84395 5.844 5.83834 5.85644 5.86097 5.85969 5.86357 5.85835 5.8507 5.84708 5.84451 5.83919 5.83796 5.83747 5.83879 5.83904 5.83767 5.83472 5.83586 5.84024 5.84046 5.83788 5.83747 5.84286 5.84984 5.86466 5.85641 5.84771 5.84848 5.84485 5.84741 5.85165 5.84885 5.84367 5.84546 5.84822 5.85139 5.85407 5.85562 5.85604 5.85407 5.85216 5.8471 5.85051 5.84846 5.85326 5.85135 5.8518 5.8489 5.84869 5.84441 5.84573 5.84548 5.84553
5.83579 5.85051 5.83731 5.83563 5.84006 5.84182 5.83771 5.83637 5.84239 5.84169 5.84637 5.84425 5.8443 5.84127 5.84101 5.83402 5.83823 5.84323 5.84772 5.86177 5.86028 5.85618 5.8466 5.85202 5.84792 5.83934 5.83703 5.83646 5.83632 5.83786 5.83925 5.84634 5.84077 5.84671 5.84588 5.83887 5.84077 5.85084 5.85634 5.84738 5.84544 5.84574 5.84413 5.84872 5.85124 5.85389 5.84925 5.84153 5.84439 5.84874 5.8502 5.85095 5.84992 5.84952 5.84774 5.84946 5.85168 5.85215 5.85088 5.84699 5.847 5.84734 5.84775 5.84628 5.84506 5.84408 5.84631
5.83328 5.84062 5.84585 5.83807 5.83785 5.84043 5.83984 5.84061 5.84123 5.84195 5.85113 5.85118 5.84182 5.84248 5.83938 5.84147 5.84034 5.84208 5.84814 5.86462 5.84953 5.84347 5.84321 5.84534 5.84068 5.83876 5.83689 5.83653 5.84246 5.84389 5.84468 5.84949 5.84868 5.84615 5.84322 5.83595 5.84734 5.85625 5.85053 5.84914 5.84682 5.84305 5.84157 5.84661 5.85009 5.85231 5.85232 5.84597 5.84089 5.84281 5.84379 5.84312 5.84109 5.84094 5.84713 5.8493 5.85008 5.85226 5.85196 5.84978 5.84975 5.84624 5.84542 5.84427 5.8443 5.84623 5.84691
5.83271 5.84059 5.84273 5.84691 5.84174 5.84242 5.84102 5.84124 5.84052 5.84287 5.851 5.84277 5.85066 5.84949 5.84312 5.84159 5.85157 5.84668 5.86457 5.86426 5.84625 5.84216 5.83849 5.83824 5.83825 5.83871 5.83923 5.84009 5.84331 5.84427 5.84286 5.84468 5.84103 5.84306 5.83696 5.8408 5.86386 5.87759 5.84871 5.84288 5.84106 5.83988 5.841 5.8419 5.84662 5.84977 5.84978 5.84943 5.84564 5.84505 5.846 5.84368 5.84682 5.84868 5.84868 5.84759 5.8512 5.85267 5.85157 5.84913 5.84522 5.8476 5.84794 5.84898 5.8487 5.84804 5.84705
5.83039 5.83164 5.83557 5.83827 5.84041 5.83888 5.84338 5.85278 5.84159 5.84135 5.84286 5.84324 5.84499 5.84389 5.85406 5.84398 5.84494 5.84537 5.86593 5.8511 5.84789 5.84233 5.84384 5.84375 5.84435 5.84832 5.8422 5.85044 5.85272 5.85931 5.8543 5.85191 5.84907 5.8587 5.84965 5.83753 5.87753 5.84476 5.83747 5.83803 5.83959 5.84283 5.84443 5.84383 5.84082 5.8441 5.84674 5.84741 5.84843 5.84479 5.84614 5.84675 5.84842 5.84839 5.84837 5.85119 5.85016 5.85159 5.85164 5.84784 5.84739 5.84878 5.8474 5.84678 5.84486 5.84326 5.84413
5.82868 5.83188 5.83249 5.83584 5.84107 5.83669 5.83927 5.84798 5.84756 5.84813 5.84153 5.84518 5.8471 5.84377 5.84327 5.8512 5.86344 5.86506 5.86173 5.84663 5.84345 5.83963 5.84016 5.84123 5.84814 5.84879 5.8491 5.8515 5.85525 5.84662 5.84468 5.84289 5.84471 5.84426 5.84771 5.85242 5.87517 5.83641 5.83926 5.84009 5.83957 5.84477 5.84098 5.84014 5.84125 5.84092 5.84158 5.84246 5.84362 5.8434 5.84368 5.83798 5.8413 5.84716 5.84785 5.84923 5.85063 5.84957 5.85027 5.84683 5.84344 5.84081 5.83939 5.83681 5.83877 5.84041 5.84215
5.83109 5.831 5.83329 5.83551 5.83552 5.83822 5.83963 5.84385 5.84796 5.85179 5.84747 5.84441 5.84537 5.85682 5.85295 5.85742 5.86503 5.85532 5.84408 5.84443 5.84035 5.8377 5.83814 5.84081 5.84532 5.84522 5.8518 5.86425 5.84554 5.84093 5.83989 5.84488 5.8495 5.85094 5.85182 5.87504 5.84134 5.84324 5.83704 5.84141 5.8445 5.84057 5.84038 5.84037 5.8401 5.8424 5.84089 5.84003 5.83877 5.84013 5.83731 5.83816 5.83793 5.84348 5.847 5.84834 5.848 5.84768 5.84904 5.84729 5.84543 5.84268 5.83631 5.836 5.83921 5.84202 5.8423
5.82903 5.83389 5.83648 5.83864 5.8402 5.83845 5.84072 5.84428 5.84482 5.84826 5.84595 5.85752 5.8512 5.85638 5.85388 5.84721 5.84533 5.84722 5.85125 5.85055 5.84461 5.8411 5.84274 5.84778 5.85233 5.8531 5.85388 5.86025 5.85135 5.8496 5.85123 5.85523 5.86152 5.87041 5.87697 5.86342 5.84502 5.84989 5.84727 5.83934 5.83655 5.83707 5.83382 5.83536 5.83749 5.838 5.83927 5.84008 5.83978 5.83901 5.83513 5.83943 5.83813 5.83977 5.84319 5.84627 5.84822 5.84824 5.84727 5.84383 5.83989 5.83769 5.83883 5.83955 5.84179 5.84408 5.84002
5.83014 5.83025 5.83335 5.83767 5.84206 5.83851 5.84064 5.84115 5.84232 5.8509 5.85634 5.84647 5.86509 5.85077 5.86271 5.84752 5.84589 5.8487 5.85827 5.84788 5.84616 5.84515 5.85149 5.84617 5.84879 5.84873 5.8563 5.85131 5.85005 5.85698 5.85477 5.85904 5.87799 5.86729 5.86925 5.86444 5.85326 5.85495 5.85409 5.85018 5.84587 5.84462 5.83764 5.83362 5.83519 5.83323 5.83265 5.83288 5.83214 5.8334 5.84115 5.8383 5.8412 5.83857 5.83807 5.84034 5.84406 5.84594 5.84375 5.84424 5.84259 5.83808 5.84044 5.83749 5.8466 5.84494 5.84616
5.82821 5.82947 5.83602 5.83649 5.83958 5.84191 5.8402 5.84201 5.84541 5.84808 5.84775 5.85001 5.86925 5.86931 5.86798 5.84977 5.8484 5.849 5.85539 5.86065 5.85202 5.85515 5.852 5.85279 5.85047 5.84848 5.85099 5.85518 5.87503 5.86015 5.87926 5.87682 5.86528 5.86917 5.86665 5.86523 5.85403 5.84658 5.8508 5.85152 5.84952 5.84628 5.84409 5.839 5.83995 5.83804 5.83798 5.83847 5.83972 5.842 5.84343 5.84429 5.84016 5.83988 5.84096 5.84341 5.842 5.84144 5.84199 5.84605 5.84527 5.84496 5.84226 5.84598 5.84774 5.84768 5.8585
5.83002 5.82942 5.83327 5.83437 5.83783 5.84707 5.84439 5.84399 5.84411 5.84931 5.85606 5.85286 5.8704 5.87085 5.84496 5.85325 5.85197 5.8484 5.85184 5.8552 5.85428 5.86236 5.85483 5.85117 5.84936 5.85532 5.85424 5.86119 5.86597 5.87059 5.87294 5.87054 5.87007 5.8687 5.86778 5.86045 5.85818 5.85816 5.8452 5.8514 5.84501 5.84521 5.84736 5.84164 5.83852 5.8399 5.84185 5.84235 5.84108 5.84241 5.8432 5.8444 5.84307 5.84261 5.84241 5.84348 5.8468 5.84837 5.84714 5.84839 5.8459 5.84436 5.84582 5.848 5.85172 5.84511 5.84353
5.83058 5.83261 5.83215 5.83666 5.83804 5.8392 5.84475 5.85151 5.84591 5.85104 5.84943 5.85889 5.85276 5.87258 5.85028 5.85458 5.85122 5.84789 5.84755 5.84941 5.85224 5.86014 5.85618 5.84874 5.8519 5.86062 5.8497 5.85236 5.85898 5.87712 5.87116 5.86978 5.87036 5.86091 5.85957 5.86324 5.86292 5.86159 5.85932 5.85696 5.85385 5.84518 5.84201 5.84256 5.84069 5.84097 5.84328 5.84484 5.84425 5.84122 5.84506 5.84004 5.84363 5.84535 5.84846 5.84558 5.84166 5.84661 5.84917 5.85302 5.84812 5.84874 5.86562 5.84995 5.85153 5.84341 5.841
5.83113 5.83215 5.83738 5.83459 5.83845 5.84428 5.84349 5.84373 5.84796 5.84938 5.85328 5.85392 5.85612 5.87338 5.86422 5.85603 5.85583 5.85046 5.84643 5.84644 5.84812 5.86114 5.86222 5.85534 5.84941 5.85161 5.85863 5.87868 5.87828 5.87293 5.87238 5.87369 5.8723 5.86916 5.86975 5.86579 5.86213 5.86338 5.85907 5.85909 5.85364 5.85251 5.84649 5.84462 5.84636 5.84523 5.84578 5.8467 5.84691 5.84651 5.84468 5.84161 5.84379 5.84755 5.84984 5.84983 5.85083 5.85183 5.85147 5.8557 5.85123 5.85314 5.85709 5.84797 5.8493 5.84471 5.83851
5.83215 5.83359 5.83512 5.83643 5.83705 5.84135 5.8446 5.84396 5.85058 5.84798 5.85269 5.85497 5.85478 5.86911 5.86023 5.84697 5.84689 5.84821 5.84401 5.8446 5.84524 5.85149 5.85732 5.86008 5.86608 5.87593 5.87842 5.87802 5.87702 5.86342 5.85903 5.8577 5.86149 5.8612 5.85773 5.85393 5.85807 5.85991 5.86116 5.85804 5.85548 5.85612 5.84996 5.84679 5.84681 5.84831 5.84802 5.84863 5.84872 5.84719 5.8477 5.84631 5.8477 5.84895 5.84988 5.85094 5.851 5.8516 5.84999 5.84998 5.85358 5.85701 5.85169 5.85242 5.84754 5.84241 5.83944
