data/70052_lisa.smith_annual_Lat_elev_map/70052_lisa.smith_annual_Lat_elev_map/stdreg.asc
ncols 412
nrows 280
xllcorner -103.69999694824219
yllcorner 24.166666676
cellsize 0.0833333333
NODATA_value -9999
[rows 0 to 29 of 280, columns 0 to 66 of 412]
6.5936 6.51862 6.62676 6.60772 6.57015 6.63057 6.64563 6.59249 6.61841 6.68449 6.66293 6.58433 6.53398 6.55956 6.58242 6.55682 6.53478 6.5047 6.5618 6.53319 6.51516 6.4947 6.49243 6.48108 6.50289 6.51403 6.51388 6.47993 6.47303 6.49468 6.5028 6.50817 6.49783 6.49468 6.48286 6.48771 6.47816 6.49343 6.48906 6.48497 6.4926 6.50054 6.49563 6.49422 6.48867 6.48057 6.47667 6.47091 6.46565 6.46078 6.45321 6.44782 6.44354 6.44025 6.44169 6.43817 6.43425 6.433 6.43268 6.42975 6.43117 6.43121 6.42976 6.42709 6.42732 6.42681 6.42727
6.57189 6.53749 6.56067 6.56369 6.55395 6.59655 6.65315 6.58144 6.62498 6.60487 6.58187 6.55128 6.53337 6.53928 6.54191 6.51755 6.51001 6.52829 6.50196 6.49306 6.51112 6.52742 6.49668 6.48605 6.47772 6.47906 6.47837 6.46143 6.43068 6.46055 6.46903 6.46058 6.46228 6.46961 6.46753 6.45281 6.45987 6.46063 6.47325 6.46018 6.47373 6.48657 6.4763 6.48352 6.47528 6.4801 6.48118 6.45029 6.46878 6.45432 6.44676 6.44396 6.43677 6.42355 6.41668 6.41946 6.41872 6.41408 6.41224 6.40854 6.41314 6.41137 6.41019 6.40877 6.40691 6.40492 6.40491
6.50188 6.49249 6.57413 6.5237 6.59849 6.60948 6.62748 6.61756 6.59718 6.58261 6.54789 6.54495 6.53045 6.52976 6.51883 6.52463 6.50896 6.48916 6.47447 6.47107 6.45451 6.4402 6.44894 6.45827 6.45654 6.42133 6.42536 6.43238 6.41464 6.41534 6.43013 6.41788 6.42383 6.43165 6.43073 6.43485 6.4451 6.43776 6.4395 6.4475 6.44536 6.45435 6.46324 6.46403 6.47037 6.46742 6.48257 6.4387 6.44462 6.4574 6.43726 6.43523 6.42508 6.4469 6.44923 6.4017 6.39927 6.39697 6.39348 6.39042 6.39439 6.39131 6.39281 6.38831 6.3875 6.386 6.38554
6.54705 6.48755 6.53604 6.53873 6.5789 6.61208 6.6264 6.57062 6.56715 6.55608 6.53676 6.49575 6.47399 6.47093 6.47261 6.48326 6.48122 6.4902 6.49172 6.49602 6.4816 6.42147 6.40901 6.429 6.4361 6.43426 6.45164 6.45019 6.45378 6.41851 6.4258 6.43427 6.41783 6.38654 6.40066 6.43665 6.43822 6.43753 6.42703 6.44333 6.44032 6.43539 6.42937 6.41681 6.43402 6.445 6.41866 6.42645 6.41308 6.40846 6.42612 6.42726 6.43779 6.41534 6.4288 6.4036 6.38437 6.37598 6.38081 6.36966 6.36912 6.37264 6.37149 6.3683 6.36641 6.36511 6.36388
6.54658 6.51596 6.48381 6.52449 6.58007 6.6097 6.61666 6.58757 6.57734 6.51798 6.51633 6.49628 6.48991 6.47346 6.46955 6.43882 6.42704 6.42318 6.41659 6.4158 6.42232 6.4217 6.42608 6.45924 6.45488 6.41957 6.46523 6.46874 6.44524 6.44171 6.45286 6.44601 6.41482 6.37145 6.40919 6.45791 6.45915 6.43477 6.43175 6.44043 6.43399 6.41452 6.39701 6.39266 6.39296 6.39107 6.38955 6.3813 6.38118 6.38167 6.39047 6.39764 6.4054 6.42357 6.39499 6.39232 6.39798 6.35428 6.35552 6.35277 6.35121 6.35461 6.35399 6.35039 6.34742 6.34511 6.34539
6.55331 6.49261 6.47261 6.51438 6.5126 6.56911 6.56847 6.54549 6.55246 6.53878 6.55744 6.54858 6.51386 6.46514 6.44286 6.43331 6.42904 6.42434 6.39968 6.43144 6.42017 6.41295 6.43917 6.45036 6.45747 6.44793 6.43426 6.45211 6.41852 6.40728 6.41776 6.38256 6.40609 6.40022 6.34895 6.41863 6.41594 6.41425 6.40001 6.41348 6.38325 6.38465 6.40925 6.38393 6.37305 6.36893 6.36729 6.357 6.36135 6.35961 6.36941 6.36025 6.37771 6.37325 6.38613 6.37028 6.37411 6.34528 6.33815 6.33627 6.33373 6.33325 6.33066 6.33206 6.32894 6.32786 6.32616
6.53422 6.49356 6.4708 6.47639 6.51046 6.57198 6.56978 6.53872 6.53889 6.53886 6.50546 6.48894 6.49055 6.50022 6.4317 6.43125 6.43128 6.40392 6.41562 6.3963 6.44693 6.44939 6.42045 6.46905 6.44322 6.42799 6.42719 6.40121 6.404 6.42115 6.42546 6.40208 6.36385 6.33232 6.35161 6.38131 6.36823 6.39889 6.37631 6.35117 6.38311 6.35793 6.36902 6.36994 6.36328 6.36342 6.34895 6.34268 6.33856 6.35605 6.35495 6.34862 6.36658 6.35371 6.36236 6.35673 6.34749 6.32632 6.31572 6.31065 6.31034 6.31343 6.31059 6.31058 6.31002 6.3068 6.30751
6.55718 6.5231 6.43527 6.492 6.53269 6.55492 6.5229 6.49996 6.49478 6.48475 6.48001 6.46803 6.48173 6.47166 6.46428 6.47547 6.47227 6.46579 6.47121 6.42162 6.42286 6.39711 6.41469 6.40284 6.3945 6.40506 6.40779 6.4015 6.3883 6.36068 6.37823 6.36791 6.36158 6.34711 6.3095 6.3485 6.34242 6.33171 6.3213 6.32062 6.32895 6.35596 6.35047 6.33394 6.33855 6.34004 6.33652 6.32658 6.32282 6.32604 6.33031 6.33105 6.32546 6.33417 6.3438 6.33062 6.33646 6.31322 6.30095 6.2969 6.29262 6.29091 6.29189 6.29214 6.29283 6.29083 6.29288
6.48851 6.45794 6.44848 6.52904 6.4826 6.5405 6.52157 6.49709 6.50558 6.50432 6.49144 6.49175 6.46204 6.47757 6.43417 6.40697 6.44664 6.42606 6.43576 6.42895 6.43973 6.42727 6.38723 6.37663 6.37482 6.35792 6.35256 6.36842 6.39725 6.36144 6.36108 6.32482 6.29945 6.31166 6.31083 6.29389 6.29613 6.29828 6.30781 6.30023 6.30183 6.3094 6.32378 6.33229 6.32356 6.31577 6.3104 6.30406 6.30971 6.31873 6.36215 6.35145 6.32649 6.32816 6.32519 6.31426 6.31438 6.29973 6.28211 6.27994 6.27627 6.27648 6.2745 6.27295 6.27391 6.27596 6.27519
6.50798 6.44818 6.43354 6.49061 6.54062 6.57573 6.51387 6.50622 6.53274 6.50775 6.49327 6.46795 6.48853 6.46748 6.45672 6.42908 6.39767 6.40139 6.36704 6.37479 6.39892 6.39958 6.3847 6.38892 6.3913 6.40209 6.33957 6.32043 6.37428 6.37719 6.30303 6.3364 6.32292 6.301 6.29041 6.27305 6.28671 6.29967 6.28571 6.2915 6.29101 6.28523 6.29154 6.28293 6.28335 6.28647 6.29616 6.30194 6.3222 6.3347 6.31299 6.31271 6.32441 6.32175 6.31689 6.31033 6.29836 6.2841 6.27088 6.25902 6.2579 6.25465 6.2562 6.25506 6.25529 6.25509 6.25658
6.44611 6.47688 6.47264 6.40909 6.46553 6.52686 6.52204 6.49014 6.4971 6.50776 6.51899 6.4998 6.50118 6.47449 6.46968 6.47129 6.45866 6.41156 6.40125 6.37364 6.35805 6.35387 6.35906 6.34953 6.35338 6.34501 6.34264 6.34135 6.30702 6.3336 6.29758 6.34973 6.27808 6.27184 6.30288 6.31656 6.27687 6.25543 6.26025 6.28128 6.29155 6.28264 6.27218 6.29214 6.2903 6.28881 6.30618 6.32041 6.31947 6.29146 6.2881 6.29576 6.29189 6.30669 6.29355 6.29854 6.29243 6.27958 6.26045 6.24494 6.24344 6.24183 6.2393 6.23873 6.23972 6.23902 6.23949
6.49962 6.54814 6.44932 6.46238 6.46645 6.54207 6.52905 6.47755 6.47722 6.45594 6.45031 6.47785 6.46391 6.45474 6.47257 6.43131 6.41011 6.423 6.42391 6.4037 6.3682 6.35908 6.34778 6.32059 6.32409 6.31483 6.30789 6.32702 6.33685 6.28701 6.30632 6.31203 6.33859 6.30021 6.27251 6.31893 6.28454 6.25769 6.23748 6.26244 6.26824 6.27805 6.27721 6.274 6.27795 6.27481 6.28791 6.29067 6.31283 6.30584 6.28791 6.27971 6.28432 6.27357 6.30301 6.28344 6.29042 6.27272 6.24591 6.23236 6.22693 6.22753 6.22606 6.21898 6.22355 6.22335 6.22382
6.53883 6.51211 6.48035 6.49695 6.50172 6.54396 6.48886 6.49265 6.51556 6.54197 6.46118 6.4239 6.40589 6.41112 6.40255 6.43366 6.4204 6.40143 6.37002 6.3956 6.39039 6.37442 6.35997 6.33007 6.3272 6.3131 6.33794 6.33202 6.31331 6.28781 6.26727 6.29383 6.29217 6.28592 6.30607 6.25347 6.24254 6.24312 6.24252 6.26369 6.26626 6.28733 6.27192 6.27363 6.27129 6.27333 6.28993 6.26817 6.28284 6.28994 6.2945 6.29514 6.26836 6.28783 6.26421 6.27071 6.27275 6.26236 6.23658 6.21936 6.21173 6.21032 6.20766 6.20688 6.19882 6.20437 6.20477
6.56489 6.55633 6.51694 6.49887 6.56912 6.65544 6.53701 6.49422 6.47736 6.46506 6.46051 6.45213 6.43184 6.40584 6.39593 6.37185 6.36486 6.36181 6.36256 6.36325 6.34191 6.34483 6.32754 6.3459 6.32955 6.33395 6.34879 6.3369 6.33977 6.28646 6.26129 6.24409 6.2292 6.22356 6.2232 6.21801 6.21497 6.21678 6.21358 6.23083 6.25861 6.26246 6.27171 6.28092 6.28582 6.27891 6.26842 6.25494 6.25941 6.26199 6.26673 6.25912 6.27693 6.25744 6.27415 6.27874 6.26315 6.25077 6.24075 6.2119 6.19931 6.1975 6.19386 6.19209 6.18932 6.18655 6.18868
6.55591 6.53887 6.55055 6.5001 6.50874 6.49732 6.48908 6.46902 6.4585 6.43964 6.44003 6.4265 6.43058 6.42143 6.40321 6.40287 6.40796 6.37049 6.38501 6.34622 6.34005 6.33459 6.35008 6.31675 6.27909 6.31617 6.3062 6.31612 6.29849 6.32392 6.27477 6.23724 6.21898 6.22114 6.23111 6.22271 6.22424 6.21353 6.20139 6.21369 6.20384 6.21998 6.24065 6.23308 6.25596 6.24063 6.23147 6.24272 6.29083 6.26454 6.26998 6.28037 6.25535 6.25887 6.25242 6.2654 6.25697 6.24369 6.24731 6.20283 6.18739 6.18246 6.17971 6.17793 6.17532 6.17211 6.17167
6.52503 6.59488 6.54435 6.53101 6.52917 6.50314 6.47194 6.47974 6.4842 6.48057 6.43945 6.41649 6.3866 6.37454 6.39748 6.38476 6.37635 6.37426 6.34715 6.34786 6.35336 6.35315 6.34191 6.33287 6.29331 6.30031 6.24537 6.23865 6.25689 6.25833 6.23558 6.20127 6.2144 6.22485 6.19447 6.18432 6.19485 6.19066 6.18055 6.20705 6.19579 6.19339 6.1954 6.20389 6.21004 6.21294 6.22508 6.26444 6.26129 6.27668 6.24483 6.24017 6.25368 6.23774 6.2392 6.2331 6.23586 6.22965 6.2427 6.1912 6.17362 6.16673 6.16365 6.16192 6.15938 6.15719 6.15403
6.54185 6.59962 6.52878 6.48346 6.46439 6.47647 6.46286 6.43506 6.42387 6.46216 6.46789 6.44147 6.42184 6.39937 6.37708 6.34402 6.32984 6.35236 6.34949 6.33574 6.30333 6.317 6.31252 6.37129 6.32342 6.31671 6.31051 6.26752 6.20703 6.20007 6.20215 6.23432 6.2214 6.22822 6.215 6.22569 6.17752 6.16135 6.16679 6.21988 6.20636 6.1971 6.19637 6.19168 6.19089 6.22138 6.23342 6.23014 6.23251 6.26284 6.23643 6.21911 6.22603 6.2291 6.2436 6.21789 6.21239 6.21351 6.21923 6.16902 6.15769 6.15278 6.14981 6.14786 6.1447 6.14339 6.14313
6.54401 6.52332 6.50271 6.46228 6.44406 6.43649 6.45609 6.42171 6.4257 6.38494 6.4168 6.4364 6.39855 6.44107 6.3993 6.36011 6.36437 6.31553 6.29345 6.28778 6.27538 6.27073 6.27928 6.26807 6.26541 6.23598 6.23846 6.21131 6.22081 6.21451 6.24277 6.23137 6.27895 6.24667 6.25517 6.20778 6.18666 6.15162 6.17729 6.18909 6.18576 6.21196 6.19987 6.17521 6.184 6.20251 6.20916 6.21765 6.24114 6.24274 6.23257 6.2117 6.2083 6.20164 6.21103 6.19584 6.19696 6.21589 6.21266 6.1517 6.14222 6.13871 6.13635 6.13324 6.1315 6.13019 6.12922
6.56365 6.48248 6.45696 6.447 6.42686 6.41026 6.39029 6.37883 6.39321 6.36502 6.34814 6.36443 6.39254 6.38019 6.37804 6.33571 6.34538 6.32778 6.32145 6.32257 6.30827 6.33055 6.32187 6.31115 6.26544 6.22752 6.25265 6.23402 6.26925 6.24878 6.26347 6.24586 6.23172 6.22206 6.2151 6.22405 6.20539 6.17137 6.14199 6.14838 6.19153 6.15531 6.18748 6.17304 6.15773 6.18138 6.18729 6.19166 6.19722 6.20585 6.20005 6.21013 6.21335 6.1957 6.1824 6.18761 6.19073 6.22668 6.17255 6.13196 6.12486 6.12292 6.11996 6.11754 6.11848 6.11502 6.11418
6.55845 6.60577 6.483 6.47573 6.44364 6.50089 6.4676 6.42282 6.41012 6.40481 6.38357 6.37728 6.3234 6.29429 6.31285 6.35881 6.31737 6.27374 6.31765 6.30342 6.31458 6.3079 6.3284 6.28431 6.27601 6.26174 6.24167 6.22443 6.22786 6.21634 6.19569 6.20216 6.19973 6.21255 6.19032 6.19074 6.19114 6.18784 6.1596 6.12793 6.12764 6.12772 6.12679 6.13085 6.14502 6.1635 6.15591 6.15068 6.15915 6.15582 6.16772 6.17933 6.18015 6.18134 6.17388 6.17068 6.19091 6.18691 6.12449 6.11501 6.111 6.10872 6.10619 6.10384 6.10335 6.10129 6.09958
6.50466 6.45878 6.43852 6.52165 6.48127 6.4657 6.43041 6.37642 6.42435 6.39346 6.4172 6.40759 6.41487 6.37382 6.30708 6.26719 6.24695 6.24532 6.23876 6.24215 6.23634 6.26375 6.23849 6.25344 6.2335 6.20475 6.18986 6.18868 6.17176 6.16797 6.17382 6.15796 6.15468 6.19059 6.17691 6.1688 6.16722 6.16249 6.17665 6.16681 6.11665 6.16562 6.13647 6.12082 6.11872 6.13515 6.13903 6.14126 6.14736 6.14431 6.15284 6.14857 6.14943 6.16044 6.15672 6.16063 6.1552 6.12416 6.10573 6.10085 6.09786 6.09476 6.0921 6.09162 6.08963 6.0888 6.08688
6.5193 6.46398 6.47055 6.44282 6.36732 6.39717 6.3772 6.4168 6.39933 6.34875 6.3234 6.33801 6.35848 6.34112 6.34716 6.31974 6.27686 6.21954 6.23962 6.22921 6.20775 6.18164 6.18269 6.18525 6.17826 6.16859 6.1678 6.15039 6.14489 6.15559 6.14585 6.15304 6.12653 6.16857 6.1594 6.15027 6.15352 6.15345 6.11404 6.13315 6.12936 6.09699 6.14875 6.12414 6.10503 6.1175 6.11911 6.12248 6.12541 6.12464 6.13536 6.13802 6.13961 6.15271 6.14603 6.13698 6.1228 6.09655 6.08798 6.08577 6.08323 6.08096 6.07868 6.07779 6.07496 6.07381 6.07439
6.4728 6.42699 6.41632 6.38686 6.38129 6.34713 6.35772 6.37412 6.3503 6.31847 6.31428 6.32987 6.33531 6.28072 6.24502 6.25343 6.23191 6.25977 6.27735 6.26286 6.24926 6.23054 6.19937 6.18101 6.16923 6.17433 6.1569 6.15756 6.17508 6.13933 6.17863 6.15525 6.14704 6.13491 6.10335 6.11101 6.10567 6.09997 6.09244 6.10165 6.09481 6.12788 6.12748 6.10774 6.09758 6.10342 6.10052 6.10617 6.10644 6.10922 6.12263 6.12089 6.1282 6.13685 6.13139 6.11293 6.09266 6.08055 6.07467 6.07287 6.07116 6.06924 6.06667 6.06529 6.06327 6.06299 6.06287
6.41999 6.3992 6.39108 6.39776 6.35676 6.3619 6.50477 6.49029 6.42092 6.38834 6.40714 6.37154 6.35578 6.34614 6.34036 6.30567 6.30634 6.29834 6.28945 6.25927 6.22698 6.20208 6.18825 6.1724 6.17738 6.20711 6.16169 6.19057 6.16518 6.15557 6.1777 6.15428 6.14538 6.14568 6.15097 6.14125 6.14036 6.0964 6.09926 6.0738 6.105 6.08441 6.08607 6.09149 6.09602 6.1097 6.12436 6.15108 6.12032 6.10889 6.10185 6.10654 6.11338 6.10862 6.09803 6.08915 6.07453 6.06541 6.06242 6.06069 6.06 6.05644 6.05469 6.05273 6.05206 6.05207 6.05127
6.47709 6.4651 6.43523 6.40746 6.40086 6.40004 6.4817 6.45339 6.40182 6.37142 6.33479 6.32901 6.31197 6.30946 6.33997 6.29844 6.28079 6.28039 6.28721 6.28439 6.25633 6.25214 6.20793 6.20791 6.2264 6.2301 6.19921 6.18074 6.16861 6.17059 6.16526 6.15285 6.16109 6.16289 6.14582 6.15119 6.1501 6.13541 6.11942 6.08078 6.07759 6.0823 6.12272 6.10005 6.10314 6.132 6.13273 6.1344 6.11763 6.12435 6.10806 6.09327 6.08925 6.08559 6.0814 6.06796 6.05727 6.05174 6.04947 6.04825 6.04673 6.0438 6.04125 6.04043 6.04017 6.04018 6.04018
6.7822 6.52401 6.49259 6.44531 6.41913 6.41506 6.56405 6.5947 6.45914 6.40141 6.36238 6.30998 6.30726 6.27756 6.24423 6.26567 6.27702 6.26777 6.22657 6.22712 6.23039 6.21063 6.23257 6.21469 6.18531 6.17684 6.19285 6.1955 6.18916 6.16944 6.15616 6.15166 6.15515 6.12169 6.12713 6.08931 6.08271 6.06816 6.05909 6.06392 6.06572 6.06 6.09667 6.09432 6.10904 6.12528 6.11307 6.09843 6.09693 6.10925 6.10181 6.09158 6.07371 6.07012 6.06447 6.05358 6.04429 6.03944 6.03849 6.0367 6.03394 6.0327 6.03011 6.02995 6.02973 6.02939 6.03008
6.49881 6.45635 6.43471 6.43956 6.39952 6.38179 6.34373 6.33785 6.36667 6.34584 6.32775 6.31755 6.27861 6.26596 6.24497 6.22138 6.20873 6.21859 6.22283 6.23029 6.1785 6.17435 6.1785 6.17917 6.17082 6.15294 6.15259 6.1574 6.14913 6.14795 6.14873 6.1611 6.09805 6.07925 6.0739 6.06943 6.0516 6.06971 6.06523 6.07171 6.04717 6.04102 6.05447 6.07005 6.07813 6.09063 6.07254 6.07479 6.08205 6.08488 6.08149 6.07577 6.06561 6.05435 6.04795 6.03819 6.03287 6.0283 6.027 6.02439 6.02213 6.02152 6.01983 6.01984 6.01985 6.01995 6.01971
6.38873 6.38822 6.41741 6.36571 6.37388 6.40729 6.37127 6.30956 6.27736 6.28889 6.28229 6.27861 6.27735 6.27071 6.25221 6.22828 6.21347 6.19153 6.17043 6.17866 6.15421 6.15072 6.15364 6.1625 6.12978 6.11546 6.101 6.11961 6.12516 6.0846 6.10916 6.09024 6.07564 6.05444 6.07818 6.08172 6.09175 6.07452 6.06637 6.08158 6.05112 6.04088 6.04734 6.09793 6.106 6.08489 6.07371 6.06419 6.07644 6.06993 6.07179 6.06274 6.04839 6.04664 6.0341 6.02806 6.02153 6.01686 6.01495 6.01252 6.01139 6.01025 6.00877 6.0091 6.00885 6.00874 6.00909
6.39669 6.4015 6.34136 6.33603 6.32291 6.30139 6.32527 6.32699 6.30262 6.28049 6.25225 6.22219 6.2301 6.21201 6.19852 6.20361 6.20509 6.18527 6.19423 6.19443 6.18309 6.15176 6.17052 6.14027 6.14768 6.18105 6.15759 6.13878 6.13624 6.13659 6.10636 6.08308 6.08849 6.10428 6.11475 6.14887 6.09857 6.07405 6.07501 6.05465 6.02699 6.02106 6.04975 6.06012 6.06953 6.0794 6.09349 6.06842 6.06914 6.07207 6.06085 6.05501 6.04447 6.03628 6.02903 6.01941 6.01254 6.00743 6.00531 6.0033 6.00157 6.00049 5.99946 5.99956 5.99976 5.99978 6.0
6.42271 6.41001 6.3665 6.41765 6.33217 6.32004 6.3334 6.29783 6.26385 6.26091 6.29314 6.27849 6.32217 6.3051 6.27057 6.27142 6.24815 6.22305 6.20155 6.19718 6.20367 6.17621 6.20353 6.18914 6.1754 6.15881 6.14936 6.14035 6.1495 6.15447 6.12413 6.15472 6.12973 6.12648 6.15603 6.14137 6.11839 6.0942 6.04603 6.02641 6.03149 6.01215 6.03385 6.06661 6.07354 6.09964 6.08348 6.06428 6.08048 6.06916 6.05622 6.04237 6.03654 6.02823 6.02245 6.00983 6.00364 5.99848 5.99544 5.99389 5.99237 5.99113 5.99047 5.9905 5.99088 5.99057 5.991
