data/70052_lisa.smith_annual_Lat_elev_map/70052_lisa.smith_annual_Lat_elev_map/stdreg.asc
ncols 412
nrows 280
xllcorner -103.69999694824219
yllcorner 24.166666676
cellsize 0.0833333333
NODATA_value -9999
[rows 0 to 29 of 280, columns 268 to 334 of 412]
6.41884 6.41814 6.41696 6.41672 6.41696 6.41701 6.4179 6.46549 6.41616 6.45034 6.43719 6.41871 6.4148 6.41291 6.41458 6.41224 6.41215 6.41265 6.41189 6.41392 6.41811 6.43671 6.43679 6.42751 6.42787 6.41842 6.41551 6.41299 6.41457 6.41371 6.41198 6.4119 6.41289 6.41207 6.41187 6.41191 6.41204 6.41594 6.41269 6.41267 6.412 6.41446 6.41197 6.41307 6.41346 6.41465 6.41188 6.41212 6.41267 6.41277 6.41444 6.41714 6.41213 6.41276 6.41227 6.41394 6.41375 6.41343 6.41715 6.41304 6.41928 6.42229 6.42081 6.42451 6.41792 6.41902 6.41989
6.40108 6.39664 6.39591 6.39459 6.39512 6.39605 6.39729 6.44519 6.40261 6.40515 6.39681 6.39652 6.39868 6.39308 6.39199 6.39281 6.39304 6.39399 6.39244 6.39203 6.39198 6.39449 6.41705 6.40287 6.40542 6.39541 6.39796 6.39325 6.39519 6.39324 6.39216 6.39204 6.39213 6.39194 6.39199 6.39247 6.39403 6.3956 6.39372 6.39239 6.39243 6.39202 6.39276 6.39206 6.39714 6.39356 6.39222 6.39197 6.3938 6.39349 6.39208 6.39281 6.39614 6.39326 6.39441 6.39403 6.39314 6.39318 6.39348 6.39311 6.40222 6.40496 6.40316 6.39555 6.39751 6.39575 6.39726
6.37918 6.37864 6.38241 6.37465 6.37632 6.37768 6.37852 6.38151 6.3758 6.396 6.37651 6.40915 6.37555 6.37262 6.37334 6.37284 6.37298 6.37378 6.37277 6.37388 6.37286 6.37541 6.37269 6.39796 6.37557 6.37609 6.3763 6.37277 6.37355 6.37311 6.37246 6.37265 6.37255 6.37504 6.37428 6.37365 6.37464 6.37334 6.37592 6.37467 6.37558 6.37395 6.37268 6.37434 6.37831 6.37297 6.3745 6.37435 6.37463 6.3743 6.3747 6.37344 6.37376 6.37726 6.37339 6.37539 6.37524 6.3738 6.37358 6.37487 6.37382 6.37467 6.37633 6.37582 6.38154 6.38856 6.37292
6.35857 6.35669 6.36043 6.36953 6.3524 6.36476 6.36125 6.35786 6.35571 6.36551 6.35789 6.35818 6.35242 6.35142 6.35229 6.35106 6.35106 6.35387 6.35182 6.35228 6.35137 6.35656 6.35115 6.36 6.36469 6.35881 6.35128 6.35151 6.3515 6.35151 6.35214 6.35159 6.35117 6.35134 6.35128 6.35395 6.35148 6.3545 6.35675 6.35199 6.35144 6.35279 6.3538 6.36001 6.35176 6.35122 6.35348 6.35748 6.3549 6.35291 6.35302 6.35632 6.35581 6.35425 6.35254 6.35544 6.35579 6.3567 6.35234 6.35307 6.36201 6.35126 6.35892 6.3514 6.3512 6.35107 6.35254
6.33874 6.34146 6.3482 6.35065 6.33636 6.33486 6.33842 6.33849 6.33731 6.33255 6.33392 6.33404 6.33264 6.3335 6.33356 6.33253 6.33631 6.335 6.33259 6.33251 6.33251 6.33265 6.33251 6.34237 6.34353 6.33361 6.33302 6.33396 6.33715 6.33419 6.33286 6.33436 6.33259 6.33274 6.33314 6.3326 6.33251 6.3331 6.33351 6.33252 6.33252 6.33264 6.33511 6.33367 6.33259 6.33342 6.33678 6.34122 6.33603 6.33429 6.33498 6.33412 6.33368 6.33483 6.33415 6.33506 6.33493 6.33537 6.33436 6.33576 6.33468 6.33541 6.33404 6.33745 6.33432 6.33269 6.33837
6.32685 6.32712 6.32 6.32575 6.32883 6.31948 6.3153 6.31622 6.31634 6.3146 6.31553 6.3144 6.31453 6.31439 6.31505 6.31471 6.31446 6.3145 6.31471 6.31526 6.31499 6.31441 6.31439 6.31442 6.32703 6.31621 6.31746 6.31675 6.31478 6.31445 6.31445 6.31578 6.31497 6.31447 6.31541 6.31641 6.31456 6.31474 6.31439 6.31461 6.31449 6.3144 6.31578 6.31441 6.31585 6.32046 6.32072 6.32128 6.32358 6.31462 6.31965 6.32269 6.322 6.32019 6.31628 6.32127 6.32342 6.31854 6.31544 6.322 6.31578 6.31555 6.3193 6.31784 6.31982 6.3168 6.31534
6.30391 6.31154 6.31084 6.30526 6.30304 6.30062 6.29584 6.29538 6.29457 6.29452 6.29619 6.29728 6.29484 6.29634 6.29682 6.29619 6.29534 6.29518 6.29471 6.29453 6.29452 6.29484 6.29457 6.29462 6.29455 6.29704 6.29676 6.29919 6.29843 6.29473 6.29455 6.29472 6.29767 6.2949 6.29572 6.29464 6.29493 6.29484 6.29453 6.29561 6.2948 6.29453 6.29463 6.29669 6.29761 6.29783 6.29872 6.30281 6.30488 6.2963 6.29533 6.29779 6.30063 6.3023 6.31322 6.30762 6.31247 6.29659 6.2974 6.29852 6.30004 6.30157 6.29504 6.30358 6.29727 6.29502 6.30032
6.28589 6.28868 6.28601 6.28706 6.28335 6.2774 6.27731 6.27762 6.2786 6.28092 6.27738 6.27752 6.278 6.27841 6.27746 6.27904 6.27861 6.2778 6.27732 6.27731 6.2775 6.27744 6.27741 6.27758 6.27892 6.28336 6.28128 6.28219 6.28027 6.28057 6.27947 6.28131 6.27732 6.27737 6.27782 6.27768 6.27769 6.27731 6.27731 6.27812 6.27853 6.27763 6.27749 6.27858 6.28454 6.29753 6.28311 6.28576 6.28241 6.28165 6.27952 6.2797 6.28117 6.28149 6.29235 6.28514 6.28508 6.28338 6.28129 6.279 6.27827 6.28264 6.27734 6.28111 6.28702 6.29009 6.28865
6.26609 6.27099 6.27311 6.26775 6.26161 6.26061 6.26051 6.26177 6.26301 6.26268 6.2611 6.26051 6.26692 6.26173 6.26196 6.26067 6.26055 6.2611 6.26084 6.26207 6.26099 6.26205 6.26056 6.26073 6.26064 6.26103 6.26065 6.26341 6.26524 6.26575 6.26502 6.26165 6.26376 6.26143 6.26055 6.26109 6.26056 6.26144 6.26061 6.2607 6.26483 6.26965 6.26065 6.26051 6.26052 6.26683 6.26336 6.2695 6.2693 6.26353 6.26108 6.26404 6.2618 6.26318 6.26122 6.2649 6.26379 6.27042 6.26964 6.26951 6.26668 6.26226 6.26185 6.26667 6.2621 6.27248 6.27651
6.24362 6.24994 6.24512 6.24708 6.24385 6.24228 6.24211 6.24295 6.24723 6.24373 6.24596 6.24674 6.24815 6.2442 6.24245 6.24322 6.24285 6.24451 6.24416 6.24337 6.24396 6.24259 6.24254 6.24236 6.24221 6.24211 6.24211 6.24217 6.24294 6.24352 6.24891 6.24449 6.24216 6.24249 6.24212 6.24245 6.24212 6.24309 6.24238 6.24228 6.24548 6.24347 6.24478 6.24894 6.24222 6.24865 6.24374 6.24362 6.25701 6.24418 6.24311 6.24334 6.24482 6.24688 6.24493 6.24675 6.24358 6.24395 6.24212 6.24224 6.24324 6.24571 6.24912 6.24953 6.2538 6.25919 6.25148
6.22878 6.22638 6.23008 6.22897 6.22901 6.22837 6.22836 6.22623 6.22858 6.22782 6.2295 6.23035 6.2311 6.22854 6.23095 6.23062 6.22989 6.22827 6.22725 6.22621 6.22693 6.22637 6.22644 6.2262 6.2263 6.22645 6.22694 6.22817 6.23635 6.22672 6.23451 6.22844 6.22727 6.22625 6.2268 6.22635 6.22662 6.22635 6.2264 6.22623 6.22645 6.2277 6.22652 6.22619 6.23021 6.22821 6.23806 6.22727 6.22705 6.22624 6.23117 6.22927 6.22634 6.22622 6.22922 6.23504 6.23025 6.23639 6.22945 6.22781 6.22741 6.23543 6.22838 6.23614 6.23437 6.24165 6.24097
6.21688 6.21599 6.21645 6.21558 6.21164 6.21233 6.21375 6.21387 6.21702 6.21507 6.21691 6.21633 6.21912 6.21813 6.21685 6.22216 6.22067 6.21703 6.21253 6.2203 6.21079 6.21068 6.21071 6.21255 6.21166 6.21102 6.21115 6.21195 6.21149 6.2147 6.21477 6.22125 6.21386 6.21459 6.21188 6.21151 6.21074 6.21073 6.21282 6.21387 6.21086 6.21069 6.21449 6.21068 6.21115 6.21707 6.2113 6.21311 6.21124 6.21069 6.21068 6.21105 6.21303 6.21081 6.21561 6.21121 6.21135 6.21068 6.21361 6.21651 6.21072 6.213 6.21612 6.21337 6.23335 6.22344 6.22422
6.1946 6.19581 6.19509 6.19454 6.19887 6.19964 6.19862 6.20405 6.20333 6.19899 6.20267 6.20614 6.2025 6.20449 6.20485 6.20223 6.20029 6.20047 6.20503 6.19903 6.19582 6.19466 6.194 6.19711 6.19779 6.19482 6.19374 6.19451 6.19412 6.19436 6.20102 6.20993 6.20204 6.19403 6.19371 6.1937 6.19431 6.19396 6.19379 6.20732 6.19381 6.19712 6.19371 6.19873 6.19385 6.19653 6.19426 6.19422 6.19582 6.19709 6.19484 6.19824 6.1947 6.19401 6.19452 6.19503 6.19545 6.19393 6.19996 6.19695 6.1937 6.19414 6.19718 6.20433 6.22046 6.20751 6.21314
6.18391 6.18845 6.18858 6.18784 6.18437 6.18183 6.18822 6.19086 6.18923 6.19118 6.1888 6.19324 6.19151 6.19198 6.19597 6.19693 6.19675 6.19591 6.19536 6.19822 6.19074 6.18245 6.17968 6.17911 6.17994 6.17961 6.18186 6.17979 6.17927 6.1801 6.17994 6.18137 6.17997 6.17914 6.18069 6.18171 6.17948 6.18067 6.18409 6.18057 6.18066 6.1803 6.1802 6.18318 6.18023 6.18018 6.17908 6.18215 6.18511 6.18286 6.18349 6.18373 6.17962 6.17919 6.18469 6.1825 6.18049 6.18298 6.17903 6.18098 6.1833 6.17914 6.17912 6.18696 6.20612 6.21179 6.19597
6.17471 6.17212 6.17612 6.16883 6.16761 6.17213 6.17618 6.17723 6.17893 6.17962 6.18313 6.1848 6.18616 6.18457 6.18538 6.18929 6.18933 6.18934 6.18937 6.18904 6.18904 6.18901 6.18936 6.18929 6.18384 6.18208 6.17752 6.17475 6.18755 6.18621 6.19313 6.17897 6.18927 6.17016 6.18453 6.17167 6.16504 6.16917 6.16523 6.16854 6.16978 6.166 6.16766 6.16501 6.16618 6.1656 6.16638 6.16663 6.16475 6.16482 6.16635 6.16568 6.16718 6.16651 6.16477 6.16698 6.16751 6.16527 6.16664 6.16815 6.16671 6.16679 6.16554 6.17154 6.19019 6.18796 6.19332
6.15892 6.16425 6.16335 6.16078 6.15721 6.15877 6.1664 6.16467 6.16601 6.16343 6.16699 6.16747 6.16891 6.17092 6.17069 6.16879 6.16927 6.17094 6.17146 6.17348 6.1743 6.17374 6.17373 6.17415 6.17404 6.15779 6.16134 6.15106 6.15093 6.15278 6.15284 6.15311 6.14948 6.14955 6.14948 6.15089 6.15194 6.15371 6.1537 6.14915 6.17463 6.17102 6.18657 6.14959 6.1632 6.15694 6.15033 6.14923 6.15082 6.14915 6.15426 6.15278 6.14959 6.16502 6.1539 6.16124 6.15009 6.15602 6.14917 6.14977 6.15729 6.15071 6.1666 6.17184 6.18369 6.18221 6.16265
6.14466 6.14389 6.14671 6.14765 6.14968 6.14802 6.15154 6.15301 6.15707 6.15575 6.15165 6.15168 6.15348 6.15185 6.15224 6.15601 6.15097 6.15017 6.15281 6.15268 6.14773 6.14457 6.158 6.15345 6.14187 6.13851 6.14208 6.13575 6.14089 6.1365 6.1407 6.13621 6.13617 6.13721 6.14296 6.13839 6.13786 6.1357 6.13645 6.1399 6.13811 6.14377 6.14589 6.15633 6.15979 6.14999 6.172 6.16143 6.1368 6.14171 6.13571 6.14225 6.14107 6.15453 6.14712 6.14951 6.14282 6.14494 6.13842 6.13627 6.1396 6.14 6.14462 6.16147 6.16485 6.1667 6.15778
6.12962 6.13953 6.14045 6.13752 6.14217 6.13904 6.14572 6.15046 6.14606 6.14322 6.14151 6.14097 6.13998 6.14382 6.14463 6.13967 6.13508 6.13615 6.13441 6.13597 6.14199 6.1315 6.12339 6.12518 6.1282 6.1226 6.12266 6.12328 6.12678 6.12301 6.12345 6.12297 6.12379 6.12366 6.12282 6.12786 6.12566 6.12669 6.12559 6.12548 6.12259 6.13474 6.13232 6.13444 6.13561 6.13684 6.15996 6.15684 6.15214 6.12355 6.12594 6.12928 6.12434 6.12759 6.15145 6.13615 6.12907 6.12787 6.1305 6.1284 6.12375 6.13134 6.12778 6.14945 6.16428 6.15502 6.14122
6.14106 6.14028 6.13812 6.13438 6.13529 6.13765 6.1365 6.13693 6.13414 6.13179 6.12889 6.12984 6.12777 6.12521 6.12415 6.12307 6.11866 6.11816 6.11929 6.11851 6.11856 6.10871 6.10887 6.1089 6.10831 6.11338 6.11172 6.12283 6.11916 6.11243 6.11283 6.11257 6.11024 6.10833 6.11484 6.11326 6.11673 6.10858 6.10909 6.10944 6.12846 6.11247 6.11207 6.11914 6.12679 6.12183 6.12689 6.13419 6.14757 6.17017 6.13881 6.15198 6.10949 6.11551 6.11901 6.1238 6.13415 6.11393 6.10923 6.11483 6.11329 6.12296 6.12014 6.13339 6.14224 6.13746 6.11626
6.13859 6.13576 6.13775 6.13636 6.13433 6.13121 6.12907 6.12869 6.12714 6.12426 6.12252 6.11652 6.11374 6.11384 6.10957 6.10808 6.11029 6.10649 6.1011 6.10212 6.0968 6.09632 6.09865 6.09822 6.09799 6.10353 6.09931 6.09857 6.10398 6.11094 6.10492 6.10121 6.10482 6.10215 6.10079 6.09939 6.10109 6.1039 6.099 6.09621 6.09765 6.09673 6.09919 6.10913 6.10671 6.10251 6.10742 6.11395 6.13916 6.13638 6.15794 6.1404 6.14019 6.13646 6.15575 6.15933 6.13392 6.12063 6.09878 6.0996 6.10959 6.11236 6.11032 6.09697 6.12529 6.11602 6.11076
6.12934 6.12955 6.12448 6.13089 6.13015 6.1289 6.12401 6.12233 6.11819 6.11249 6.11203 6.10442 6.10212 6.09901 6.10016 6.09417 6.09674 6.08968 6.08994 6.08715 6.08456 6.08402 6.08427 6.0851 6.08525 6.08596 6.09231 6.10303 6.10348 6.09711 6.09324 6.10781 6.09515 6.11498 6.09647 6.11544 6.0935 6.08899 6.08526 6.0914 6.09372 6.08403 6.0842 6.0855 6.08884 6.08459 6.08834 6.0898 6.10115 6.11103 6.12271 6.13476 6.14427 6.14589 6.13635 6.13633 6.14498 6.14075 6.09392 6.10331 6.09857 6.09404 6.09042 6.09512 6.11707 6.12193 6.08412
6.12028 6.11162 6.1135 6.11664 6.11822 6.11993 6.11816 6.11631 6.10808 6.1036 6.09833 6.09625 6.09131 6.09139 6.08442 6.08459 6.08658 6.08059 6.07792 6.07345 6.07115 6.07101 6.072 6.07099 6.07133 6.07102 6.08736 6.09109 6.08259 6.0975 6.08484 6.08405 6.07769 6.0889 6.08435 6.0772 6.08205 6.0786 6.09232 6.08334 6.07299 6.08753 6.07101 6.09502 6.07772 6.09014 6.07339 6.07159 6.08153 6.09506 6.09165 6.11331 6.1102 6.12453 6.10707 6.11487 6.1254 6.10658 6.09684 6.09727 6.09053 6.07773 6.07502 6.09626 6.08107 6.10883 6.10991
6.09979 6.10181 6.10995 6.1134 6.10912 6.11674 6.10748 6.11461 6.10637 6.09796 6.0922 6.08873 6.0819 6.08036 6.07083 6.06925 6.068 6.06512 6.06638 6.06245 6.06342 6.06335 6.06416 6.06032 6.05978 6.06001 6.06525 6.07056 6.08674 6.09095 6.07945 6.07719 6.07264 6.07136 6.06851 6.07845 6.0714 6.09101 6.07347 6.07954 6.07278 6.07113 6.0598 6.06104 6.05991 6.07663 6.0963 6.09187 6.06276 6.07508 6.08676 6.09075 6.09117 6.11033 6.10948 6.10072 6.12049 6.11412 6.09319 6.08837 6.09908 6.08591 6.08029 6.07438 6.08546 6.09806 6.09928
6.1071 6.10861 6.10518 6.10262 6.10732 6.09875 6.09874 6.1078 6.10217 6.09184 6.08454 6.08174 6.08109 6.07053 6.0681 6.06362 6.05687 6.05763 6.05618 6.0515 6.05044 6.04956 6.04891 6.04927 6.04891 6.04908 6.04892 6.05108 6.06404 6.06786 6.07803 6.06846 6.05557 6.06768 6.05716 6.06088 6.05917 6.07456 6.05968 6.05175 6.05335 6.05596 6.052 6.04918 6.04891 6.0493 6.06443 6.07129 6.07556 6.081 6.07105 6.07933 6.08151 6.09453 6.08734 6.08363 6.07273 6.12526 6.11822 6.09631 6.10264 6.10665 6.11241 6.13258 6.10425 6.05199 6.06526
6.1086 6.10325 6.10742 6.10298 6.09483 6.09755 6.08848 6.09311 6.08004 6.08327 6.07793 6.07176 6.06711 6.06257 6.0599 6.05325 6.04994 6.04651 6.04941 6.04186 6.03986 6.03742 6.03732 6.0371 6.03718 6.0379 6.03766 6.03911 6.03819 6.049 6.06443 6.04532 6.05383 6.05415 6.06713 6.05594 6.04406 6.04206 6.04607 6.04864 6.04876 6.04387 6.03823 6.03708 6.03709 6.0371 6.03724 6.03708 6.03761 6.04543 6.05012 6.04594 6.05619 6.06328 6.0838 6.08717 6.09332 6.08094 6.08576 6.09786 6.12319 6.12168 6.12748 6.11046 6.12826 6.1361 6.10388
6.11689 6.12053 6.10474 6.09991 6.09891 6.09992 6.08831 6.09832 6.07551 6.07352 6.06794 6.06594 6.06468 6.05508 6.05572 6.06352 6.04665 6.04102 6.03194 6.04053 6.02901 6.02804 6.02733 6.02729 6.02697 6.02747 6.027 6.02692 6.02852 6.02944 6.04275 6.04059 6.03952 6.04519 6.05103 6.04947 6.04702 6.04295 6.03637 6.03864 6.04051 6.04191 6.05625 6.0394 6.02848 6.03074 6.02767 6.02926 6.03645 6.03233 6.0313 6.02756 6.02875 6.04882 6.04061 6.04281 6.04846 6.04199 6.06581 6.07509 6.08826 6.09651 6.09993 6.09692 6.08847 6.1056 6.12649
6.12343 6.11324 6.10323 6.10471 6.1027 6.08975 6.08577 6.09207 6.07196 6.06645 6.0655 6.06644 6.06882 6.05067 6.0453 6.04418 6.04781 6.03486 6.02716 6.02344 6.02907 6.01839 6.01811 6.01715 6.01745 6.0191 6.01805 6.01809 6.01757 6.01709 6.02255 6.01791 6.01743 6.02965 6.03711 6.04064 6.04224 6.04412 6.02561 6.03083 6.02632 6.03146 6.01955 6.01709 6.0194 6.0171 6.01789 6.02042 6.01734 6.01782 6.01781 6.01716 6.01743 6.01841 6.0171 6.04382 6.05626 6.04445 6.04596 6.05316 6.05004 6.06906 6.06922 6.06466 6.06864 6.08164 6.07829
6.01984 6.01767 6.11408 6.09129 6.08281 6.08296 6.07898 6.08649 6.06954 6.06474 6.06095 6.05999 6.05762 6.05099 6.05363 6.04094 6.03359 6.02654 6.02936 6.0223 6.01625 6.01471 6.01473 6.00767 6.0066 6.00718 6.00655 6.0078 6.00646 6.00895 6.00944 6.01186 6.00961 6.00736 6.00856 6.0252 6.0115 6.01714 6.02199 6.01693 6.02084 6.01156 6.01819 6.0088 6.0077 6.00654 6.00906 6.01725 6.01025 6.00768 6.01098 6.01044 6.00701 6.00776 6.01097 6.01583 6.01573 6.02497 6.02556 6.02966 6.03646 6.04736 6.06054 6.06361 6.05844 6.05635 6.07671
6.01608 6.09276 6.07491 6.0666 6.07983 6.07614 6.07506 6.06882 6.06745 6.06354 6.05129 6.05474 6.05528 6.05885 6.04516 6.04029 6.02878 6.02343 6.01844 6.01019 6.01106 6.01437 6.01478 6.00202 6.00013 6.0 5.99774 5.99725 5.99727 5.99739 5.99959 5.99869 5.99884 5.9982 5.9985 5.99973 5.99925 6.01337 6.00452 5.99726 5.99735 5.99731 6.00365 5.99949 5.99919 5.99944 6.00377 6.00428 6.00155 5.99854 6.00484 5.9981 5.99857 5.99724 5.99741 6.00522 6.00239 6.02485 6.0244 6.02289 6.02372 6.02718 6.04467 6.04782 6.04988 6.05947 6.06516
6.01255 6.00874 6.07931 6.09091 6.06737 6.07138 6.05988 6.06462 6.07409 6.05489 6.05389 6.06389 6.04824 6.03879 6.04797 6.03757 6.02542 6.0191 6.01119 6.00533 6.00434 6.00303 6.00445 6.00574 5.99931 5.99401 5.9889 5.9896 5.98859 5.98842 5.98889 5.98883 5.9886 5.98906 5.98847 5.98991 5.99283 5.99493 5.99016 6.00636 5.99775 6.00195 5.98923 5.98842 5.98912 5.98992 5.9916 5.98854 5.98923 5.99072 5.99127 5.98953 5.99457 5.98988 5.98997 5.99384 5.99543 5.99044 6.00879 6.01206 6.03177 6.03725 6.03478 6.03825 6.03963 6.04233 6.04665
