ux = -61.900001525878906
lx = -106.19999694824219
ly = 23.0
uy = 49.599998474121094
cellX = 0.0833333333
cellY = -0.0833333333
