data/70064_lisa.smith_molt/70064_lisa.smith_molt/predreg.asc
ncols 531
nrows 319
xllcorner -106.19999694824219
yllcorner 23.01666515142109
cellsize 0.0833333333
NODATA_value -9999
[rows 168 to 195 of 319, columns 189 to 251 of 531]
-23.3248 -23.2611 -23.2619 -23.275 -23.2865 -23.313 -23.3256 -23.2863 -23.4566 -23.4386 -23.4538 -23.5202 -23.6454 -23.7315 -23.8237 -23.6983 -23.8152 -23.8467 -23.9484 -23.8123 -24.3115 -24.2525 -24.3841 -24.3689 -24.5958 -24.2656 -24.124 -24.1592 -24.419 -24.2882 -24.8305 -25.3507 -24.6874 -25.2818 -24.9882 -26.1392 -25.5215 -25.9062 -24.9339 -24.6675 -24.9665 -24.912 -25.22 -25.2641 -25.1151 -25.2015 -25.233 -25.2707 -25.4492 -26.18 -26.9638 -26.5629 -27.0271 -26.6634 -26.5778 -26.528 -26.2814 -26.5079 -29.7461 -29.4749 -29.6078 -29.3875 -29.2251
-23.1072 -23.1195 -23.1193 -23.1318 -23.1579 -23.1702 -23.2093 -23.2707 -23.4522 -23.7651 -23.4884 -23.4176 -23.3999 -23.5047 -23.7304 -23.656 -23.8314 -23.9901 -24.1749 -24.2637 -23.9452 -23.9158 -24.133 -24.273 -24.2807 -24.3132 -24.0631 -24.329 -24.1117 -24.6247 -23.9957 -24.7935 -25.1385 -25.558 -25.9079 -26.0731 -25.2858 -25.5725 -25.7665 -24.8751 -25.2686 -25.4819 -24.7119 -24.7861 -25.0998 -24.9976 -25.0435 -25.1168 -25.3178 -25.8383 -25.6403 -26.6851 -26.6271 -26.6144 -26.5103 -26.3369 -27.3055 -27.0908 -27.8843 -29.7205 -29.7065 -29.6743 -30.4429
-22.9486 -22.9615 -22.9746 -22.9873 -22.987 -23.0005 -23.0871 -23.6806 -23.7601 -23.4982 -23.3791 -23.3743 -23.325 -23.2851 -23.3554 -23.3932 -23.3461 -23.4975 -24.0433 -24.1266 -24.0533 -23.8365 -23.7431 -24.2452 -24.4851 -23.9159 -24.0487 -24.0213 -23.9547 -24.268 -24.0213 -25.0609 -24.7169 -25.2885 -25.3078 -25.3397 -25.2734 -25.9802 -25.9378 -25.4773 -25.8283 -25.8103 -25.0517 -25.3741 -25.105 -24.9639 -25.1201 -25.1517 -25.0956 -25.1859 -25.3015 -25.7189 -26.001 -26.3301 -26.4776 -29.0487 -29.6866 -29.6556 -26.8336 -29.4496 -30.4703 -29.0013 -25.3573
-22.7971 -22.8104 -22.8355 -22.8482 -22.8605 -23.0214 -23.3493 -23.1328 -23.2664 -23.268 -23.1431 -23.241 -23.4023 -23.4609 -23.3327 -23.5273 -23.7464 -23.3636 -23.6934 -23.9493 -24.1094 -24.0181 -23.7415 -24.0408 -23.9615 -23.6648 -23.7365 -23.6541 -23.4988 -23.7206 -23.6207 -24.7782 -25.1613 -25.57 -25.4674 -25.6763 -25.9102 -25.3783 -25.7161 -25.9955 -25.4457 -25.2748 -25.3658 -25.9818 -26.033 -26.1869 -25.7391 -25.6789 -25.9152 -25.8399 -26.3993 -26.184 -26.0781 -26.2695 -26.0533 -29.5835 -29.5765 -29.3253 -29.3185 -29.1497 -29.5891 -25.1289 -30.393
-22.6596 -22.6614 -22.6855 -22.7118 -22.6996 -23.2056 -22.9883 -22.9333 -23.0734 -23.1107 -22.9156 -22.9937 -23.043 -23.3915 -23.527 -23.7414 -23.5203 -23.541 -23.3453 -23.5806 -23.9912 -23.85 -23.7494 -24.1618 -23.8928 -23.5775 -23.9392 -23.3444 -23.8355 -23.8257 -24.2689 -24.2399 -25.0101 -25.3914 -25.6031 -25.5787 -25.712 -25.5955 -25.5779 -25.4086 -25.5353 -25.2636 -25.303 -25.1443 -25.9032 -25.7875 -24.9021 -26.0029 -25.2715 -25.5181 -25.9217 -25.9769 -25.7312 -25.6834 -25.734 -25.7937 -29.4477 -29.2336 -28.3515 -30.4558 -28.2397 -26.0634 -29.0021
-22.4822 -22.4948 -22.5599 -22.5459 -22.5333 -22.6172 -22.9099 -22.9152 -22.9015 -23.1454 -22.8932 -23.0319 -23.1868 -23.2629 -23.5398 -23.8012 -24.0843 -23.5722 -23.3831 -23.2821 -23.4281 -23.3581 -23.7265 -23.9293 -23.7663 -23.5518 -23.2228 -23.3186 -23.6464 -24.3949 -23.9292 -24.7343 -24.7348 -25.8084 -25.2093 -25.0758 -24.8756 -25.2925 -25.512 -25.4328 -24.4629 -24.7654 -25.3585 -24.9562 -25.2169 -24.5658 -24.4808 -25.3368 -24.5945 -25.6345 -25.4207 -25.2587 -25.3765 -25.6229 -29.1049 -29.4052 -28.3511 -29.1983 -27.8353 -29.0653 -24.6035 -29.598 -29.0354
-22.3352 -22.3349 -22.3485 -22.3745 -22.3477 -22.5695 -22.7185 -22.7686 -22.7875 -22.7993 -23.107 -23.0421 -23.2891 -23.3934 -23.5711 -23.5839 -23.8964 -23.4557 -23.3578 -23.2355 -23.3583 -23.3542 -23.5768 -23.5104 -23.5006 -23.2461 -23.0846 -23.8133 -24.1182 -24.3765 -24.7413 -25.0341 -25.0806 -25.1968 -25.0062 -24.2809 -24.4276 -25.2071 -24.9165 -25.0008 -25.4238 -24.2129 -24.1806 -24.424 -24.8887 -24.1563 -24.2295 -24.4371 -24.3524 -24.5082 -25.0984 -25.3107 -25.454 -25.4322 -27.2163 -27.8504 -26.7403 -24.9758 -28.3229 -24.3956 -28.7827 -27.0352 -24.8471
-22.1897 -22.2033 -22.2041 -22.23 -22.3348 -22.5567 -22.4788 -22.5723 -22.7048 -22.8061 -22.763 -22.6862 -22.8124 -22.9319 -23.1756 -23.758 -23.6604 -23.6271 -23.4485 -23.1028 -23.0147 -23.2971 -23.1711 -23.1399 -23.4112 -23.5387 -23.0218 -23.5544 -23.908 -24.2302 -24.1441 -24.833 -24.9855 -24.9035 -24.1367 -24.4616 -24.5557 -24.7928 -24.8265 -24.5203 -24.5535 -24.6485 -24.2074 -23.9193 -24.59 -24.6966 -25.116 -25.1442 -24.9457 -24.9994 -25.0591 -25.0118 -26.1845 -28.5905 -25.9466 -26.2343 -27.4786 -24.304 -24.0245 -25.1154 -26.5991 -27.8651 -24.1837
-22.0557 -22.0435 -22.0798 -22.068 -22.3422 -22.3134 -22.619 -22.779 -22.8289 -22.7902 -22.8277 -23.0725 -23.1025 -23.0878 -23.1293 -22.9042 -23.6878 -23.6954 -23.5413 -23.0815 -23.0005 -23.335 -22.7889 -23.312 -23.2402 -23.0607 -23.8621 -23.5047 -23.5596 -24.0492 -24.2217 -24.4526 -23.8795 -24.0771 -24.1802 -24.0733 -24.1442 -24.2455 -24.3251 -24.4666 -24.2015 -24.0705 -24.392 -24.8397 -24.6434 -24.7098 -24.6367 -24.3116 -24.549 -25.9749 -27.4289 -25.287 -27.8989 -26.4554 -27.2576 -27.076 -24.2752 -23.6874 -27.2988 -27.0635 -26.185 -26.3127 -24.072
-21.9492 -21.929 -21.8664 -21.9277 -22.2987 -22.3111 -22.4199 -22.3587 -22.2729 -22.6853 -22.7306 -22.6223 -22.9973 -23.3372 -23.3869 -23.2865 -23.2972 -23.3445 -23.1734 -23.1669 -23.0192 -23.3879 -23.0012 -22.7595 -23.2591 -23.3575 -22.938 -23.4711 -23.4483 -23.7333 -22.8172 -23.5261 -23.4229 -23.3668 -23.7481 -23.6673 -23.9291 -23.7595 -23.8846 -23.9588 -23.7244 -23.9287 -24.2304 -24.3062 -24.3979 -24.413 -24.2244 -24.1189 -23.9445 -24.1708 -27.752 -24.4829 -27.8404 -26.6719 -24.8342 -24.7211 -23.7868 -26.1645 -26.3157 -27.2103 -25.1321 -27.5539 -24.3747
-21.6977 -21.7635 -21.7749 -21.7543 -22.0513 -21.9451 -22.4468 -22.0013 -22.2716 -22.4734 -22.6596 -23.005 -23.058 -23.0526 -23.012 -22.9669 -22.8519 -23.2459 -23.377 -23.1917 -23.1717 -22.7796 -23.1143 -22.9219 -22.8386 -23.2301 -23.1571 -23.3526 -23.4265 -23.5498 -23.1213 -22.9059 -23.2092 -23.2308 -22.8328 -23.2124 -23.3287 -23.1473 -23.5451 -23.4536 -23.7559 -23.8509 -23.7741 -23.7454 -23.8707 -24.0601 -25.1143 -24.1331 -23.7549 -23.9271 -26.7895 -25.9345 -27.1217 -24.3154 -23.4027 -23.5216 -24.9725 -26.5366 -27.003 -24.634 -28.7529 -24.8011 -24.5998
-21.7075 -21.6191 -21.607 -21.5944 -21.9122 -21.737 -21.7467 -22.112 -22.2054 -22.3865 -22.4854 -22.7852 -23.2054 -22.652 -22.7104 -22.3299 -23.1408 -22.427 -22.7404 -23.0298 -23.2026 -22.812 -22.9842 -22.8174 -23.017 -23.0381 -23.1096 -23.1138 -23.0009 -23.4284 -23.5393 -22.8553 -22.6989 -22.8256 -22.8819 -23.045 -23.0758 -23.0723 -23.2294 -23.2429 -23.0639 -23.198 -23.4294 -23.3087 -23.5853 -23.8801 -23.4416 -24.4874 -25.3436 -23.9721 -23.6288 -25.9172 -24.4297 -24.4713 -23.4262 -25.2555 -26.4462 -26.6959 -27.2349 -24.4774 -29.3144 -24.6076 -24.3236
-21.5505 -21.4675 -21.4438 -21.611 -21.8807 -21.7266 -21.7642 -21.7758 -22.0345 -22.5578 -22.6007 -22.5778 -22.1932 -22.4159 -22.1639 -22.522 -22.5965 -22.5785 -22.6572 -22.6296 -23.0606 -23.1212 -22.309 -22.7074 -22.3368 -22.4668 -22.7157 -23.0123 -22.6866 -22.9863 -23.9023 -23.6072 -23.7076 -23.1224 -22.7444 -23.4916 -23.4614 -23.394 -23.2764 -23.1668 -23.0389 -23.1183 -22.9611 -23.0305 -23.0896 -23.1544 -23.072 -23.5702 -23.0899 -25.2396 -23.9225 -23.9708 -23.1005 -23.2566 -24.122 -26.185 -26.3 -27.1116 -25.7925 -27.9362 -27.273 -27.6683 -24.169
-21.3347 -21.309 -21.3214 -21.3944 -21.8818 -21.8934 -21.9253 -21.7933 -22.0918 -22.326 -22.2471 -21.8281 -21.7626 -21.864 -22.0907 -22.1705 -22.4213 -22.0439 -22.1761 -22.4933 -22.822 -22.4495 -22.1137 -22.4448 -22.0849 -22.1154 -22.5342 -22.9742 -23.227 -22.9468 -23.1027 -23.4104 -23.8576 -23.935 -23.0656 -22.9195 -23.1107 -23.2553 -23.3102 -23.4749 -23.6118 -23.4345 -22.8555 -22.9007 -22.8508 -23.022 -22.905 -22.838 -22.9454 -23.0988 -23.3563 -24.9336 -23.1067 -24.332 -25.5908 -25.6309 -25.8778 -25.6838 -24.8009 -27.0318 -27.0416 -23.6948 -23.2644
-21.1593 -21.1336 -21.1342 -21.147 -21.6299 -21.8198 -21.7021 -21.8685 -21.875 -21.5831 -21.6619 -21.8618 -22.1933 -22.3322 -22.1093 -21.7032 -21.8022 -21.8129 -22.2341 -22.3787 -21.9767 -21.9746 -21.8622 -21.8439 -21.9566 -21.8249 -22.163 -22.6182 -22.5365 -23.1272 -23.3049 -23.3884 -23.1617 -23.2051 -23.5598 -23.3562 -22.9609 -23.0475 -23.0355 -23.016 -22.9596 -23.0032 -23.0561 -23.2623 -23.0222 -22.8886 -25.1031 -24.9498 -23.013 -23.1284 -23.2878 -22.8884 -24.0089 -24.6886 -25.2077 -25.3814 -25.4089 -24.2777 -26.6327 -26.2951 -23.6023 -23.3813 -24.8398
-21.0393 -21.0279 -21.0003 -21.0004 -21.0274 -21.4502 -21.673 -21.2603 -21.554 -21.8185 -21.9075 -21.8866 -22.3742 -22.4767 -21.9532 -22.1359 -21.6678 -21.7822 -22.0394 -22.235 -21.5963 -21.6193 -21.9472 -21.8952 -21.5688 -21.7185 -22.3118 -22.214 -22.7983 -23.206 -22.9309 -23.6167 -23.756 -24.3297 -24.0989 -24.2175 -23.928 -23.4553 -24.0743 -23.1724 -23.4758 -22.7133 -22.7385 -23.0871 -24.0363 -24.2137 -23.6448 -23.8108 -24.3234 -24.5637 -22.7116 -23.4804 -24.6059 -24.7313 -24.781 -25.1775 -23.3849 -25.8378 -25.3019 -23.3659 -24.4074 -23.1745 -24.3623
-20.9081 -20.8966 -20.9222 -20.858 -20.8825 -20.9688 -21.2785 -21.6072 -21.6837 -22.1763 -21.9799 -21.7665 -21.798 -21.8935 -21.9786 -22.0835 -21.7559 -21.8767 -22.2329 -22.1106 -21.6972 -21.4127 -21.7163 -21.8535 -21.6511 -21.6717 -22.0072 -22.1237 -22.4679 -22.5423 -23.2943 -23.4347 -23.3615 -23.6397 -23.7366 -23.8997 -23.7562 -23.41 -23.3557 -23.3727 -23.7187 -24.212 -24.4271 -23.6185 -24.1841 -24.3032 -24.1623 -24.1651 -24.3649 -22.6499 -24.0817 -23.9762 -24.2132 -24.4228 -24.6096 -23.2124 -25.3676 -24.535 -23.055 -23.0478 -23.4282 -24.4297 -23.1444
-20.7531 -20.7407 -20.7528 -20.7279 -20.7393 -21.3697 -21.0787 -21.2407 -21.6768 -21.3936 -21.207 -21.6303 -21.988 -21.6241 -21.7375 -21.8024 -21.9528 -21.7576 -21.6974 -21.3649 -21.4626 -21.338 -21.4695 -21.4488 -21.5101 -21.4731 -21.5788 -21.8909 -22.5267 -22.6908 -22.9791 -22.8181 -23.2495 -23.2727 -23.6312 -23.3933 -23.3437 -23.1015 -23.347 -23.1343 -23.3064 -23.6536 -23.7492 -23.5999 -23.2339 -23.6749 -23.718 -23.3991 -22.9712 -23.8356 -23.7256 -23.9868 -24.2805 -24.3707 -23.2435 -24.2914 -23.506 -22.6397 -22.2865 -22.3547 -22.4532 -22.5521 -22.5074
-20.6377 -20.6266 -20.6097 -20.6126 -20.6002 -21.2876 -21.2625 -21.056 -21.095 -21.3863 -21.1408 -21.4693 -21.7957 -21.938 -21.5691 -21.6745 -21.5017 -21.4191 -21.9748 -21.6208 -21.3452 -21.0415 -21.033 -21.2443 -21.14 -21.0992 -21.4163 -21.8929 -21.7903 -22.3955 -22.2684 -22.1904 -22.2565 -22.8467 -23.1436 -23.0994 -23.0307 -22.8744 -22.3399 -22.5269 -23.226 -22.7023 -22.9353 -22.6342 -22.9139 -22.8152 -22.8534 -23.2965 -23.7119 -23.1263 -23.4469 -24.2169 -24.3197 -23.1003 -23.8168 -24.9641 -22.2115 -22.1591 -22.5577 -22.2989 -22.2937 -22.5705 -22.8335
-20.4878 -20.4995 -20.5538 -20.4476 -20.4725 -20.9388 -21.2201 -21.2756 -21.6012 -21.2644 -21.2706 -21.3896 -21.4045 -21.3477 -21.429 -21.1766 -21.0939 -21.3613 -21.5621 -21.416 -21.1016 -20.8828 -20.7916 -20.8227 -20.8882 -21.133 -21.6449 -21.7451 -21.6797 -21.7863 -22.2102 -22.4714 -23.0268 -22.5698 -22.5912 -22.641 -22.3637 -22.5173 -22.6114 -22.5917 -22.24 -22.2905 -22.402 -22.2749 -22.2552 -22.0619 -22.9429 -22.9027 -22.7224 -24.1543 -23.4344 -23.8524 -22.7261 -22.6228 -22.4997 -22.0809 -22.1428 -22.1573 -22.3482 -22.7353 -23.3474 -23.593 -23.1038
-20.3362 -20.3227 -20.3598 -20.3493 -20.3229 -20.8565 -20.7197 -20.9329 -21.2026 -20.8634 -21.153 -21.2816 -20.863 -20.7965 -21.0046 -21.398 -21.1263 -21.1478 -21.3438 -21.0454 -21.0163 -20.8273 -20.8665 -20.6676 -20.8674 -21.1972 -21.5184 -21.5002 -21.613 -21.8453 -21.874 -21.8196 -21.9503 -22.2284 -22.5543 -22.2065 -22.399 -22.0674 -22.0549 -22.2139 -21.9376 -22.3061 -22.4007 -21.8898 -21.316 -23.3325 -21.8233 -22.0362 -23.3843 -24.1348 -24.0871 -25.1192 -21.9758 -21.9005 -21.8462 -22.3539 -22.8216 -22.1849 -22.7416 -22.6682 -24.077 -23.552 -23.1307
-20.174 -20.2128 -20.2006 -20.174 -20.1989 -20.7261 -21.0072 -21.0544 -20.8882 -20.4604 -21.0001 -21.0952 -21.2166 -20.9799 -20.8691 -20.9171 -20.7922 -21.008 -21.0732 -20.996 -20.678 -20.8195 -20.6137 -20.6839 -20.6345 -21.0788 -20.8218 -21.0373 -21.151 -21.7667 -21.5067 -21.6569 -22.0137 -21.6259 -22.0336 -21.7486 -21.4552 -21.7218 -21.627 -21.7105 -21.7088 -21.5531 -21.0496 -22.0736 -22.5379 -21.6733 -22.0366 -23.0831 -23.3969 -24.085 -22.4027 -21.8235 -22.0988 -21.6815 -22.1149 -22.1161 -22.8193 -22.5052 -23.1592 -23.9539 -23.5769 -24.5233 -24.1637
-20.0672 -20.0408 -20.0648 -20.115 -20.0669 -20.1057 -20.5108 -20.203 -20.292 -20.5617 -20.4281 -20.434 -20.4959 -20.5095 -20.5646 -20.8476 -21.1055 -20.9304 -20.6675 -20.5592 -20.6728 -20.5299 -20.7601 -20.3777 -20.3855 -20.8446 -20.5993 -20.8558 -21.034 -21.3389 -21.7999 -21.365 -21.4429 -21.715 -22.1309 -22.1007 -21.6078 -21.1242 -21.3887 -21.0747 -20.9895 -21.2007 -22.5022 -21.5373 -21.4162 -21.6694 -22.6552 -23.7637 -22.8957 -22.0608 -21.8358 -22.5722 -22.046 -22.0199 -21.7085 -21.757 -22.264 -24.244 -23.0409 -24.4644 -23.8935 -24.0239 -23.86
-19.8818 -19.9194 -19.947 -19.9581 -20.044 -20.0551 -20.7095 -20.6589 -20.5923 -20.6384 -20.8058 -21.0588 -20.6487 -20.6497 -20.9896 -20.9589 -21.2734 -20.8241 -20.5388 -20.8014 -20.4667 -20.3558 -20.4373 -20.5106 -20.2028 -20.4955 -20.7559 -20.6842 -20.5817 -20.8743 -21.3026 -20.9231 -20.8475 -21.4775 -21.5257 -21.8683 -21.4809 -20.9527 -20.7114 -21.4056 -20.8218 -21.4329 -20.9307 -21.6944 -21.4062 -21.7517 -22.7898 -24.0993 -22.5579 -22.4042 -22.3852 -22.0903 -21.431 -21.5215 -21.9257 -22.2391 -22.5557 -23.4482 -23.3219 -24.4457 -23.4712 -23.4044 -23.4906
-19.7661 -19.7779 -19.8009 -19.8402 -19.8549 -20.0357 -20.5941 -20.5452 -20.7362 -20.4038 -20.7349 -20.8217 -21.0839 -21.262 -20.9678 -21.2993 -21.1334 -20.6938 -20.3901 -20.3169 -20.3974 -20.1496 -20.332 -20.0997 -20.1486 -20.329 -20.5155 -20.634 -20.662 -20.934 -20.8036 -21.3475 -20.8852 -21.2728 -20.8321 -21.4754 -21.6466 -21.1952 -20.9337 -20.6679 -21.3579 -20.6909 -21.4907 -21.5106 -21.8023 -22.3711 -23.388 -22.5643 -22.3975 -23.0612 -21.6427 -21.673 -21.3808 -21.7156 -22.1843 -23.9126 -22.443 -21.9045 -23.3623 -23.1784 -23.3113 -23.5287 -24.4124
-19.6473 -19.661 -19.711 -19.7124 -19.7508 -20.3879 -20.5556 -20.4988 -20.6491 -20.7408 -21.134 -20.8593 -21.0081 -20.8291 -20.9573 -20.8806 -20.9421 -20.982 -20.4335 -20.3928 -20.1441 -20.1208 -20.0464 -19.9465 -19.9389 -20.0454 -20.0809 -20.3799 -20.5107 -20.5047 -20.8306 -21.0425 -20.5345 -21.1681 -20.8147 -20.8257 -21.6101 -21.4289 -20.9869 -20.6402 -20.9462 -21.2774 -21.4543 -21.6465 -21.5108 -22.5571 -22.0072 -21.8231 -22.1678 -21.6674 -21.5653 -21.4673 -21.2574 -21.2152 -21.6345 -21.9124 -22.984 -23.3259 -22.6182 -23.2061 -24.7477 -23.7016 -23.439
-19.5335 -19.5707 -19.585 -19.5845 -19.6101 -20.3908 -20.1775 -20.4963 -20.737 -20.6185 -20.7617 -20.461 -20.6853 -20.5319 -20.6338 -20.8251 -20.9345 -20.6355 -20.2938 -20.1805 -20.4976 -20.1542 -19.8941 -20.0094 -19.7918 -19.8526 -20.3144 -20.4064 -20.5684 -20.586 -20.4609 -20.9311 -20.4868 -20.6621 -20.4267 -20.8601 -20.8519 -21.4205 -20.9648 -21.1006 -20.5807 -21.3625 -21.5752 -21.2421 -21.9971 -21.669 -21.6163 -21.9542 -21.1407 -21.078 -21.0545 -21.345 -22.101 -21.4301 -21.5063 -22.9058 -26.2029 -23.2242 -22.8537 -23.6952 -23.8562 -22.904 -23.1751
-19.4591 -19.4587 -19.4836 -19.4851 -19.8243 -20.0491 -20.445 -20.4478 -20.6533 -20.5566 -20.2965 -20.4108 -20.4987 -20.7779 -21.0022 -21.1286 -20.862 -20.5841 -20.2473 -20.2466 -20.2447 -20.3291 -20.0887 -19.8755 -19.7413 -19.6644 -20.0612 -20.0591 -20.2168 -20.404 -20.3754 -20.4876 -20.33 -20.5545 -20.3788 -20.487 -20.9139 -21.1348 -20.703 -21.2777 -21.2584 -20.7894 -21.0475 -22.0253 -21.1357 -21.4397 -22.5737 -21.323 -21.3648 -20.6946 -21.0682 -21.4943 -21.3714 -21.9225 -22.919 -23.6655 -23.657 -23.0425 -23.013 -23.2726 -22.4045 -22.9826 -24.1523
