data/70064_lisa.smith_molt/70064_lisa.smith_molt/predkrig.asc
ncols 531
nrows 319
xllcorner -106.19999694824219
yllcorner 23.01666515142109
cellsize 0.0833333333
NODATA_value -9999
[rows 252 to 279 of 319, columns 63 to 125 of 531]
-21.2186 -20.8022 -20.5752 -20.324 -20.0135 -20.0682 -19.4539 -19.6608 -19.7978 -19.6776 -19.2461 -19.0746 -19.0675 -18.7743 -18.6759 -18.7997 -18.8151 -18.7038 -18.8607 -18.812 -18.6222 -18.5003 -18.4651 -18.1561 -18.1456 -18.2443 -18.2038 -18.1881 -17.7874 -17.7307 -17.79 -17.8689 -17.2909 -17.5534 -17.547 -17.5787 -18.047 -17.9355 -17.6942 -17.674 -17.5697 -17.3539 -17.0536 -17.0343 -16.882 -16.8109 -16.7594 -16.6847 -16.4747 -16.5728 -16.5499 -16.4885 -16.4648 -16.3559 -16.3581 -16.3484 -16.3639 -16.3675 -16.3717 -16.3648 -16.3821 -16.3503 -16.3932
-21.3351 -21.0097 -20.6831 -20.4535 -20.2889 -20.1858 -20.0012 -19.4385 -19.617 -19.9133 -19.4433 -19.462 -19.1157 -18.94 -18.6447 -18.7328 -18.4828 -18.5475 -18.5585 -18.4507 -18.5384 -18.666 -18.3113 -18.1181 -17.9489 -17.9825 -17.8496 -17.9209 -17.8255 -17.8887 -17.4814 -17.5422 -17.6397 -17.1735 -17.5182 -17.3186 -18.0872 -17.7639 -17.4207 -17.5402 -17.244 -17.2091 -17.0734 -16.8962 -16.8585 -16.7598 -16.6609 -16.6005 -16.5505 -16.3771 -16.4858 -16.4652 -16.4165 -16.4191 -16.3478 -16.3507 -16.3541 -16.3579 -16.3622 -16.367 -16.3722 -16.3778 -16.3838
-21.4717 -21.1696 -20.8548 -20.6139 -20.3989 -20.2101 -20.0333 -19.6828 -19.4306 -19.6548 -19.8124 -19.6823 -19.4411 -19.0762 -18.7448 -18.6489 -18.5754 -18.3549 -18.4017 -18.2715 -18.2714 -18.3294 -18.4813 -18.0877 -17.8888 -17.777 -17.6847 -17.6034 -17.6816 -17.3946 -17.5392 -17.3451 -17.1466 -16.9864 -17.0167 -17.4131 -17.7373 -17.6678 -17.6347 -17.4209 -17.1415 -16.9154 -16.851 -16.7744 -16.7387 -16.6396 -16.638 -16.5899 -16.5276 -16.5063 -16.3311 -16.4087 -16.3978 -16.3977 -16.4275 -16.3446 -16.3482 -16.3521 -16.3565 -16.3613 -16.3665 -16.3721 -16.378
-21.7775 -21.4527 -21.0885 -20.7111 -20.4731 -20.2343 -19.9971 -19.814 -19.3811 -19.6311 -19.5175 -19.5969 -19.7186 -19.2141 -18.9307 -18.8825 -18.7689 -18.3425 -18.2489 -18.4105 -18.3728 -17.9998 -18.1749 -18.0323 -18.0681 -18.1764 -17.9024 -17.7484 -17.7238 -17.6431 -17.405 -17.0743 -17.2679 -17.4053 -16.9026 -17.2302 -17.3776 -17.6386 -17.4193 -17.1039 -17.0241 -16.8871 -16.6988 -16.6463 -16.5973 -16.5711 -16.535 -16.5104 -16.4871 -16.4255 -16.3159 -16.3174 -16.3935 -16.3469 -16.3375 -16.3407 -16.3444 -16.3484 -16.3528 -16.3576 -16.3628 -16.3684 -16.3743
-22.1011 -21.8839 -21.3474 -21.0081 -20.6823 -20.3449 -19.9716 -19.5146 -19.028 -19.5526 -19.1699 -19.5566 -19.5644 -19.2504 -19.172 -18.8178 -18.4989 -18.5868 -18.7755 -18.6946 -18.3487 -18.2104 -17.8639 -17.8114 -18.1554 -18.0868 -17.9918 -17.8278 -17.4192 -17.258 -17.2017 -17.453 -17.7838 -17.6521 -17.2576 -16.7974 -16.9717 -17.3488 -17.2179 -16.9553 -16.8647 -16.8692 -16.7213 -16.6074 -16.4979 -16.4714 -16.4709 -16.4479 -16.4115 -16.3743 -16.3206 -16.3039 -16.3307 -16.3333 -16.3363 -16.3396 -16.3434 -16.3474 -16.3519 -16.3567 -16.3618 -16.3673 -16.3731
-23.0246 -23.0282 -21.9784 -21.446 -20.8596 -20.5549 -20.0898 -19.5526 -19.3093 -18.9062 -19.2978 -19.3232 -19.4179 -19.3374 -18.9757 -18.7024 -18.7699 -19.1573 -18.8373 -18.4943 -18.4311 -18.2222 -17.8754 -17.7254 -17.8688 -18.0113 -17.7657 -17.5523 -17.4105 -17.5548 -17.7836 -17.7767 -17.8181 -17.4705 -17.5012 -17.4806 -16.7948 -17.0648 -17.1339 -16.9826 -16.8176 -16.7018 -16.6248 -16.537 -16.4765 -16.4498 -16.4499 -16.4015 -16.3284 -16.4267 -16.3295 -16.3314 -16.3338 -16.3364 -16.3395 -16.3428 -16.3466 -16.3507 -16.3551 -16.3598 -16.3649 -16.3703 -16.376
-23.1568 -23.3706 -22.7871 -21.9313 -21.2483 -20.7383 -20.3263 -19.9723 -19.5807 -19.2592 -19.0208 -19.0827 -19.2195 -19.5399 -19.0248 -18.8399 -19.2332 -18.8828 -18.888 -18.8522 -18.4474 -18.0537 -17.8655 -17.7295 -17.6063 -17.609 -17.51 -17.416 -17.6726 -18.1045 -18.0171 -18.1999 -18.0115 -17.5542 -17.2677 -17.1371 -17.0075 -16.7527 -16.9808 -16.8648 -16.7463 -16.6938 -16.6053 -16.4575 -16.4799 -16.4415 -16.3301 -16.3304 -16.3189 -16.3324 -16.334 -16.336 -16.3383 -16.341 -16.344 -16.3474 -16.3511 -16.3552 -16.3595 -16.3642 -16.3692 -16.3745 -16.38
-23.2756 -24.1196 -25.4205 -22.8027 -21.9148 -20.904 -20.4192 -19.9828 -19.4992 -19.3779 -19.426 -18.8853 -18.9159 -19.2651 -19.4033 -19.1474 -19.277 -19.6648 -19.1249 -18.8459 -18.5005 -18.2287 -17.8521 -18.0818 -17.8213 -17.5465 -17.803 -17.9268 -17.9589 -18.189 -18.7486 -18.3886 -17.8581 -17.8313 -17.3385 -17.4052 -17.0531 -16.7218 -16.7342 -16.8466 -16.7205 -16.5678 -16.5278 -16.5102 -16.4492 -16.4116 -16.3376 -16.4484 -16.3386 -16.3766 -16.3413 -16.3432 -16.3456 -16.3482 -16.3512 -16.3546 -16.3582 -16.3622 -16.3665 -16.3711 -16.3759 -16.3811 -16.3865
-22.349 -23.6162 -24.5048 -23.0363 -22.1683 -21.1136 -20.4671 -20.1262 -19.7163 -19.695 -19.2955 -19.1314 -18.7323 -18.8457 -19.0953 -19.156 -18.954 -19.4733 -19.0491 -18.6453 -18.3262 -18.0869 -18.1625 -18.1141 -17.7305 -17.7325 -18.0415 -18.1617 -18.1639 -18.6586 -18.6856 -18.4886 -18.2447 -17.9124 -17.603 -17.2936 -17.1504 -16.8978 -16.5693 -16.7862 -16.7074 -16.6286 -16.5884 -16.5518 -16.4746 -16.4133 -16.459 -16.3503 -16.4124 -16.352 -16.3535 -16.3554 -16.3576 -16.3602 -16.3631 -16.3664 -16.37 -16.3739 -16.378 -16.3825 -16.3873 -16.3923 -16.3975
-21.6757 -22.3361 -23.4536 -23.8415 -22.209 -21.0055 -20.4032 -19.9909 -19.8433 -19.7505 -19.1538 -19.0414 -18.9506 -18.7623 -19.133 -19.3088 -18.7662 -19.0611 -19.541 -18.8411 -18.5045 -18.3219 -18.2172 -18.2243 -18.1475 -17.9116 -18.1644 -18.6235 -18.4173 -18.7812 -18.5947 -18.167 -18.0992 -17.7307 -17.4497 -17.2722 -16.9937 -16.8121 -16.6775 -16.7205 -16.4215 -16.397 -16.5409 -16.4961 -16.4467 -16.4499 -16.3634 -16.3634 -16.3639 -16.3649 -16.3663 -16.3681 -16.3702 -16.3727 -16.3756 -16.3787 -16.3822 -16.386 -16.39 -16.3944 -16.399 -16.4038 -16.4089
-21.1746 -21.4474 -21.7861 -22.2466 -21.3549 -20.7449 -20.135 -19.8764 -19.9932 -19.5022 -19.1287 -19.0281 -18.9115 -18.528 -18.7578 -18.8865 -18.6156 -19.0361 -19.3508 -18.8007 -18.494 -18.4077 -18.4355 -18.2714 -18.3725 -18.2019 -18.2787 -18.6051 -19.2972 -18.6032 -18.2498 -18.3429 -17.8642 -17.6858 -17.3652 -17.1858 -17.0175 -16.8386 -16.7226 -16.7293 -16.6634 -16.5874 -16.5693 -16.3826 -16.3809 -16.3797 -16.3791 -16.3791 -16.3795 -16.3803 -16.3816 -16.3833 -16.3853 -16.3877 -16.3904 -16.3934 -16.3968 -16.4004 -16.4043 -16.4085 -16.413 -16.4177 -16.4226
-20.8003 -20.8762 -20.7945 -20.7773 -20.5506 -20.1987 -20.1933 -19.7927 -19.8742 -19.5363 -19.3808 -19.4393 -19.1779 -18.9641 -18.5264 -18.7224 -18.4134 -19.1204 -19.1608 -19.01 -18.6795 -18.5584 -18.4164 -18.4005 -18.4643 -18.6944 -18.6258 -18.9392 -18.7813 -18.8707 -18.5558 -18.1399 -17.87 -17.5926 -17.3739 -17.1697 -16.9782 -16.8474 -16.7309 -16.6638 -16.6471 -16.5707 -16.5286 -16.54 -16.402 -16.4008 -16.4001 -16.3999 -16.4002 -16.4009 -16.4021 -16.4036 -16.4055 -16.4078 -16.4104 -16.4133 -16.4165 -16.42 -16.4237 -16.4278 -16.432 -16.4366 -16.4413
-20.8974 -20.5868 -20.4114 -20.3422 -20.2631 -20.1086 -20.1406 -19.8483 -19.694 -19.7148 -19.7407 -20.0236 -19.4023 -19.2121 -18.9755 -18.5145 -18.2667 -18.3955 -19.052 -18.7545 -18.9774 -18.7866 -18.6285 -18.8475 -18.9206 -19.1151 -19.3502 -19.3851 -18.9507 -18.6161 -18.2261 -17.9709 -17.7677 -17.5014 -17.2713 -17.0794 -16.937 -16.7952 -16.7027 -16.6233 -16.594 -16.6035 -16.5509 -16.4376 -16.5089 -16.4216 -16.4208 -16.4205 -16.4206 -16.4212 -16.4223 -16.4237 -16.4254 -16.4276 -16.43 -16.4328 -16.4358 -16.4391 -16.4427 -16.4466 -16.4507 -16.455 -16.4596
-20.7571 -20.6869 -20.484 -20.1633 -20.2065 -20.0856 -19.9566 -19.8634 -19.7099 -19.6608 -19.4801 -19.7484 -19.7915 -19.117 -18.9031 -18.6351 -18.5002 -18.528 -18.5141 -18.5848 -19.1576 -18.7684 -18.7821 -19.0652 -19.7925 -19.7499 -19.5171 -19.2772 -18.9214 -18.5158 -18.1633 -17.8714 -17.6754 -17.3979 -17.1936 -17.0022 -16.9088 -16.7804 -16.6525 -16.6217 -16.5923 -16.5525 -16.5612 -16.4849 -16.4459 -16.4445 -16.4436 -16.4432 -16.4433 -16.4437 -16.4446 -16.4459 -16.4475 -16.4495 -16.4518 -16.4544 -16.4573 -16.4605 -16.4639 -16.4676 -16.4715 -16.4756 -16.48
-20.665 -20.5219 -20.3661 -20.2085 -20.0785 -20.4974 -19.9319 -19.8647 -19.7591 -19.5945 -19.5217 -19.4271 -19.8226 -19.7208 -19.2886 -18.756 -18.5488 -18.3732 -18.4604 -18.9553 -18.8352 -18.5046 -18.6165 -18.9888 -19.8578 -19.6516 -19.5171 -19.1285 -18.6507 -18.3474 -18.1546 -17.8492 -17.6075 -17.4145 -17.1612 -17.0048 -16.8636 -16.7462 -16.6679 -16.6746 -16.6333 -16.5798 -16.5295 -16.4765 -16.5114 -16.473 -16.4721 -16.4716 -16.4715 -16.4719 -16.4726 -16.4738 -16.4753 -16.4771 -16.4792 -16.4817 -16.4844 -16.4874 -16.4906 -16.4941 -16.4979 -16.5018 -16.506
-20.8776 -20.7331 -20.5571 -20.4199 -20.3595 -19.9212 -19.8174 -19.7488 -19.6954 -19.6406 -19.4637 -19.3408 -19.4775 -19.8387 -19.1538 -18.7675 -18.8556 -18.3857 -18.356 -18.6904 -18.5297 -18.4213 -18.6226 -19.1341 -19.8928 -19.9203 -19.4532 -18.9681 -18.7279 -18.3842 -18.0429 -17.8107 -17.6071 -17.3788 -17.1863 -17.0074 -16.8776 -16.7851 -16.6578 -16.5171 -16.5744 -16.5954 -16.5064 -16.5039 -16.5019 -16.5004 -16.4993 -16.4987 -16.4986 -16.4988 -16.4994 -16.5004 -16.5018 -16.5035 -16.5055 -16.5077 -16.5103 -16.5131 -16.5162 -16.5195 -16.523 -16.5268 -16.5307
-21.5516 -21.2053 -20.8226 -20.8345 -20.8325 -20.0548 -19.7407 -19.4864 -19.5954 -19.4947 -19.4885 -19.1676 -19.1593 -19.1767 -19.0983 -18.7165 -18.4416 -18.3748 -18.2679 -18.4086 -18.2142 -18.4641 -18.6948 -18.9865 -19.8313 -19.8958 -19.4611 -18.9676 -18.5189 -18.3606 -18.0463 -17.8394 -17.5372 -17.2475 -17.1414 -16.9866 -16.9067 -16.815 -16.6882 -16.6091 -16.5423 -16.5388 -16.5358 -16.5333 -16.5312 -16.5297 -16.5286 -16.5279 -16.5276 -16.5278 -16.5283 -16.5291 -16.5303 -16.5319 -16.5337 -16.5358 -16.5382 -16.5409 -16.5438 -16.5469 -16.5503 -16.5538 -16.5576
-23.1011 -21.9042 -21.2252 -20.9489 -20.4072 -20.0986 -19.8485 -19.7596 -19.627 -19.3937 -19.2108 -19.2349 -19.0704 -18.8965 -18.8681 -18.9498 -18.356 -18.6634 -18.2168 -18.2527 -18.5525 -18.7997 -18.5408 -18.9102 -19.1059 -19.7538 -19.2851 -18.8769 -18.5278 -18.3924 -18.0634 -17.862 -17.5475 -17.2331 -17.0413 -16.9965 -16.9039 -16.8241 -16.7338 -16.7167 -16.6514 -16.5988 -16.5712 -16.5687 -16.5667 -16.5651 -16.5639 -16.5631 -16.5628 -16.5628 -16.5632 -16.5639 -16.565 -16.5664 -16.5681 -16.57 -16.5723 -16.5747 -16.5775 -16.5804 -16.5836 -16.5869 -16.5905
-28.8076 -22.6803 -21.8361 -21.0784 -20.5587 -20.3242 -20.2637 -20.0464 -20.0078 -19.4653 -19.4059 -19.0782 -18.963 -19.2545 -18.6273 -18.5152 -18.3623 -18.2024 -18.3093 -18.4065 -18.6359 -18.6974 -18.3824 -18.5354 -19.1966 -19.6087 -19.3256 -18.8531 -18.5195 -18.3043 -18.0733 -18.0544 -17.5806 -17.2658 -17.084 -17.0178 -16.9134 -16.8719 -16.8175 -16.7758 -16.6854 -16.6812 -16.6538 -16.6021 -16.6 -16.5984 -16.5972 -16.5964 -16.5959 -16.5958 -16.5961 -16.5967 -16.5977 -16.5989 -16.6005 -16.6023 -16.6043 -16.6066 -16.6092 -16.612 -16.6149 -16.6181 -16.6215
-24.6165 -27.757 -22.7934 -26.6512 -20.9917 -20.7231 -21.4668 -20.5694 -20.1111 -19.6678 -19.2337 -18.9876 -18.9416 -19.222 -18.8804 -18.4798 -18.4793 -18.3536 -18.0936 -18.5687 -18.3708 -18.613 -18.2839 -18.5922 -18.86 -19.0523 -19.2501 -18.7611 -18.4803 -18.2743 -17.9971 -17.7317 -17.6 -17.3697 -17.1918 -17.016 -16.9229 -16.8317 -16.8284 -16.7851 -16.7438 -16.7055 -16.6399 -16.6374 -16.6353 -16.6336 -16.6323 -16.6314 -16.6309 -16.6308 -16.6309 -16.6314 -16.6323 -16.6334 -16.6347 -16.6364 -16.6383 -16.6405 -16.6428 -16.6454 -16.6482 -16.6512 -16.6544
-25.7137 -30.8876 -25.3079 -27.2322 -21.574 -21.0121 -23.4601 -23.1323 -20.7319 -20.2043 -19.3989 -19.1596 -18.8801 -18.8685 -19.0031 -18.597 -18.4992 -18.3756 -18.5073 -18.0446 -18.4163 -18.4053 -18.1297 -18.3727 -18.5997 -19.0034 -19.4471 -18.9202 -18.6038 -18.2285 -17.976 -17.6964 -17.7345 -17.4248 -17.248 -17.0562 -16.9153 -16.8864 -16.8186 -16.8143 -16.7621 -16.6846 -16.6817 -16.6792 -16.6771 -16.6754 -16.6741 -16.6731 -16.6725 -16.6723 -16.6724 -16.6728 -16.6734 -16.6744 -16.6757 -16.6772 -16.6789 -16.6809 -16.6831 -16.6856 -16.6882 -16.691 -16.6939
-24.996 -25.1052 -30.013 -23.5913 -21.9111 -21.4507 -22.0482 -34.2763 -21.6353 -23.0066 -19.8939 -19.5904 -18.9309 -18.7008 -18.5782 -18.5393 -18.3798 -18.6046 -18.5611 -18.4494 -18.1398 -18.0242 -18.6168 -18.572 -18.6897 -19.0173 -19.1329 -19.0687 -18.5821 -18.2517 -17.8904 -17.6596 -17.7299 -17.4797 -17.1993 -17.0218 -16.941 -16.8499 -16.8328 -16.8417 -16.8607 -16.7235 -16.7207 -16.7182 -16.7161 -16.7144 -16.7131 -16.7121 -16.7114 -16.7111 -16.7111 -16.7113 -16.7119 -16.7128 -16.7139 -16.7153 -16.7169 -16.7187 -16.7207 -16.723 -16.7254 -16.7281 -16.7309
-26.1503 -26.4027 -24.7785 -24.8648 -25.301 -21.8893 -22.1373 -24.7409 -23.5626 -21.0897 -20.6807 -20.775 -19.375 -19.1171 -18.8529 -18.6727 -18.4179 -18.319 -18.4208 -18.1442 -18.2817 -18.0491 -18.4397 -18.2999 -18.4362 -18.7838 -18.8892 -18.9957 -18.571 -18.3687 -17.9085 -17.6626 -17.5344 -17.2951 -17.1169 -17.0236 -16.9686 -16.9277 -16.9227 -16.9058 -16.9006 -16.8748 -16.7615 -16.759 -16.7569 -16.7552 -16.7538 -16.7528 -16.752 -16.7516 -16.7515 -16.7517 -16.7522 -16.7529 -16.7539 -16.7552 -16.7566 -16.7583 -16.7602 -16.7623 -16.7646 -16.767 -16.7696
-28.7962 -25.0695 -23.7853 -23.735 -25.076 -23.5111 -22.5263 -25.1913 -24.2818 -21.406 -20.8331 -22.5523 -19.9984 -19.4556 -19.5599 -18.7533 -18.6432 -18.6218 -18.5267 -18.6263 -18.4084 -17.9391 -18.2032 -18.3438 -18.4564 -18.4261 -18.4233 -18.9578 -18.6903 -18.1929 -18.0081 -17.7215 -17.5322 -17.3287 -17.2115 -17.0824 -17.0039 -17.0115 -16.9581 -16.9417 -16.9869 -16.9965 -16.8094 -16.8069 -16.8049 -16.8031 -16.8017 -16.8006 -16.7998 -16.7994 -16.7992 -16.7993 -16.7997 -16.8003 -16.8011 -16.8023 -16.8036 -16.8051 -16.8069 -16.8088 -16.8109 -16.8132 -16.8156
-26.9275 -25.6852 -25.2105 -24.3901 -27.9401 -23.5952 -23.1945 -27.846 -26.0169 -21.5895 -20.7536 -20.7577 -20.2065 -19.8922 -19.1279 -19.008 -19.1788 -18.9527 -18.9155 -18.7434 -18.2224 -17.9816 -18.2923 -18.8673 -18.263 -18.2357 -18.3815 -18.8433 -18.8206 -18.4244 -18.2294 -17.8636 -17.5382 -17.2737 -17.2072 -17.1388 -17.0959 -17.044 -17.0513 -17.01 -17.0079 -16.9921 -16.9521 -16.8514 -16.8493 -16.8476 -16.8461 -16.845 -16.8442 -16.8436 -16.8434 -16.8434 -16.8437 -16.8442 -16.8449 -16.8459 -16.8471 -16.8485 -16.8501 -16.8519 -16.8539 -16.856 -16.8583
-28.1625 -26.2866 -24.8163 -24.016 -23.9987 -25.5888 -22.8745 -24.4675 -23.5989 -22.4907 -20.6214 -20.3097 -20.0538 -19.606 -19.4565 -19.3374 -19.1668 -18.9607 -18.8365 -18.9824 -18.6986 -18.1137 -18.1208 -18.3683 -18.3234 -18.0799 -18.2506 -18.8534 -18.5066 -18.5263 -18.3575 -18.1016 -17.6692 -17.4158 -17.2254 -17.1241 -17.1302 -17.1286 -17.1106 -17.0693 -17.0165 -17.0138 -16.9869 -16.8975 -16.8955 -16.8937 -16.8923 -16.8911 -16.8902 -16.8896 -16.8893 -16.8893 -16.8894 -16.8899 -16.8905 -16.8914 -16.8924 -16.8937 -16.8952 -16.8968 -16.8986 -16.9006 -16.9027
-26.8387 -25.9863 -25.1304 -24.779 -23.9714 -28.6103 -23.5198 -23.1779 -23.3863 -23.3916 -20.7112 -20.3463 -20.0989 -19.803 -19.6522 -19.4861 -19.4187 -19.1555 -18.9282 -18.6584 -18.4815 -18.2913 -18.1535 -18.2984 -18.021 -18.2363 -18.0208 -18.5162 -18.3344 -18.4318 -18.2221 -18.1106 -17.7601 -17.4836 -17.3151 -17.2622 -17.2078 -17.1432 -17.1267 -17.0979 -17.0704 -17.0543 -16.9566 -16.9514 -16.9494 -16.9476 -16.9461 -16.945 -16.944 -16.9434 -16.943 -16.9429 -16.943 -16.9433 -16.9438 -16.9446 -16.9456 -16.9467 -16.948 -16.9495 -16.9512 -16.953 -16.955
-26.1452 -25.4927 -24.9947 -26.9888 -25.2702 -26.8044 -28.2291 -23.2043 -23.159 -28.7226 -21.9325 -20.7407 -20.4433 -20.3424 -20.1262 -19.8926 -19.6914 -19.4345 -18.8962 -18.524 -18.3786 -18.4082 -18.0013 -17.8746 -17.7618 -17.8196 -17.7601 -18.0974 -18.1757 -18.2677 -18.0292 -17.96 -17.734 -17.509 -17.3763 -17.3236 -17.2698 -17.2162 -17.1992 -17.1596 -17.1318 -17.1047 -17.0782 -17.0011 -16.9991 -16.9973 -16.9959 -16.9947 -16.9937 -16.993 -16.9926 -16.9924 -16.9924 -16.9926 -16.9931 -16.9937 -16.9946 -16.9956 -16.9968 -16.9982 -16.9997 -17.0014 -17.0032
