data/70064_lisa.smith_molt/70064_lisa.smith_molt/predkrig.asc
ncols 531
nrows 319
xllcorner -106.19999694824219
yllcorner 23.01666515142109
cellsize 0.0833333333
NODATA_value -9999
[rows 196 to 223 of 319, columns 189 to 251 of 531]
-20.9941 -21.0014 -21.0744 -21.1239 -21.9212 -22.0717 -22.1703 -22.4326 -22.2222 -22.1628 -22.7002 -22.8084 -22.9031 -23.0104 -23.2741 -23.3803 -23.596 -23.264 -22.7535 -22.8767 -22.811 -22.8571 -23.2134 -23.0094 -22.9999 -22.9162 -22.9899 -23.6035 -23.7859 -23.5045 -23.9948 -23.9884 -24.0143 -24.1027 -24.1878 -24.4908 -24.7559 -24.4914 -25.6448 -25.0344 -25.2803 -25.2403 -25.2017 -24.9755 -25.3039 -25.8839 -25.3665 -25.1786 -25.0959 -25.0462 -25.1302 -25.514 -26.4453 -27.5277 -27.9296 -28.0943 -27.5955 -27.5356 -26.8142 -27.2739 -27.2409 -27.9486 -28.7451
-20.9045 -20.975 -21.023 -21.1103 -21.8493 -21.7722 -22.2032 -22.3911 -22.3564 -22.3625 -22.4627 -22.7138 -23.0071 -23.0238 -23.0765 -23.3741 -23.7209 -23.1483 -23.4773 -23.1004 -22.9162 -22.6696 -22.8899 -22.8993 -23.0098 -23.0128 -22.8534 -23.4025 -23.6475 -23.4137 -23.45 -23.9378 -23.8307 -24.0244 -23.4443 -23.7071 -24.0532 -24.5772 -24.6944 -25.4394 -25.1867 -24.7383 -24.6919 -25.2211 -25.2845 -25.5397 -25.4163 -25.2539 -24.829 -25.4457 -25.1429 -25.2378 -26.0707 -26.9385 -26.8187 -27.0216 -27.201 -26.9711 -26.8675 -26.5062 -27.0147 -27.564 -27.0574
-20.8386 -20.8959 -20.9696 -21.0622 -21.7021 -21.8531 -21.975 -22.1077 -21.9519 -22.321 -22.3251 -22.7309 -22.9093 -23.0501 -23.3966 -23.2099 -23.3519 -23.4969 -23.4459 -23.5687 -22.8915 -22.6924 -22.5603 -22.7892 -22.8873 -22.7885 -22.8248 -22.923 -23.1624 -23.5246 -23.6315 -23.3122 -23.6297 -23.8916 -23.3165 -23.6836 -24.3008 -24.2143 -24.5487 -24.7778 -24.9882 -24.623 -25.4817 -24.9033 -24.9026 -25.2538 -25.0502 -24.882 -24.6031 -25.045 -25.9699 -26.0761 -26.7433 -26.3546 -26.3363 -26.4654 -26.7222 -27.0241 -26.5766 -26.102 -26.1585 -26.8669 -26.624
-20.7969 -20.8541 -20.9948 -21.8292 -21.5823 -21.908 -22.1093 -21.8591 -22.1144 -22.1712 -22.5893 -22.4886 -22.8781 -23.0157 -22.9877 -23.3884 -23.2895 -23.1545 -23.298 -23.5552 -22.7133 -22.7163 -22.659 -22.4763 -22.6693 -22.656 -22.8974 -22.6191 -22.8168 -22.9345 -23.2415 -23.5786 -23.5474 -23.535 -23.1273 -23.8822 -23.5546 -23.8435 -24.5291 -24.278 -24.4781 -24.1063 -24.2907 -24.5592 -24.877 -24.9864 -24.6904 -24.7171 -25.1466 -25.3514 -25.4672 -26.6068 -26.0832 -26.0982 -25.8737 -25.5599 -26.2266 -26.1093 -26.0088 -25.7671 -26.0128 -26.2539 -26.3576
-20.7442 -20.7411 -21.4732 -21.5763 -21.7977 -21.6364 -21.8808 -21.5798 -21.9117 -22.156 -22.4582 -22.5864 -22.664 -22.6881 -23.2103 -23.0591 -23.0974 -23.1114 -22.9716 -23.0918 -23.0313 -23.1384 -22.6681 -22.5463 -22.4114 -22.5302 -22.5742 -22.5498 -22.8947 -22.9497 -23.1185 -23.4903 -23.2574 -22.9146 -23.1105 -23.8917 -24.1249 -23.8227 -24.1464 -23.6578 -23.6894 -24.5196 -24.3293 -24.5879 -24.925 -25.3869 -24.9671 -24.3422 -24.7543 -25.6726 -25.904 -25.522 -25.2222 -25.686 -25.471 -25.4421 -25.2413 -25.5868 -25.4219 -25.6004 -25.987 -26.3037 -25.9563
-20.7402 -21.0919 -21.4124 -21.5045 -21.6094 -21.4134 -21.434 -21.9412 -21.8824 -22.1902 -22.2347 -22.6664 -22.5731 -22.8001 -22.9615 -22.7928 -22.9649 -22.7541 -22.8963 -23.0868 -23.281 -23.2838 -23.1892 -22.4506 -22.6017 -22.6362 -22.4948 -22.5052 -22.4921 -22.7594 -22.8233 -23.1177 -22.7079 -22.8626 -23.5564 -23.4259 -23.7908 -24.1285 -23.798 -23.337 -23.6508 -24.6233 -24.524 -24.3024 -24.5077 -24.8424 -24.9721 -24.7719 -24.5847 -24.3303 -24.4282 -25.3692 -25.5714 -25.4668 -24.9121 -24.883 -25.0924 -25.644 -25.3493 -25.7626 -25.8352 -25.8707 -25.7309
-20.6353 -21.2951 -21.557 -21.3751 -21.4317 -21.2875 -21.4579 -21.644 -21.8909 -22.2228 -22.2149 -22.432 -22.2169 -22.4744 -22.4216 -22.6222 -22.7412 -22.8028 -23.0784 -22.9551 -23.1005 -22.7924 -22.5955 -22.57 -22.4104 -22.2939 -22.4036 -22.4358 -22.3678 -22.3956 -22.5144 -22.5501 -22.4865 -23.0194 -23.2404 -23.3158 -23.4821 -23.5515 -23.5168 -23.6966 -23.9511 -23.783 -24.1744 -23.8456 -23.779 -24.7963 -24.6227 -24.4213 -24.0915 -24.2863 -24.6161 -24.5536 -25.0198 -24.648 -24.7523 -24.3876 -24.7535 -25.1354 -25.2389 -25.3256 -25.9133 -25.5419 -25.3157
-20.9636 -21.4645 -21.115 -21.1722 -21.1638 -21.1928 -21.463 -21.5323 -21.8087 -22.0816 -22.1411 -21.9792 -22.0712 -22.5161 -22.518 -22.6969 -22.5478 -22.8571 -23.1775 -23.1654 -23.1121 -22.7065 -22.6531 -22.841 -22.4533 -22.3083 -22.4324 -22.4441 -22.1546 -22.2286 -22.3494 -22.3716 -22.363 -22.5547 -22.9446 -23.0988 -23.3971 -23.5785 -23.1 -23.1896 -23.6906 -23.537 -23.84 -23.3919 -23.9327 -24.1684 -24.3724 -24.469 -24.02 -24.0655 -23.7024 -24.2458 -24.7238 -24.3339 -24.4563 -24.3363 -24.6377 -24.7153 -25.1532 -25.0455 -25.3351 -25.5111 -25.1684
-21.3342 -20.9076 -20.8937 -21.057 -21.1161 -21.16 -21.4311 -21.7061 -21.6849 -21.7979 -22.0779 -22.0121 -22.3496 -22.4148 -22.5995 -22.7072 -22.6525 -22.9775 -22.8705 -22.8155 -22.7921 -22.5471 -22.4504 -22.2882 -22.1793 -22.1822 -22.0887 -22.0939 -22.7194 -22.0985 -22.151 -22.2319 -22.1883 -22.2323 -22.4055 -22.5559 -22.8341 -23.0698 -22.9768 -22.5335 -23.2144 -23.1055 -23.4119 -23.5243 -23.5698 -23.1811 -23.5261 -23.8244 -24.0501 -23.6842 -23.0624 -23.3798 -23.8575 -23.9697 -23.9955 -23.7747 -23.8621 -24.4112 -24.4495 -24.5118 -24.8501 -25.1985 -25.1067
-20.6719 -20.785 -21.0813 -21.2871 -21.2613 -21.2127 -21.5518 -21.5565 -21.7002 -21.7583 -22.0178 -22.1146 -22.0101 -22.1274 -22.3418 -22.5995 -22.7805 -22.7411 -22.7265 -22.6577 -22.4556 -22.6631 -22.2714 -22.2707 -22.0476 -22.478 -22.133 -22.0486 -22.093 -22.4361 -22.005 -21.9665 -21.9173 -22.0246 -22.1929 -22.2598 -22.5494 -22.4638 -22.5272 -22.267 -22.7755 -22.9505 -23.1501 -23.1403 -22.6576 -23.2531 -23.6248 -23.6103 -23.6189 -23.1298 -22.5829 -22.5049 -23.1073 -23.2552 -23.2814 -23.1925 -23.4684 -23.5271 -23.6958 -23.8732 -23.8631 -24.255 -24.238
-20.9868 -21.1851 -21.0358 -21.3747 -21.4814 -21.4377 -21.4595 -21.8065 -21.6741 -21.7529 -22.0928 -21.975 -22.0215 -22.0509 -22.2453 -22.3482 -22.2813 -22.2601 -22.5068 -22.676 -22.1779 -22.5254 -22.6099 -22.3007 -22.1526 -22.0405 -21.9505 -21.9585 -21.6417 -21.88 -21.7284 -21.9135 -22.2378 -22.102 -22.1393 -22.1889 -22.2262 -22.1782 -22.2479 -22.201 -22.1739 -22.3127 -22.0501 -22.1964 -22.8126 -22.8579 -22.4225 -23.0505 -22.607 -22.5957 -22.1818 -22.1378 -22.8344 -23.183 -22.5225 -22.3878 -22.8486 -22.8459 -22.9849 -23.5435 -23.7659 -23.8022 -23.7126
-20.9411 -21.1347 -21.0353 -21.3742 -21.2935 -21.2978 -21.3931 -21.5636 -21.6851 -21.8852 -22.1445 -22.242 -22.153 -22.1019 -22.204 -22.4032 -22.1802 -22.0359 -22.3728 -22.1571 -22.3853 -22.2389 -22.4438 -22.8259 -22.255 -22.064 -22.0681 -22.1324 -21.8701 -21.4819 -21.5547 -22.0495 -21.8839 -21.8627 -21.9516 -22.1851 -22.2717 -22.0377 -21.9511 -22.0289 -21.7922 -21.8052 -21.7808 -21.8279 -22.0738 -21.8681 -21.9572 -21.9853 -21.892 -21.9425 -22.1452 -22.2905 -22.0669 -22.104 -22.3752 -22.6048 -22.5071 -22.6932 -22.8122 -22.9025 -23.0275 -23.3848 -22.8784
-20.9573 -20.8938 -21.1833 -21.2081 -21.095 -21.58 -21.8587 -21.7021 -21.577 -21.844 -21.8795 -22.1589 -22.1067 -22.1068 -22.071 -22.1167 -21.9606 -21.9637 -21.877 -21.7212 -22.2393 -22.5162 -22.5497 -22.4978 -22.5893 -22.0954 -21.9655 -21.9197 -21.7063 -21.5404 -21.3306 -21.3792 -21.5626 -21.776 -21.7079 -22.1761 -21.8431 -21.8959 -21.611 -21.8603 -21.8549 -21.9598 -21.8774 -21.9684 -21.6114 -21.6936 -21.8759 -21.9355 -21.8469 -21.8311 -21.8307 -21.9451 -22.0788 -22.1249 -22.0328 -22.0882 -22.2139 -22.5154 -22.4441 -22.9073 -22.8311 -22.8399 -22.6972
-20.7509 -21.3418 -21.0845 -21.0002 -21.3513 -21.213 -21.6625 -21.9335 -21.8994 -21.6934 -21.7723 -22.1079 -21.8185 -21.9849 -21.8598 -22.15 -22.0633 -21.8658 -21.8795 -21.9471 -21.8548 -22.3652 -22.0774 -22.0577 -22.1852 -21.777 -21.5562 -21.35 -21.3104 -21.4073 -21.1797 -21.6382 -21.9422 -21.7347 -21.597 -21.7158 -21.7734 -21.5576 -21.4684 -21.6449 -21.3751 -21.3294 -21.9775 -22.1354 -22.2733 -21.5857 -21.6424 -21.9399 -21.6637 -21.6833 -21.9131 -21.7714 -21.8418 -22.0879 -22.0033 -21.9351 -22.0179 -22.0942 -22.24 -22.3703 -22.1838 -22.115 -22.0867
-21.0705 -21.1932 -21.1542 -20.9255 -21.0811 -21.3017 -21.6265 -21.507 -21.5675 -21.4629 -21.7259 -21.7428 -21.9836 -21.6902 -21.6664 -21.8403 -21.9514 -21.9386 -21.785 -21.67 -21.3125 -21.7373 -21.7889 -22.1702 -22.2709 -22.2027 -21.4057 -21.5749 -21.2066 -20.9454 -21.4017 -21.6724 -21.4673 -21.9572 -21.5423 -21.4403 -21.1885 -21.1159 -21.3739 -21.1367 -21.3596 -21.9804 -21.4455 -21.494 -21.7616 -21.6716 -21.6381 -21.4746 -21.7982 -21.6383 -21.8278 -21.9477 -21.777 -21.8885 -22.0611 -21.9369 -21.8806 -22.4363 -22.7363 -22.6711 -22.232 -21.8281 -21.8156
-20.778 -21.2178 -21.0017 -20.9185 -21.3646 -21.462 -21.271 -21.3038 -21.3469 -21.6047 -21.8974 -21.7132 -21.7097 -21.4239 -21.4002 -21.7557 -21.5828 -21.8908 -21.6068 -21.3724 -21.3749 -21.2474 -21.6305 -21.4555 -21.8755 -22.0008 -21.5162 -20.99 -20.8733 -20.8659 -20.9709 -21.0394 -21.2247 -21.5196 -21.0947 -21.1558 -21.1962 -20.9292 -20.8589 -21.4263 -21.5389 -21.6531 -21.3627 -21.4274 -21.5564 -21.6324 -21.6835 -21.5867 -21.5461 -21.9186 -21.6151 -22.2515 -22.056 -22.1475 -22.2531 -22.4988 -21.8747 -22.1758 -22.0475 -22.0239 -21.7484 -21.6283 -21.4196
-20.9996 -21.3539 -21.2492 -20.7297 -21.4163 -21.1646 -21.1904 -21.143 -21.6626 -21.6201 -21.5129 -21.5691 -21.6258 -21.2107 -21.5733 -21.4041 -21.4673 -21.9583 -21.9857 -21.3294 -21.2882 -21.0632 -21.5662 -21.2722 -21.6588 -21.3249 -21.1816 -21.4269 -20.7934 -20.6568 -20.7981 -20.9511 -21.4443 -21.389 -20.9617 -21.0175 -20.6934 -21.1061 -20.9655 -21.2316 -21.1758 -21.1715 -21.2126 -21.2455 -21.757 -21.4253 -21.7778 -21.8935 -21.8054 -22.2505 -21.9966 -21.9083 -21.7379 -22.0314 -21.7468 -21.8515 -21.6362 -21.9466 -21.6261 -22.0057 -21.5427 -21.5326 -21.3515
-20.9988 -21.3292 -21.1969 -21.0517 -20.6964 -20.7969 -20.9075 -21.5502 -21.7949 -21.5107 -21.5632 -21.1647 -21.1751 -21.4596 -21.4026 -21.4026 -21.3703 -21.5235 -21.3833 -21.7058 -21.0898 -20.9103 -21.2245 -21.349 -21.2104 -20.8515 -20.5 -20.8057 -20.4599 -21.2332 -21.1307 -21.6046 -21.6032 -21.7439 -21.0856 -20.4562 -20.5488 -20.7057 -20.9205 -21.3924 -21.389 -21.1281 -21.1143 -21.4669 -21.6285 -21.8439 -21.7673 -21.7209 -21.3826 -21.5689 -21.9598 -21.448 -21.6567 -21.4743 -21.4365 -21.5017 -21.6121 -21.6985 -21.4081 -21.528 -21.6214 -21.3314 -21.2155
-20.7147 -21.2122 -21.0701 -20.9363 -20.5549 -21.0755 -21.5058 -21.7581 -21.5863 -21.5153 -21.6719 -21.3335 -20.9841 -21.2737 -21.0558 -21.0566 -21.0681 -21.004 -21.0685 -21.1028 -21.3369 -20.7202 -21.319 -20.9708 -20.8753 -21.203 -20.7095 -20.4707 -20.4967 -20.7825 -20.8482 -20.9753 -21.0831 -21.4281 -21.7088 -20.674 -20.3589 -20.6992 -20.6126 -20.7864 -21.1645 -21.1298 -21.3153 -21.0183 -21.3517 -21.342 -21.3179 -21.1988 -21.1918 -21.3312 -21.4263 -20.97 -21.4248 -20.8824 -21.5779 -21.558 -21.1331 -21.0776 -20.9884 -21.4132 -21.2794 -21.1715 -21.1115
-20.8279 -21.3217 -20.7224 -20.7103 -20.4228 -21.2864 -21.132 -21.5872 -21.5174 -21.504 -21.1146 -21.2468 -21.2664 -20.7997 -20.8927 -20.8682 -20.9927 -20.8273 -20.8645 -20.9573 -21.1092 -21.0063 -20.9851 -20.9182 -21.1779 -21.3068 -20.8823 -20.7011 -20.3828 -20.4616 -20.5259 -20.9333 -21.3448 -21.3623 -21.3698 -20.5675 -20.6839 -21.2731 -20.4719 -20.6038 -20.7706 -21.7125 -21.2763 -20.9587 -20.8835 -20.8075 -20.8899 -20.7871 -21.0034 -20.8402 -20.6443 -20.9357 -20.7313 -20.9058 -20.9598 -20.7706 -20.9687 -20.4486 -20.9194 -20.7397 -20.7121 -20.6895 -20.61
-21.329 -21.1329 -21.0214 -20.8705 -20.4576 -20.745 -21.1329 -21.4763 -21.2557 -21.2642 -21.0548 -20.8789 -21.1659 -20.7315 -20.6377 -20.9725 -20.7461 -20.5815 -20.7842 -20.646 -20.9425 -20.7977 -20.3806 -20.6555 -20.5869 -20.7487 -20.1941 -20.4102 -20.137 -20.0344 -20.4392 -20.7519 -21.0773 -20.4606 -20.6259 -20.0464 -20.3132 -20.2687 -20.9292 -21.0693 -21.2238 -21.3017 -20.7363 -20.6326 -20.5704 -20.4269 -20.535 -20.4389 -20.5726 -20.3729 -20.7205 -20.6317 -20.405 -20.4698 -20.6291 -20.6938 -20.5812 -20.3532 -20.5131 -20.3789 -20.2591 -20.4359 -20.5517
-21.1292 -21.2807 -20.9453 -21.1294 -20.5985 -20.3515 -21.0362 -20.8919 -21.3193 -21.1545 -20.6817 -20.8891 -20.8471 -20.8146 -20.4559 -20.5993 -20.7198 -20.444 -20.6298 -20.7058 -20.8014 -20.5643 -20.5654 -20.1723 -20.4563 -20.4233 -20.2362 -20.3414 -19.9952 -20.1981 -19.8471 -21.031 -20.4648 -20.3312 -19.7485 -19.7314 -19.9005 -20.2909 -20.5113 -20.6877 -20.9039 -20.6003 -20.8909 -20.493 -20.648 -20.8622 -20.0796 -20.372 -20.0425 -20.5276 -20.0137 -20.3803 -20.3845 -20.0108 -19.9351 -20.083 -20.1595 -20.3828 -20.0868 -20.1401 -19.9859 -20.0189 -20.1192
-21.1031 -21.1495 -21.1914 -21.0969 -20.7973 -20.1964 -20.3962 -20.601 -20.9014 -21.1213 -20.971 -20.5934 -20.4229 -20.5413 -20.2201 -20.5785 -20.4893 -20.3327 -20.5493 -20.3033 -20.4793 -20.6564 -20.3667 -20.0237 -20.441 -20.3708 -20.3446 -19.9963 -19.8094 -19.7884 -19.643 -20.1127 -20.516 -20.1175 -20.1107 -19.8809 -20.6121 -20.8493 -20.6463 -20.5347 -20.3592 -20.3575 -20.3744 -20.3942 -20.1121 -20.3623 -20.219 -20.2986 -20.2861 -19.7104 -20.4205 -20.3151 -19.8523 -19.628 -19.9107 -19.9761 -20.0915 -19.5873 -19.8833 -19.4396 -19.9347 -19.4413 -19.6079
-20.7719 -21.0397 -21.2147 -20.9583 -21.0433 -20.5424 -20.1664 -20.4311 -20.4745 -20.8126 -20.9627 -20.9846 -20.4986 -20.2248 -20.1373 -20.4937 -20.049 -20.2143 -20.2991 -20.2986 -20.2158 -20.3918 -20.4547 -19.8657 -20.3443 -20.2831 -20.1637 -19.9286 -19.7763 -19.548 -19.4071 -19.6254 -19.7883 -19.4007 -19.6651 -19.9091 -20.2075 -20.5941 -20.3973 -20.235 -20.3509 -20.0677 -19.8557 -20.13 -19.8106 -19.4456 -20.0034 -19.6917 -19.8551 -20.0617 -19.8752 -19.9598 -19.7544 -19.7463 -19.8839 -19.9021 -19.3596 -19.2881 -19.3809 -19.1201 -18.9665 -19.2348 -19.35
-20.8838 -20.5747 -20.6463 -20.8494 -20.9575 -21.0219 -20.8739 -20.0274 -20.4659 -20.5545 -20.5543 -20.7128 -20.6436 -20.6839 -20.0988 -20.0718 -20.2247 -20.1904 -20.2738 -19.9703 -20.1621 -20.1998 -19.9824 -19.6876 -19.9397 -20.0002 -19.8987 -19.7525 -19.529 -19.5511 -19.2772 -19.2541 -19.233 -19.2753 -19.8564 -20.3193 -20.1044 -20.0586 -20.2411 -19.9352 -20.0369 -19.8326 -19.9523 -19.8519 -19.3529 -19.2607 -19.5661 -19.1792 -19.8004 -19.5808 -19.3968 -19.5544 -19.1752 -19.5435 -19.2387 -19.2703 -19.2432 -19.1919 -19.1627 -19.2416 -19.1835 -18.9853 -18.6506
-20.6802 -20.8505 -20.4121 -20.7777 -20.8506 -20.7651 -20.4829 -20.2981 -19.993 -20.4393 -20.5923 -20.5998 -20.6075 -20.3117 -20.4908 -20.2558 -19.728 -19.6543 -19.6141 -20.0018 -19.7793 -20.0427 -19.7021 -19.672 -19.9086 -19.9705 -19.7377 -19.564 -19.3671 -19.2095 -19.1072 -19.083 -19.0826 -19.4942 -19.8191 -19.6826 -20.0919 -19.8352 -20.0597 -19.4014 -19.475 -19.5256 -19.494 -19.517 -19.2644 -19.0298 -18.995 -19.3168 -19.1611 -19.2197 -19.3029 -19.0981 -18.6938 -19.1167 -18.8537 -19.0293 -18.6791 -18.4586 -18.8888 -18.6893 -18.6495 -18.7765 -18.577
-20.3928 -20.6099 -20.5695 -20.6389 -20.3822 -20.7969 -20.468 -20.5235 -19.8074 -20.0 -20.3038 -20.4068 -20.4702 -20.5094 -20.0076 -20.2035 -20.2727 -20.2524 -20.1133 -19.6433 -19.481 -19.7609 -19.7144 -19.379 -19.714 -19.6122 -19.7778 -20.0592 -19.7353 -19.3837 -18.9513 -18.9234 -19.1971 -19.2511 -19.9336 -19.8666 -19.6515 -19.5856 -19.6261 -19.0955 -19.369 -19.0619 -19.1822 -18.8709 -18.8392 -19.3037 -19.2652 -19.2258 -18.9243 -18.7919 -18.8854 -18.9055 -18.6897 -18.6304 -18.6008 -18.5673 -18.2093 -18.5934 -18.4621 -18.504 -18.3855 -18.3152 -18.0723
-20.2703 -20.3418 -20.5067 -20.0734 -20.3217 -20.6439 -20.2626 -20.5103 -19.7537 -19.8411 -20.0357 -20.5429 -20.3032 -20.2742 -19.9199 -19.7998 -19.7581 -19.9804 -20.1044 -19.8029 -19.3361 -19.6084 -19.2492 -19.7183 -19.8808 -19.3536 -19.7649 -19.9108 -19.2993 -19.0694 -18.8306 -18.7725 -19.2565 -19.4347 -19.4885 -19.6623 -19.6124 -19.4676 -19.0214 -18.8505 -18.6582 -18.7386 -18.8829 -18.8523 -19.222 -18.8837 -18.9328 -18.8922 -18.973 -19.0886 -18.998 -18.4313 -18.3251 -18.2162 -18.1734 -18.0514 -18.0729 -18.1979 -18.2249 -18.0894 -17.9304 -17.663 -17.6283
