data/70064_lisa.smith_molt/70064_lisa.smith_molt/predreg.asc
ncols 531
nrows 319
xllcorner -106.19999694824219
yllcorner 23.01666515142109
cellsize 0.0833333333
NODATA_value -9999
[rows 56 to 83 of 319, columns 63 to 125 of 531]
-57.639 -57.3097 -56.9598 -57.149 -56.9156 -56.6464 -56.1694 -56.623 -56.785 -57.0905 -57.0131 -57.2961 -57.3655 -57.3341 -57.3341 -57.187 -57.1317 -57.179 -57.1305 -56.6647 -56.6726 -56.5777 -56.0806 -55.4576 -55.149 -54.9683 -54.8252 -54.7371 -54.6939 -54.5556 -54.5624 -54.568 -54.5785 -54.5809 -54.6792 -54.8737 -55.1178 -55.7293 -56.7394 -56.5614 -56.4958 -56.8603 -56.5753 -56.2909 -56.2911 -56.4417 -56.3065 -56.7142 -56.9379 -57.1271 -56.8473 -56.213 -55.6472 -54.5154 -54.0774 -53.9246 -53.8086 -53.7433 -53.6918 -53.6153 -53.5878 -53.5237 -53.4712
-56.0114 -56.172 -56.3817 -55.6952 -56.2979 -55.6647 -56.2955 -55.468 -56.317 -56.5091 -56.5604 -56.669 -56.651 -56.3913 -56.462 -56.3529 -56.6611 -56.6703 -56.5342 -56.7789 -56.7623 -56.8393 -55.8578 -55.2153 -54.7627 -54.6488 -54.5689 -54.4532 -54.401 -54.2602 -54.2061 -54.2583 -54.247 -54.2197 -54.4734 -54.5664 -54.7588 -55.2561 -56.2116 -56.1917 -56.1166 -56.2678 -56.2959 -56.1062 -56.1394 -56.1145 -55.9302 -56.2233 -56.7578 -56.9731 -56.617 -56.2952 -55.8274 -55.3037 -54.1055 -53.7076 -53.5381 -53.5247 -53.4104 -53.4443 -53.344 -53.2922 -53.2542
-55.4042 -55.7161 -55.3493 -55.1452 -55.1478 -55.9504 -55.4818 -55.9694 -56.1512 -56.1679 -56.1408 -56.1113 -56.0926 -56.1191 -56.5749 -56.2697 -55.9478 -56.0332 -55.9122 -55.885 -55.8238 -55.6375 -55.1947 -54.8287 -54.6108 -54.2885 -54.2235 -54.1587 -53.9919 -54.0136 -53.8747 -53.9388 -53.8258 -53.8864 -54.0643 -54.2734 -54.4506 -54.7715 -55.8859 -55.8682 -55.8037 -55.8789 -55.7525 -55.7558 -55.6602 -55.8427 -55.6832 -55.5463 -56.2354 -56.4952 -56.6183 -56.0285 -55.6251 -55.3699 -54.8156 -53.797 -53.4501 -53.2815 -53.1915 -53.1146 -53.064 -53.075 -53.0875
-55.5882 -56.3216 -55.53 -55.348 -54.7903 -55.6671 -55.7893 -55.9134 -55.7488 -55.4548 -55.7471 -55.8557 -55.8968 -55.5601 -55.3693 -55.5386 -55.5639 -55.3767 -55.262 -55.0742 -55.0132 -54.8433 -54.7028 -54.4983 -54.1485 -53.968 -53.8629 -53.8509 -53.7095 -53.6705 -53.6453 -53.5669 -53.5301 -53.5797 -53.6815 -53.9364 -54.093 -54.4014 -54.9637 -55.5302 -55.4886 -55.4931 -55.4733 -55.4222 -55.231 -55.1872 -55.5671 -55.1118 -55.3578 -55.9064 -56.1876 -55.8612 -55.5296 -55.3352 -55.1534 -54.2544 -53.4762 -53.129 -52.9875 -52.8855 -52.7695 -52.7055 -52.6798
-54.9482 -55.4598 -55.8706 -54.9143 -54.4712 -55.1906 -54.7421 -55.0227 -55.0601 -55.1162 -55.454 -55.2139 -55.1052 -54.9786 -54.8658 -55.1541 -55.0446 -55.1182 -54.9358 -54.7046 -54.629 -54.5266 -54.3609 -54.1177 -53.8967 -53.7282 -53.6633 -53.5606 -53.5327 -53.3935 -53.3276 -53.3158 -53.2653 -53.2505 -53.3027 -53.534 -53.6862 -53.995 -54.3938 -55.2935 -55.1545 -55.4226 -55.2886 -55.2347 -54.8884 -54.8172 -54.9281 -54.6663 -54.7059 -54.891 -55.544 -56.0282 -55.6304 -55.2477 -55.1091 -54.7956 -54.0653 -53.3646 -52.8518 -52.6839 -52.6089 -52.5049 -52.4398
-55.3736 -55.7738 -56.0268 -55.7332 -54.4467 -54.202 -54.3099 -54.5694 -54.7835 -54.9437 -54.931 -54.7654 -54.5369 -54.5889 -54.6169 -54.6944 -54.9187 -55.1217 -55.0551 -54.8235 -54.6191 -54.4129 -54.1952 -54.0159 -53.836 -53.6414 -53.4745 -53.3871 -53.1689 -53.1547 -53.0912 -53.0655 -52.974 -52.8456 -52.8662 -53.09 -53.2958 -53.5137 -53.9108 -54.4753 -54.8324 -54.8452 -54.943 -54.9279 -54.662 -54.4054 -54.3918 -54.3961 -54.4615 -54.3255 -54.8117 -54.9984 -55.6282 -55.0788 -54.9458 -54.7299 -54.4419 -53.9588 -53.3458 -52.6491 -52.4588 -52.3438 -52.2026
-55.9674 -55.9209 -55.5547 -55.2291 -55.088 -53.8066 -53.8086 -54.29 -54.3828 -54.644 -54.6448 -55.0082 -54.078 -54.3828 -54.6897 -55.1618 -55.1618 -55.084 -55.0675 -55.0177 -55.3477 -55.1308 -55.3912 -54.2434 -53.9956 -53.8826 -53.5619 -53.1012 -53.0358 -52.8294 -52.7516 -52.6617 -52.5973 -52.5966 -52.479 -52.6743 -52.8525 -53.0306 -53.3916 -53.7758 -54.4371 -54.3961 -54.6193 -54.6335 -54.6537 -54.3222 -54.2321 -54.0404 -54.0337 -53.8973 -54.107 -54.3062 -54.6374 -55.1274 -54.8024 -54.4641 -54.2351 -54.0641 -53.6909 -53.1776 -52.6214 -52.1298 -52.0291
-55.3651 -55.4663 -54.8262 -54.7863 -54.9194 -54.2946 -54.0831 -52.8217 -54.0445 -53.8498 -53.9093 -53.6092 -54.2833 -53.9485 -54.0282 -54.3182 -54.7377 -55.0809 -55.4396 -55.3643 -54.761 -54.7604 -54.7511 -54.6749 -54.2881 -54.2133 -54.441 -52.8927 -52.7225 -52.6965 -52.4284 -52.362 -52.311 -52.22 -52.2848 -52.3216 -52.4643 -52.6549 -52.939 -53.2223 -53.7361 -53.9494 -53.9696 -53.846 -53.8165 -54.1057 -54.3921 -54.0052 -53.8203 -53.5605 -53.7089 -53.7686 -54.0511 -54.0669 -54.6816 -54.4391 -54.2148 -53.9468 -53.7323 -53.4649 -53.2097 -52.5676 -52.0742
-54.3591 -54.665 -54.8205 -53.8284 -54.1721 -53.4369 -52.9317 -53.1552 -53.7756 -53.5826 -53.3295 -52.5912 -53.0693 -52.9817 -53.4697 -54.5636 -54.9458 -54.8437 -54.5061 -54.0634 -54.3178 -54.3788 -54.3919 -54.8937 -54.2576 -54.2536 -53.8007 -53.2182 -52.4864 -52.3699 -52.1938 -52.0763 -52.0262 -51.9612 -51.9224 -52.0396 -52.1012 -52.2308 -52.5129 -52.7595 -53.1304 -53.6498 -53.4927 -53.575 -53.7469 -53.7857 -53.8392 -53.9312 -53.4661 -53.1473 -53.322 -53.2732 -53.3682 -53.5598 -54.0517 -54.2984 -54.0299 -53.7619 -53.6431 -53.5585 -53.092 -52.91 -52.5788
-54.5859 -54.3582 -53.8154 -52.9409 -53.5951 -53.9104 -53.8948 -53.7522 -53.5572 -53.5636 -53.4931 -53.615 -53.205 -53.0745 -53.2229 -53.317 -52.1958 -52.7507 -53.6413 -53.4946 -53.3573 -53.5223 -53.859 -53.5685 -54.2823 -54.1154 -54.0402 -53.8216 -52.3899 -52.1655 -51.9492 -51.7939 -51.7404 -51.6673 -51.4743 -51.664 -51.7031 -51.8057 -51.9626 -52.2185 -52.5411 -52.9747 -53.3899 -53.3489 -53.3359 -53.4246 -53.6078 -53.5186 -53.2001 -53.0315 -52.7191 -52.9365 -53.0514 -53.341 -53.3781 -53.4739 -53.6743 -53.893 -53.4027 -53.238 -53.0807 -52.6708 -52.5138
-53.4681 -53.2855 -52.993 -53.6635 -54.105 -53.9099 -53.7011 -54.0101 -54.4059 -53.6641 -53.2197 -52.6483 -52.1772 -51.8138 -51.8368 -52.2441 -51.81 -51.8274 -52.8283 -52.7668 -52.8802 -53.0354 -53.4555 -53.2523 -53.2194 -53.668 -53.5842 -53.345 -53.3234 -51.9378 -51.7718 -51.4757 -51.3971 -51.3077 -51.3717 -51.3458 -51.3725 -51.4861 -51.5763 -51.7804 -52.1141 -52.5026 -52.8501 -52.967 -53.2463 -53.2851 -53.0074 -53.279 -52.7702 -52.5985 -52.802 -52.5879 -52.3911 -52.78 -53.1101 -52.7695 -53.1324 -53.4161 -53.5529 -52.943 -52.9418 -52.6837 -52.5745
-54.0445 -53.8606 -53.7287 -53.7123 -53.7462 -54.1673 -54.4144 -54.1214 -53.8541 -53.5314 -53.8398 -53.832 -53.2342 -53.3208 -52.4393 -52.087 -52.8546 -51.8527 -51.5526 -51.6126 -52.3126 -52.4808 -52.2403 -52.7322 -52.5614 -52.4926 -53.1493 -52.873 -53.1621 -52.2646 -51.4398 -51.2229 -51.0658 -51.0148 -50.9118 -50.9876 -51.0133 -51.1032 -51.2427 -51.4277 -51.591 -52.0426 -52.2863 -52.5739 -53.0844 -52.8956 -52.718 -52.6491 -52.5065 -52.6866 -52.4738 -52.3204 -52.2412 -52.0167 -52.3351 -52.4085 -52.8461 -52.8157 -52.8568 -53.2093 -52.5063 -52.4523 -52.3335
-53.9696 -53.6954 -53.8505 -53.9086 -54.0422 -54.484 -53.959 -53.605 -53.3091 -53.3003 -52.9532 -52.6786 -52.9222 -52.5437 -52.2791 -52.2015 -52.7246 -52.6915 -52.6814 -51.4253 -51.2952 -51.3254 -51.8579 -51.8577 -51.8655 -52.3221 -52.2963 -52.3596 -52.9362 -51.8301 -50.982 -50.8417 -50.6994 -50.687 -50.648 -50.5054 -50.6332 -50.7869 -50.8662 -50.9925 -51.1847 -51.5052 -51.8542 -52.1124 -52.0922 -52.5852 -52.4298 -51.9236 -52.2712 -52.2661 -52.1815 -51.9816 -51.9916 -51.9869 -51.9052 -52.1449 -52.4072 -52.3778 -52.1679 -52.5955 -52.2331 -52.2441 -52.0458
-54.4824 -54.288 -54.3517 -54.1861 -54.2357 -53.8713 -53.7442 -53.5839 -53.4775 -53.3911 -52.7983 -52.3526 -52.2607 -52.1184 -52.137 -52.1503 -52.3144 -52.2842 -52.0448 -52.1438 -50.8722 -52.1472 -51.9072 -51.3756 -51.4948 -51.8779 -52.4982 -51.9305 -51.705 -51.2773 -50.8489 -50.5887 -50.538 -50.3439 -50.4342 -50.4077 -50.389 -50.5121 -50.5243 -50.6399 -50.8192 -51.0742 -51.4111 -51.5666 -51.7528 -52.0625 -52.1822 -51.9265 -51.6451 -51.5911 -51.6837 -51.6224 -51.1904 -51.5428 -51.579 -51.5957 -52.12 -51.8202 -51.5585 -51.9583 -52.1601 -52.0313 -51.84
-53.0157 -52.5204 -53.1379 -52.8075 -53.0615 -53.0714 -52.7553 -52.6469 -52.5303 -52.4494 -52.3726 -52.2339 -52.0961 -51.9809 -51.709 -51.8726 -51.7302 -52.0297 -51.5441 -50.5115 -50.9796 -51.1928 -51.197 -51.3517 -51.7478 -51.9466 -51.6245 -51.2105 -51.2958 -50.9732 -50.6615 -50.4529 -50.2855 -50.1854 -50.1069 -50.0182 -50.1094 -50.1464 -50.2095 -50.3133 -50.4802 -50.6708 -50.9823 -51.0083 -51.3976 -51.0846 -51.8489 -51.6404 -51.4358 -51.3614 -51.3893 -50.9852 -51.2802 -51.2143 -51.0343 -51.3244 -51.7689 -51.5853 -51.0685 -51.3516 -51.4138 -51.9642 -51.6279
-53.6065 -53.3556 -52.887 -51.8928 -52.2519 -52.3989 -51.8233 -51.9205 -51.3346 -51.4198 -51.6451 -51.446 -51.3784 -51.5335 -50.8033 -50.9129 -50.894 -51.0987 -50.4484 -50.5275 -50.9787 -50.7821 -51.2384 -51.419 -51.4136 -51.142 -51.0131 -51.0817 -50.9462 -50.7497 -50.5568 -50.2602 -50.2055 -50.0395 -49.9131 -49.7812 -49.4844 -49.7963 -49.9609 -50.0007 -50.1078 -50.2592 -50.4785 -50.645 -50.9025 -50.5607 -51.3989 -51.1942 -50.9714 -50.6744 -51.0068 -50.3868 -50.7256 -50.4358 -50.8637 -51.0839 -50.8931 -51.0496 -50.5668 -50.6441 -51.0822 -51.0446 -51.3441
-53.1989 -52.6921 -52.7537 -52.6894 -52.4859 -52.6285 -51.8814 -52.6303 -52.1844 -52.0373 -51.4331 -51.9308 -51.5741 -51.2265 -51.568 -51.0708 -51.3029 -50.7461 -50.3996 -50.601 -51.195 -51.263 -51.0238 -51.0755 -51.0491 -50.7766 -50.5817 -50.8243 -50.7227 -50.63 -50.5657 -50.4249 -50.1551 -49.8595 -49.7188 -49.5784 -49.5137 -49.2406 -49.5295 -49.7055 -49.7326 -49.9886 -50.0392 -50.0915 -50.4604 -50.3177 -50.527 -50.8927 -50.7272 -50.4687 -50.3669 -50.0245 -50.0801 -50.0015 -50.0123 -50.2186 -50.3132 -50.0226 -50.215 -50.2967 -50.3312 -50.6175 -50.9416
-52.9964 -52.806 -52.7473 -52.6352 -53.2667 -53.1754 -52.1298 -52.5313 -51.6589 -51.97 -51.404 -51.485 -51.1856 -51.2431 -51.1991 -51.385 -51.4751 -50.4829 -51.148 -51.1653 -49.3777 -51.3557 -51.0954 -50.8045 -50.5929 -50.4561 -50.3402 -50.4286 -50.3772 -50.5138 -50.464 -50.5861 -50.5527 -49.9763 -49.6436 -49.3818 -49.2802 -49.2678 -49.1197 -49.2813 -49.5022 -49.4231 -49.6925 -49.7472 -49.9364 -49.9467 -49.9672 -50.3469 -50.3676 -49.9973 -49.7844 -49.5936 -49.6887 -49.5399 -49.6993 -50.0345 -49.887 -49.699 -49.8286 -49.7073 -49.9139 -50.2782 -50.2739
-53.3949 -53.2451 -52.5706 -52.4917 -53.4419 -52.6104 -52.6679 -52.0998 -51.8263 -51.8072 -51.5952 -51.3649 -51.2214 -51.2608 -51.1027 -51.787 -51.8201 -50.729 -50.9966 -50.8008 -49.0226 -50.3411 -50.5605 -50.347 -50.1486 -50.0641 -49.9622 -49.7204 -49.8747 -49.9266 -49.8645 -49.8758 -49.9681 -50.1906 -49.5948 -49.2606 -49.0804 -48.888 -48.8417 -48.8957 -48.988 -49.1096 -49.3478 -49.401 -49.2464 -49.596 -49.0875 -49.4419 -49.616 -49.586 -49.6708 -49.4837 -49.1352 -49.0375 -49.432 -49.4698 -49.4494 -49.4279 -49.276 -49.2722 -49.4506 -49.6549 -49.7712
-53.1176 -52.6584 -52.6367 -53.1181 -53.168 -53.3242 -53.3975 -52.5315 -52.0024 -51.9444 -51.8956 -51.5785 -51.3236 -51.1183 -51.3086 -51.6877 -51.0449 -50.8216 -50.8142 -50.9782 -50.2742 -50.609 -48.7532 -50.0554 -49.8198 -49.3782 -49.9141 -49.766 -49.7106 -49.8638 -49.8048 -49.6205 -49.3387 -49.6031 -49.4463 -49.1485 -48.9288 -48.6712 -48.5366 -48.5142 -48.6221 -48.9135 -49.1693 -49.2345 -49.2468 -49.189 -48.7753 -48.5677 -48.8795 -48.9074 -48.9185 -48.9684 -48.9438 -48.7244 -48.9576 -49.3402 -48.8349 -48.9685 -48.7294 -49.0324 -48.9592 -49.2223 -49.4452
-53.6235 -52.6608 -53.9044 -53.69 -53.184 -53.0726 -53.1015 -53.1428 -52.4168 -52.5835 -52.6494 -52.3877 -51.8025 -51.711 -51.7315 -51.8134 -51.1062 -51.4245 -51.1982 -51.6616 -51.6533 -51.3059 -50.9503 -48.4636 -49.5988 -50.1741 -49.7529 -49.3958 -49.5098 -49.6677 -49.4523 -49.1404 -48.9134 -48.8999 -49.3661 -49.0708 -48.8297 -48.5737 -48.3404 -48.2675 -47.9349 -48.5441 -49.2567 -48.9621 -48.5971 -48.4504 -48.253 -48.0857 -48.1873 -48.2271 -48.317 -48.4972 -48.2858 -48.1401 -48.8864 -48.6179 -48.6909 -48.4273 -48.344 -48.3695 -48.6914 -48.7123 -48.8379
-53.1059 -53.9801 -54.1028 -53.7351 -53.6814 -53.2882 -52.5912 -52.3253 -52.6433 -52.6659 -52.3243 -52.0887 -52.1251 -52.3975 -52.1572 -51.7963 -51.55 -51.4026 -51.2228 -51.3206 -51.1173 -50.4222 -49.8858 -50.1531 -49.6545 -48.1618 -49.6408 -48.954 -48.9383 -49.2238 -48.8325 -48.5209 -48.4816 -48.6229 -49.2894 -49.6867 -48.9814 -48.3647 -48.1713 -47.9609 -47.9154 -48.0565 -48.4372 -48.9938 -49.2687 -48.1637 -47.8609 -47.8764 -47.7707 -47.7693 -48.0369 -48.3304 -48.8088 -48.3742 -48.1894 -47.9625 -47.8084 -48.2879 -48.2074 -48.4916 -48.3052 -48.4549 -48.3846
-54.2782 -54.2761 -54.0437 -53.6438 -53.5679 -53.1883 -53.203 -52.5936 -51.99 -51.9414 -51.4004 -51.5055 -51.5581 -51.6476 -51.5103 -51.7832 -51.5562 -51.5307 -51.0405 -50.9116 -50.7601 -51.033 -50.8911 -50.4183 -49.5808 -49.1172 -48.2695 -48.14 -49.3772 -48.2073 -48.638 -48.3594 -48.0074 -48.4051 -49.3689 -49.4577 -48.5686 -48.5408 -48.0368 -47.8446 -47.4657 -47.3352 -47.6779 -48.0131 -48.8478 -48.2741 -47.8511 -47.523 -47.3016 -47.4815 -48.0477 -48.2189 -48.3007 -48.0675 -47.469 -47.4251 -48.0127 -48.1912 -48.2448 -48.0457 -48.0662 -47.878 -48.069
-53.62 -53.5051 -53.591 -53.3044 -53.1728 -52.8442 -52.7578 -52.5607 -52.2607 -51.8383 -51.7841 -51.4971 -51.102 -50.784 -50.8646 -50.9816 -51.0399 -50.9019 -51.0674 -51.0114 -50.6791 -50.0783 -49.8803 -50.0446 -49.801 -49.6745 -49.2554 -48.2702 -48.7984 -47.2333 -48.6833 -48.7393 -48.0673 -47.8663 -48.7054 -48.6897 -48.2591 -47.9435 -47.8695 -47.7509 -47.6566 -47.6591 -47.4779 -46.9261 -47.5354 -48.204 -47.9853 -47.2388 -47.071 -47.3591 -48.0787 -47.6203 -47.4777 -47.5052 -47.3336 -47.3803 -47.4954 -47.8456 -47.4779 -47.8082 -47.6694 -47.7431 -47.748
-53.4809 -53.3858 -52.9489 -53.013 -52.9952 -52.798 -52.5155 -52.3517 -51.9505 -52.0346 -51.7512 -51.615 -51.6135 -51.3409 -51.0356 -50.5893 -50.341 -49.8824 -49.8105 -49.8848 -50.0799 -50.2521 -50.1008 -49.5921 -48.8467 -49.0319 -49.1542 -49.147 -49.1041 -48.3504 -46.8703 -47.5897 -47.6433 -48.1286 -47.6332 -48.2658 -47.4634 -47.4579 -47.372 -47.3042 -47.1575 -47.603 -47.2734 -46.8325 -46.9848 -46.5968 -47.0722 -47.0826 -46.5216 -46.787 -47.2552 -47.1806 -47.557 -47.082 -46.8808 -47.3537 -47.5156 -47.3213 -47.2426 -47.2459 -47.3538 -47.5726 -47.5591
-53.4977 -53.1818 -52.7114 -52.7797 -51.9412 -51.7534 -51.5419 -51.5339 -51.2133 -51.6616 -51.6897 -51.5822 -51.4163 -51.3014 -50.8646 -50.6886 -50.3598 -50.3268 -49.9654 -49.7173 -49.3821 -49.1296 -49.0866 -48.7235 -48.5046 -48.9096 -48.5195 -48.2387 -48.1997 -48.2924 -48.0843 -48.0348 -46.6089 -47.2166 -47.2536 -47.3066 -46.872 -46.8608 -46.4449 -46.6728 -47.6851 -47.425 -46.8953 -46.4871 -46.2721 -46.234 -46.2076 -46.1857 -46.4693 -46.3878 -46.5963 -46.818 -46.8109 -46.2012 -46.4265 -47.0304 -47.0382 -46.7312 -46.9397 -46.9476 -47.0354 -47.2534 -47.3647
-52.3611 -52.3861 -52.0754 -51.4761 -51.3022 -51.6959 -51.9565 -51.8452 -51.7985 -51.3195 -50.5416 -50.2655 -50.8962 -50.8034 -50.7667 -50.9745 -50.8553 -50.3914 -50.2913 -49.5947 -48.6825 -49.0381 -48.9334 -48.9017 -48.6192 -48.4321 -48.2316 -47.6456 -47.3681 -48.0177 -47.9418 -47.6705 -47.2693 -46.7685 -46.3306 -47.1953 -46.857 -46.9243 -48.0513 -47.4183 -47.1484 -47.0039 -46.742 -46.3938 -46.8211 -46.2432 -45.9256 -45.9002 -45.9016 -46.2185 -46.1875 -46.1595 -46.1599 -46.3049 -46.8019 -46.8225 -46.4131 -46.1339 -46.2738 -46.7477 -46.8374 -46.8025 -47.0229
-52.5127 -52.4104 -52.3283 -52.254 -52.3023 -52.1983 -52.1446 -51.9308 -51.7006 -51.579 -51.3485 -51.0218 -50.7741 -50.122 -49.9309 -49.6033 -49.063 -48.8163 -49.2687 -49.4238 -49.3894 -49.5606 -49.307 -48.8318 -49.1367 -48.7804 -48.6923 -47.8547 -47.963 -47.7742 -47.6131 -47.6144 -47.3379 -46.5164 -46.8032 -46.1227 -47.1801 -46.7977 -47.5719 -47.5725 -47.8029 -47.1036 -47.0219 -46.797 -46.329 -46.0071 -45.9373 -46.284 -45.9158 -45.4827 -45.5097 -45.4696 -45.4311 -46.6181 -45.9115 -46.6462 -46.1874 -45.8 -46.3264 -46.5682 -46.5946 -46.2416 -46.2748
