data/70064_lisa.smith_molt/70064_lisa.smith_molt/predkrig.asc
ncols 531
nrows 319
xllcorner -106.19999694824219
yllcorner 23.01666515142109
cellsize 0.0833333333
NODATA_value -9999
[rows 0 to 27 of 319, columns 189 to 251 of 531]
-78.6233 -78.5029 -78.5133 -78.6534 -78.4776 -78.3573 -78.1812 -78.215 -77.854 -77.7746 -77.6922 -77.4076 -76.5222 -77.7291 -76.0876 -75.5936 -76.1395 -75.7872 -76.1465 -75.3596 -75.3257 -75.3116 -75.7081 -75.2749 -75.5843 -75.2798 -75.2276 -75.2176 -75.21 -75.3945 -76.1071 -75.9598 -76.4884 -76.2153 -76.441 -76.8273 -76.7375 -76.5153 -76.7763 -76.8331 -76.6029 -76.41 -76.3061 -76.1801 -76.2515 -75.9241 -76.178 -76.1847 -76.3935 -76.0639 -76.2457 -76.3528 -76.3399 -76.1518 -76.2007 -76.1748 -76.1794 -75.9563 -75.7359 -76.0364 -75.8922 -75.5939 -76.2757
-78.0863 -78.0104 -78.139 -78.1118 -78.1501 -78.0229 -77.6366 -77.6445 -77.5134 -77.6137 -77.1811 -77.0751 -76.4288 -76.8583 -76.3393 -75.6165 -75.5764 -75.1046 -75.4402 -74.8725 -74.8376 -74.8233 -75.0016 -75.2306 -74.7652 -74.7675 -74.7483 -74.7357 -75.8324 -75.1654 -76.3456 -76.367 -76.7511 -76.7125 -76.7183 -76.4215 -76.3919 -76.2533 -76.3253 -76.467 -76.2636 -75.9045 -76.528 -76.1603 -75.5048 -76.429 -76.1609 -76.1216 -76.1509 -76.0032 -75.9607 -75.8668 -76.0751 -75.9656 -75.9264 -76.2501 -75.8163 -75.7293 -75.4566 -75.5876 -76.0173 -75.912 -76.1179
-77.6526 -77.5272 -77.5135 -77.5017 -77.4936 -77.3021 -77.0826 -77.4117 -77.1954 -77.322 -77.0854 -77.1474 -76.2286 -76.3531 -76.6789 -75.6763 -74.8328 -74.5341 -74.501 -75.2343 -74.3627 -74.3064 -74.2777 -74.2743 -74.2225 -74.228 -74.2004 -74.1951 -74.6437 -75.7011 -76.0302 -76.5412 -76.49 -76.5714 -76.1857 -76.6529 -76.0483 -75.9934 -75.8436 -75.8361 -75.7648 -76.4074 -75.7602 -75.0777 -75.9164 -76.1214 -75.5079 -75.6453 -75.4694 -75.5206 -75.46 -75.1441 -75.8267 -75.7561 -75.2307 -75.4324 -75.3456 -75.2832 -74.9268 -75.0618 -75.1982 -75.3519 -75.3214
-77.426 -77.1348 -77.0412 -77.0081 -77.0305 -76.9349 -76.9638 -76.7869 -76.7284 -76.8421 -76.805 -76.4943 -76.5663 -76.2645 -76.086 -75.462 -74.7407 -74.1967 -74.5233 -73.7118 -75.0584 -74.1371 -74.0359 -75.1544 -73.953 -73.8976 -73.7426 -74.2174 -73.8066 -75.247 -75.7677 -75.691 -76.1672 -76.2201 -76.2907 -75.5178 -75.3419 -75.4026 -75.3844 -75.4012 -75.5662 -75.7683 -74.5585 -76.1562 -76.0347 -75.6313 -74.9815 -74.8859 -75.1512 -75.1287 -75.1163 -74.8368 -74.7715 -74.2936 -74.5826 -73.875 -75.0926 -75.0711 -75.0206 -75.2034 -75.0918 -75.0626 -74.7648
-77.0684 -76.7226 -76.997 -76.7422 -76.5517 -76.5861 -76.5143 -76.4628 -76.359 -76.5325 -76.3729 -76.3621 -76.5426 -75.9295 -75.3059 -74.9902 -75.3915 -74.9584 -74.2157 -73.4199 -73.3066 -74.9822 -75.3154 -74.2897 -74.2597 -73.8128 -74.1531 -74.1616 -74.9234 -75.7482 -75.5426 -76.1402 -75.3206 -75.7365 -76.0384 -75.7089 -75.517 -75.3157 -75.1844 -75.2903 -75.2011 -75.1964 -75.3684 -75.1109 -75.0724 -74.2202 -74.8839 -74.5803 -74.689 -74.601 -74.6862 -74.0619 -74.561 -73.4333 -74.4871 -74.5621 -75.0059 -74.5497 -75.0166 -75.2868 -74.7978 -74.8805 -74.7835
-76.5287 -76.3651 -76.2382 -76.2048 -75.911 -75.8464 -75.8145 -76.1482 -76.2271 -76.0258 -75.9778 -76.0886 -75.639 -75.5142 -74.8943 -75.462 -74.8589 -74.5312 -74.2492 -73.2237 -72.9844 -72.958 -72.3262 -73.6503 -73.6413 -73.5112 -73.5334 -72.882 -73.2114 -74.111 -75.1858 -74.9663 -75.0369 -74.9544 -74.9906 -74.9559 -74.8342 -75.1279 -74.7876 -74.8384 -74.6163 -74.6379 -75.3379 -74.4982 -74.4878 -73.9031 -74.2313 -74.1772 -74.3138 -73.8084 -74.3901 -73.6146 -73.9498 -73.4149 -73.8908 -73.8256 -73.9882 -74.071 -74.1382 -74.2166 -74.5019 -74.7518 -74.5603
-75.9149 -75.7199 -75.6454 -75.5124 -75.7789 -75.39 -75.3845 -75.1803 -75.2277 -75.1266 -75.18 -75.043 -75.0681 -74.8756 -74.8935 -75.0457 -74.1581 -73.7547 -73.8604 -72.8786 -72.5865 -72.5622 -72.2712 -73.8785 -73.4408 -71.9632 -71.8392 -71.8243 -72.2683 -72.8356 -74.3498 -73.9288 -74.6412 -74.9232 -75.2087 -75.1783 -75.2039 -74.7077 -74.6704 -74.2578 -74.8747 -73.8559 -74.0027 -73.5409 -74.3184 -73.3276 -73.3215 -73.5746 -73.6906 -72.8327 -72.731 -73.133 -72.5984 -73.3167 -73.5175 -74.6498 -73.4141 -73.7441 -73.6204 -74.0873 -73.9941 -73.9831 -74.1296
-75.2774 -75.2386 -75.0492 -75.1302 -74.9544 -74.9511 -74.8134 -74.4418 -75.0666 -74.6261 -74.7791 -74.536 -74.2032 -74.3545 -74.6809 -74.0398 -73.9149 -73.9153 -73.2607 -72.5312 -73.5032 -72.2704 -71.8478 -71.6646 -73.3675 -72.4956 -71.0728 -71.8666 -72.3123 -71.5412 -74.9366 -74.2007 -74.2484 -74.1866 -74.5329 -74.5343 -73.1625 -74.0843 -74.0366 -73.8438 -73.2917 -73.1605 -73.4251 -73.3663 -72.5795 -72.5602 -72.7994 -72.5214 -72.2732 -72.6264 -72.39 -72.7417 -71.7171 -72.0438 -73.0592 -73.6651 -72.9905 -72.9298 -73.3276 -73.7263 -73.5913 -73.441 -73.8513
-74.5601 -74.4083 -74.4046 -74.252 -74.3447 -74.3954 -74.4069 -73.721 -74.1398 -74.4381 -73.8129 -74.0864 -74.2454 -74.1209 -73.6707 -73.6814 -73.7909 -73.5383 -73.8296 -73.0144 -72.0777 -72.1786 -71.8733 -70.9322 -73.1663 -71.3231 -71.8429 -70.3985 -70.1252 -70.0054 -71.3282 -73.2559 -73.128 -73.0128 -73.2235 -72.4822 -71.9798 -73.1427 -73.6396 -73.1556 -72.9133 -73.3132 -73.1782 -72.9737 -71.7013 -72.3116 -72.15 -71.7105 -71.2343 -71.5215 -72.4001 -71.1353 -72.5034 -72.2792 -72.166 -72.3234 -72.1362 -72.7886 -72.7574 -72.9938 -73.0019 -72.877 -73.4091
-73.7731 -73.798 -73.6626 -74.063 -73.6878 -73.7798 -73.7397 -74.0138 -73.561 -72.9712 -72.9801 -73.2576 -73.3313 -73.4923 -73.4461 -73.4463 -72.9142 -73.6422 -73.3052 -72.6888 -72.0203 -71.5943 -71.1866 -71.0352 -70.4741 -69.9381 -69.9248 -69.574 -69.6632 -69.6821 -69.4779 -69.2459 -69.3714 -69.2628 -72.4879 -70.011 -72.0974 -72.1055 -73.3944 -72.5599 -72.9092 -71.7152 -72.9738 -70.8118 -72.6995 -71.4358 -71.8709 -70.8121 -71.521 -71.5767 -70.3614 -71.5707 -72.2401 -72.4749 -72.0359 -71.5321 -73.1588 -72.6213 -72.4469 -72.3096 -72.3058 -72.4996 -72.8842
-73.4349 -73.1653 -73.2126 -73.6597 -73.4009 -73.3493 -73.3521 -73.2173 -73.4607 -73.0973 -72.9159 -72.2543 -72.3582 -72.1919 -72.4653 -73.0296 -72.7788 -72.8145 -72.9569 -73.0197 -72.5421 -71.6282 -71.4784 -69.6037 -69.1536 -69.1414 -69.3189 -69.6642 -69.4092 -70.4624 -69.8194 -70.8336 -70.2843 -70.4397 -67.8704 -69.0753 -69.1523 -68.6021 -70.1023 -71.4985 -70.8615 -70.2823 -70.0126 -72.0883 -70.298 -69.7492 -70.4443 -72.6738 -72.0301 -71.3227 -70.5526 -72.2269 -70.8214 -71.5901 -71.2488 -71.527 -71.6789 -71.9028 -71.6691 -71.9304 -72.3042 -72.4947 -72.4914
-73.0678 -72.7399 -73.0886 -72.9584 -72.6973 -72.7831 -72.6512 -72.1064 -72.328 -72.4452 -71.9583 -71.6495 -71.9958 -72.1111 -71.9609 -72.2485 -71.624 -72.096 -72.3036 -72.5066 -71.8298 -71.5818 -69.6119 -68.7601 -68.5799 -68.4594 -69.3929 -70.0538 -69.8292 -69.2024 -68.6126 -67.7716 -66.7905 -67.0616 -67.0003 -66.7824 -66.8567 -66.8181 -67.1071 -67.2913 -67.4628 -66.986 -67.8948 -67.3631 -66.9791 -67.1091 -69.6066 -68.9126 -67.875 -69.5763 -70.3081 -70.4884 -71.2441 -70.3716 -70.522 -71.4573 -71.0903 -71.3413 -71.1976 -71.5254 -71.6508 -72.2964 -72.1848
-72.2108 -71.9747 -72.056 -71.8009 -72.0414 -71.8966 -71.9024 -71.2881 -71.4914 -70.9502 -70.5036 -70.9007 -71.2162 -71.6572 -71.6182 -71.9058 -71.5964 -71.8958 -71.6587 -70.8396 -69.7409 -69.9232 -68.3643 -68.1695 -67.8965 -68.4573 -68.69 -68.7796 -67.8603 -66.7885 -66.3532 -66.162 -66.4242 -66.3923 -65.5109 -65.9082 -66.4888 -66.2121 -66.8964 -67.0476 -66.1912 -68.4336 -68.7867 -66.2649 -67.1877 -67.5041 -66.9546 -67.1967 -67.4984 -67.6456 -69.5465 -70.0815 -69.8928 -70.6169 -70.7367 -70.851 -70.6832 -71.0465 -71.8094 -71.2458 -71.2228 -71.4539 -72.8268
-71.7618 -71.3536 -71.72 -71.7538 -71.5294 -71.1293 -71.173 -70.3854 -70.3468 -69.6522 -70.0614 -70.2723 -70.1345 -70.8684 -71.5675 -70.7135 -70.0787 -69.9441 -68.8977 -67.8456 -67.2382 -68.0772 -67.4816 -67.3765 -67.9651 -67.7355 -67.9036 -66.9411 -65.7417 -65.9255 -65.9131 -65.7374 -65.7889 -65.4401 -65.242 -65.3449 -65.3599 -66.205 -66.6124 -66.4313 -65.832 -65.5209 -65.9745 -66.5745 -67.0838 -66.4803 -67.0867 -66.8987 -67.1404 -66.4522 -66.8371 -69.0239 -69.7205 -70.0176 -70.1989 -70.1392 -70.377 -70.7044 -71.6673 -71.1456 -71.5918 -72.2407 -71.7699
-71.1732 -71.0826 -71.0756 -70.9058 -70.9182 -70.2928 -70.3386 -70.5436 -71.055 -70.2801 -69.7853 -69.2076 -69.2938 -68.6544 -68.2561 -67.8536 -66.6896 -66.5367 -66.4591 -66.0074 -68.5649 -67.1281 -66.5578 -67.2601 -66.7301 -66.9185 -65.013 -65.0611 -65.0585 -65.2302 -65.2217 -65.1004 -64.9207 -64.624 -64.5015 -64.6471 -64.9379 -65.5858 -65.8789 -65.6396 -65.1974 -64.7325 -64.7276 -64.8314 -65.784 -66.3494 -66.2821 -67.1214 -66.06 -65.8913 -66.1409 -68.537 -68.5181 -69.4425 -70.5704 -70.2293 -70.3195 -70.7215 -71.0276 -71.1603 -71.694 -71.7009 -71.9739
-70.6329 -70.486 -70.4714 -70.5637 -70.0167 -70.3042 -70.6888 -70.6969 -70.0622 -68.3746 -67.7028 -67.3404 -67.1155 -66.8111 -66.4695 -66.372 -66.1126 -65.9102 -65.4691 -65.9342 -66.8478 -66.2941 -66.7056 -66.0832 -64.4547 -64.2277 -64.3726 -64.5031 -64.356 -64.5535 -64.6201 -64.4725 -64.2233 -64.2553 -64.0876 -64.0233 -64.185 -64.672 -64.614 -64.4814 -64.2376 -64.2347 -64.4616 -64.8168 -65.013 -65.4038 -65.6375 -65.7949 -64.9994 -65.4516 -65.9107 -67.0681 -68.8004 -70.079 -70.1058 -71.2272 -70.119 -72.248 -70.9366 -71.7139 -72.1425 -72.3284 -71.4994
-69.9632 -69.9048 -70.0493 -69.6118 -70.6112 -70.8092 -69.8591 -69.2598 -68.153 -67.0186 -68.1375 -67.7946 -66.3273 -66.4935 -67.4972 -64.5629 -65.5222 -65.3573 -65.3646 -64.9073 -63.9058 -63.8065 -63.4942 -63.5931 -63.838 -64.0795 -63.9507 -63.122 -63.9667 -64.1427 -64.2358 -63.6869 -63.24 -63.4018 -63.3588 -63.0578 -63.3918 -63.5475 -63.6604 -63.7342 -64.1949 -64.3392 -64.1417 -63.8887 -63.5787 -63.6469 -64.2662 -64.775 -64.6213 -64.1542 -65.6947 -65.2955 -68.4649 -70.6679 -70.9868 -71.67 -70.6774 -71.3598 -70.9202 -70.9474 -71.0619 -71.9898 -71.4187
-69.3289 -69.7101 -69.32 -70.0947 -69.6067 -68.0407 -68.0657 -68.1642 -68.441 -68.2592 -67.5321 -67.7645 -65.9681 -66.5953 -66.1013 -64.0496 -64.1987 -63.8421 -62.4973 -62.0081 -62.4494 -64.309 -63.9457 -63.2291 -63.5016 -63.9917 -63.7116 -63.3783 -62.6638 -62.7494 -62.5382 -62.5756 -62.6183 -62.6752 -62.2845 -62.5605 -62.817 -62.853 -63.0688 -63.5764 -63.5954 -63.5365 -62.7238 -63.2652 -64.5872 -65.0492 -64.655 -64.1887 -64.2723 -64.181 -64.9797 -64.5727 -66.303 -68.4664 -69.0745 -69.4718 -70.1893 -69.6855 -69.7598 -70.1661 -70.3353 -70.0017 -70.4738
-68.6303 -68.3475 -68.7277 -68.7972 -69.2106 -67.5389 -68.0727 -67.243 -68.5191 -67.0938 -67.2089 -66.7867 -65.3663 -64.8319 -64.0131 -63.4014 -61.623 -61.7645 -61.7364 -62.2021 -62.5292 -62.8851 -64.6915 -65.3758 -63.2898 -63.3455 -63.7792 -62.6206 -62.2163 -61.9036 -61.7589 -62.0207 -62.1238 -61.9082 -62.2019 -62.5055 -62.5492 -62.5876 -62.4588 -63.1516 -63.4699 -63.2301 -61.9402 -62.8593 -63.6825 -63.4729 -63.5515 -63.4037 -62.7105 -63.1249 -63.857 -64.0214 -64.421 -66.3808 -68.42 -68.8199 -69.1486 -68.6317 -69.4306 -69.933 -70.0296 -69.8884 -69.7977
-68.783 -68.6201 -68.3939 -68.6367 -68.1712 -67.5472 -67.3868 -67.4032 -66.1549 -65.8008 -66.0502 -64.9378 -63.8802 -61.8275 -61.7301 -61.219 -61.3673 -61.7404 -61.8661 -63.113 -64.6386 -64.5402 -64.3389 -62.6451 -61.8347 -62.249 -61.9862 -61.1953 -61.3577 -60.9202 -61.0606 -61.4568 -61.5617 -61.6118 -61.9194 -61.9914 -61.9971 -62.0296 -61.8965 -62.9453 -63.1978 -62.1062 -62.3883 -62.7727 -62.5609 -62.6374 -62.9108 -62.7804 -62.3388 -62.794 -63.4123 -63.1768 -64.1892 -64.2766 -65.7614 -67.2078 -67.029 -68.3676 -67.8574 -69.9932 -69.7185 -69.4024 -69.3058
-68.7599 -68.2524 -68.0626 -68.0466 -68.1353 -67.5969 -66.4078 -66.938 -67.0429 -65.3104 -62.9137 -62.2886 -60.5629 -60.754 -60.6721 -61.1634 -62.1212 -64.3521 -64.6455 -63.6358 -62.8653 -61.8302 -61.4493 -60.7664 -60.7868 -60.6904 -60.4608 -60.3584 -60.065 -60.1664 -60.7571 -60.9527 -60.77 -60.9625 -61.1367 -61.186 -61.3394 -61.4891 -62.0102 -62.2048 -62.1258 -61.8402 -61.9069 -61.9831 -61.9578 -62.1397 -62.1242 -61.7619 -62.4997 -62.8569 -62.8742 -63.2952 -63.4659 -64.0805 -64.3113 -64.7317 -66.5191 -67.2023 -67.6512 -67.7767 -68.646 -68.3282 -68.0908
-67.5905 -67.5571 -67.5596 -67.1994 -66.6329 -65.5832 -65.7774 -64.0616 -62.2758 -60.2635 -59.7128 -59.8693 -60.1129 -60.3921 -61.6142 -62.6833 -63.3391 -62.8554 -63.1743 -61.678 -60.5018 -60.1287 -60.1541 -60.2223 -60.232 -60.1002 -59.4248 -59.5917 -59.9373 -60.2964 -60.3285 -60.4348 -59.9052 -60.5253 -60.695 -60.7908 -61.1771 -61.9609 -61.9318 -61.6817 -61.3708 -61.2101 -61.1831 -61.2095 -61.1473 -61.1531 -61.3022 -61.052 -62.0523 -62.4119 -62.2711 -62.7943 -63.4039 -62.9705 -63.2974 -63.7277 -63.8848 -63.9857 -64.2151 -64.5174 -64.7482 -64.4946 -64.0597
-66.0107 -66.2361 -65.6143 -64.3954 -62.7148 -61.0191 -59.7347 -59.5879 -59.5462 -59.5552 -59.8328 -59.926 -60.0555 -59.8725 -60.4237 -61.1011 -61.0788 -60.2444 -59.8547 -59.2594 -59.3949 -59.4498 -59.6165 -59.6053 -59.8328 -59.8614 -59.5128 -59.5761 -59.727 -59.7442 -60.0422 -60.0826 -59.7105 -60.5162 -60.3574 -60.75 -61.3664 -61.6267 -61.4773 -61.0004 -60.599 -60.5135 -60.4921 -60.4264 -60.5251 -60.6879 -60.7787 -60.9128 -61.5056 -61.9669 -61.4264 -61.8666 -62.2233 -62.4642 -63.1009 -63.9707 -64.3193 -63.8471 -63.6042 -63.2104 -63.3339 -63.623 -63.8555
-61.5262 -60.1474 -59.5165 -59.3846 -59.2279 -59.0 -59.184 -59.1543 -59.0646 -59.115 -59.158 -59.3954 -59.1756 -59.322 -59.29 -59.2589 -59.2095 -58.9281 -58.9125 -59.2589 -58.7845 -58.8393 -59.1349 -59.5494 -59.2653 -59.3132 -59.3608 -59.4121 -59.1209 -58.9832 -58.8142 -59.0527 -59.2797 -59.3718 -59.6954 -60.3492 -60.6902 -60.9211 -60.3927 -59.9055 -59.7613 -59.7645 -59.5986 -59.581 -59.8956 -60.1638 -60.2828 -60.5714 -61.1686 -60.8513 -61.4683 -61.4387 -61.7157 -62.5887 -63.6116 -64.9375 -64.3285 -64.7325 -62.4514 -62.2164 -62.5393 -62.8686 -63.3784
-58.9284 -58.8979 -58.7987 -58.6276 -58.5588 -58.4945 -58.509 -58.4916 -58.4785 -58.4472 -58.3962 -58.3991 -58.4924 -58.4936 -58.5122 -58.5363 -58.5673 -58.3954 -58.4654 -58.5956 -58.3887 -58.3069 -58.388 -58.6265 -58.5775 -58.1658 -58.1331 -58.1796 -58.3044 -58.9087 -58.4504 -58.5389 -58.8296 -59.363 -59.5893 -60.0781 -60.2087 -60.4501 -59.6637 -59.0067 -58.8673 -58.9076 -58.9591 -59.095 -59.3927 -59.6766 -60.0052 -60.3048 -60.4236 -61.2963 -62.2271 -61.6735 -61.3506 -61.9914 -62.0349 -62.0257 -62.8204 -62.7678 -61.8395 -62.3218 -62.5666 -62.9723 -62.8411
-58.1219 -58.1763 -58.1499 -58.0398 -57.9702 -58.0175 -58.085 -57.9461 -57.8632 -57.7727 -57.6158 -57.5701 -57.5699 -57.5875 -57.6235 -57.6537 -57.7835 -57.7774 -57.8046 -58.0102 -57.7586 -57.3199 -57.2621 -57.34 -57.41 -57.6216 -57.5867 -57.6665 -57.7828 -58.0475 -58.5418 -58.872 -59.0717 -59.3071 -59.463 -59.5714 -59.6667 -59.4639 -58.9322 -58.251 -58.1589 -58.2786 -58.3376 -58.5272 -58.9158 -59.1804 -59.6305 -59.9965 -59.2849 -61.3734 -61.6123 -60.8079 -60.0339 -62.4777 -61.4223 -62.6782 -62.5984 -61.7081 -62.3696 -62.246 -61.2454 -62.036 -62.0515
-57.4681 -57.6083 -57.6926 -57.672 -57.6422 -57.4712 -57.378 -57.3508 -57.3429 -57.1191 -56.8514 -56.8612 -56.8646 -56.9199 -57.1557 -57.2207 -57.2467 -57.3402 -57.8152 -57.3844 -57.1284 -57.1519 -57.0169 -56.9846 -57.0868 -57.106 -57.4908 -58.8363 -60.112 -60.5341 -62.3115 -60.7171 -61.2638 -59.8185 -59.6171 -59.5168 -59.1204 -58.873 -58.3236 -57.7575 -57.6727 -57.7016 -57.791 -57.9878 -58.3656 -58.5799 -59.1826 -59.5576 -58.7981 -60.5763 -60.9446 -60.8844 -60.6669 -59.2591 -62.1181 -62.1809 -62.5165 -61.2478 -61.837 -61.2723 -60.6478 -61.4903 -61.5691
-57.4935 -57.48 -57.3058 -57.1465 -57.0173 -56.8933 -56.7392 -56.6044 -56.4242 -56.1937 -56.184 -56.2091 -56.2171 -56.2632 -56.4774 -56.5401 -56.6323 -56.8057 -56.9611 -57.1105 -57.1441 -57.0715 -57.1043 -57.082 -58.205 -59.5271 -61.5624 -61.7088 -62.2195 -60.9243 -59.9831 -59.5819 -59.9424 -59.7471 -59.5834 -58.7515 -58.7609 -58.4801 -57.9967 -57.3172 -57.4289 -57.3716 -57.2756 -57.5483 -58.2239 -58.4618 -58.7263 -59.3682 -58.9587 -59.8291 -60.5766 -60.1222 -59.9676 -59.9816 -61.1559 -61.9276 -62.5035 -60.2843 -60.6266 -59.5286 -61.0953 -61.0299 -61.1555
