data/70064_lisa.smith_molt/70064_lisa.smith_molt/predkrig.asc
ncols 531
nrows 319
xllcorner -106.19999694824219
yllcorner 23.01666515142109
cellsize 0.0833333333
NODATA_value -9999
[rows 168 to 195 of 319, columns 126 to 188 of 531]
-25.6675 -25.4366 -25.4369 -25.2226 -25.2445 -25.0803 -25.0754 -25.7658 -25.4177 -25.6669 -26.8046 -25.7288 -26.9591 -25.9681 -25.7057 -25.2818 -25.7907 -26.928 -26.647 -27.5212 -26.7538 -25.3529 -25.6515 -27.6327 -27.2398 -28.7307 -29.0739 -28.4687 -27.7415 -25.7656 -26.5679 -27.0991 -27.5874 -27.5534 -27.8656 -27.1855 -27.9265 -26.4673 -26.0039 -25.6994 -25.2153 -24.833 -24.6549 -25.6947 -24.3854 -25.9817 -25.0611 -25.0464 -24.2447 -24.0524 -23.3075 -22.5484 -22.5012 -22.5024 -22.5164 -22.496 -22.5115 -22.5038 -22.536 -22.5545 -22.5436 -22.4294 -22.4145
-25.8151 -25.4676 -25.2388 -25.3486 -24.8572 -24.8821 -25.3721 -24.7591 -25.2862 -25.4302 -25.5538 -25.4589 -26.081 -25.9803 -24.9356 -24.8047 -25.5723 -25.4505 -25.3965 -25.0652 -24.3332 -24.4455 -24.1321 -24.9913 -26.5303 -24.6146 -24.6637 -24.8769 -24.8473 -24.6488 -25.6833 -26.9507 -25.4037 -26.8497 -26.4603 -27.5184 -25.9529 -26.2474 -24.132 -25.0587 -24.0915 -23.616 -23.785 -23.9913 -23.719 -24.4693 -24.7307 -23.9322 -24.0619 -23.8023 -23.8703 -23.3197 -22.4526 -22.4299 -22.4738 -22.4661 -22.4606 -22.4567 -22.466 -22.4752 -22.8433 -22.3653 -22.3793
-25.1534 -25.1763 -25.2478 -25.1692 -25.3473 -24.8413 -24.5715 -24.458 -24.6577 -24.4571 -24.7023 -24.6716 -24.549 -25.039 -25.4289 -25.2288 -23.9579 -24.2362 -23.8269 -23.6636 -23.6076 -23.8739 -24.6555 -23.893 -24.7485 -23.8043 -23.7741 -23.5376 -24.1136 -24.0973 -24.6969 -24.6795 -23.9142 -24.5428 -25.6507 -25.5174 -24.8253 -24.8263 -24.3144 -25.1177 -24.8309 -24.4115 -25.1004 -23.8527 -24.5942 -22.7096 -23.1322 -23.0911 -23.3897 -23.5464 -23.2343 -23.3947 -22.3739 -22.3326 -22.3999 -22.3954 -22.3918 -22.4024 -22.402 -22.4151 -22.9371 -22.3338 -22.411
-25.3421 -25.0765 -25.3832 -25.122 -25.2314 -25.3768 -24.8265 -24.4477 -24.8008 -24.3386 -24.3563 -24.4194 -24.4556 -24.1178 -24.0676 -23.8299 -24.0285 -23.7131 -23.6514 -23.627 -23.7962 -24.0146 -24.1375 -24.3119 -23.3566 -23.2988 -23.3734 -23.6091 -23.4639 -24.6718 -24.0499 -24.0028 -25.0031 -24.415 -23.3782 -24.284 -24.2641 -23.6194 -24.4271 -23.5818 -24.3054 -24.086 -23.9084 -24.6832 -24.5858 -23.605 -23.1295 -22.6518 -22.931 -22.7135 -23.8615 -22.3155 -22.2673 -22.3482 -22.3205 -22.3053 -22.3043 -22.3428 -22.356 -22.4184 -23.0253 -22.2708 -22.3027
-25.4181 -25.1204 -24.9845 -24.9323 -24.9328 -24.7902 -24.734 -24.5826 -24.7541 -24.4605 -24.5472 -24.5592 -24.0332 -23.9727 -23.8431 -23.8231 -24.0611 -23.8654 -23.889 -23.8286 -23.9825 -23.9103 -23.6432 -23.5238 -23.5591 -23.6635 -23.9376 -23.4644 -24.2751 -24.0362 -23.1426 -23.1319 -24.2808 -24.982 -22.9653 -23.558 -23.7116 -23.9394 -24.0208 -23.255 -23.6353 -24.1543 -23.8625 -23.6818 -24.2451 -24.1625 -23.1584 -22.4059 -22.4974 -22.7217 -22.2785 -22.2606 -22.2329 -22.2545 -22.2198 -22.2414 -22.2913 -22.307 -22.3451 -22.3991 -22.9101 -22.2556 -22.2653
-25.4266 -25.0004 -25.4788 -25.6546 -25.1828 -25.8729 -24.7797 -24.7918 -24.6019 -24.5925 -24.6632 -24.361 -24.3091 -24.0026 -23.8296 -24.4556 -24.6562 -24.3936 -23.9622 -24.1097 -25.3136 -24.5336 -24.4196 -24.9656 -24.4545 -26.9484 -26.09 -26.9747 -25.5055 -27.1772 -23.5594 -22.9078 -23.0081 -22.9942 -22.7354 -22.6929 -22.7786 -22.9103 -22.7047 -22.8397 -22.847 -23.0718 -22.849 -23.006 -23.6787 -23.2223 -22.52 -22.8062 -22.3329 -22.2529 -22.1728 -22.2422 -22.1793 -22.1443 -22.1823 -22.1465 -22.2486 -22.2162 -22.2345 -22.3489 -22.9287 -22.2004 -22.2255
-25.5405 -25.2381 -25.2696 -25.6149 -25.5779 -24.9958 -24.6187 -24.4168 -24.717 -24.6364 -24.206 -24.1845 -24.0108 -23.8658 -24.024 -24.4151 -24.7368 -24.642 -24.7531 -24.6789 -23.897 -23.9166 -23.5577 -23.7595 -23.917 -24.0212 -23.6816 -23.5676 -23.7791 -22.9955 -23.1097 -22.8127 -22.7556 -22.7666 -25.123 -22.6365 -22.7041 -22.5452 -22.6527 -22.8731 -22.8318 -23.0036 -23.121 -22.8181 -22.8073 -22.6608 -22.4832 -22.2339 -22.154 -22.1765 -22.0651 -22.2081 -22.084 -22.1623 -22.1159 -22.0949 -22.1836 -22.2514 -22.2126 -22.4288 -22.8397 -22.1744 -22.1883
-25.2803 -25.2789 -25.4398 -25.2959 -26.0196 -26.441 -25.583 -25.8075 -25.9342 -25.6707 -24.5962 -25.836 -25.6249 -24.32 -23.9565 -26.0598 -26.0179 -24.4549 -24.5523 -24.0185 -24.4744 -24.183 -23.9522 -24.469 -26.0056 -25.1717 -25.4088 -23.3249 -22.9956 -24.3417 -22.8123 -22.8214 -23.2071 -23.7182 -23.235 -22.7248 -22.9728 -23.1016 -22.4048 -22.6967 -22.5556 -22.5085 -22.6933 -22.5444 -22.4425 -22.2488 -22.1329 -22.1033 -22.0504 -22.0252 -22.0381 -22.1104 -21.9783 -22.0321 -22.0824 -22.112 -22.1103 -22.1567 -22.1682 -22.443 -22.3387 -22.1333 -22.1506
-25.8235 -24.915 -25.8859 -26.2547 -26.2967 -26.1703 -26.4203 -27.2088 -25.274 -25.7872 -24.6731 -24.1809 -23.9682 -23.8655 -24.4087 -24.4814 -29.4079 -29.2293 -27.6332 -25.2685 -25.3486 -26.3893 -26.3155 -27.1214 -23.88 -25.2621 -25.8555 -25.4522 -23.0554 -22.9635 -23.0677 -23.5579 -23.3455 -22.6332 -22.459 -22.7065 -22.499 -23.4012 -22.5189 -22.6648 -22.3591 -22.6296 -22.4991 -22.6918 -22.3694 -22.462 -22.325 -22.2395 -22.0829 -22.0308 -22.02 -21.9586 -21.904 -21.9572 -21.9617 -22.0331 -22.0553 -22.0903 -22.0903 -22.1397 -22.1384 -22.0763 -22.0948
-25.3874 -25.3724 -24.9494 -25.4397 -25.0217 -25.5271 -25.3115 -25.0492 -24.6318 -24.9079 -24.7254 -24.3056 -23.9691 -24.2614 -26.0598 -24.1781 -24.1363 -26.0013 -25.1157 -24.3027 -24.4715 -25.2312 -26.419 -25.0718 -23.5199 -23.2551 -23.5208 -25.2408 -25.5232 -25.2613 -24.5758 -23.7816 -23.4286 -24.8952 -25.1667 -23.2049 -22.7708 -22.3912 -22.3766 -22.1845 -22.3429 -22.727 -22.4103 -22.446 -22.2598 -22.2085 -22.1416 -22.1022 -22.0276 -21.943 -21.9431 -21.986 -21.9544 -21.9277 -21.9199 -21.9186 -22.0039 -22.016 -22.0556 -22.1199 -22.1753 -22.0471 -22.082
-25.4684 -25.2038 -26.2867 -25.0003 -25.4201 -25.484 -26.9762 -26.4249 -26.712 -27.1411 -25.2021 -25.7487 -25.2063 -24.1534 -25.1236 -25.3488 -25.6096 -25.8915 -25.5355 -25.9651 -24.3624 -23.9533 -24.014 -24.9143 -25.2983 -24.7945 -25.2995 -24.9703 -25.2503 -24.8968 -25.3473 -26.2591 -26.1614 -25.1777 -24.6901 -23.8244 -23.6817 -23.5267 -22.8482 -22.6251 -22.3884 -22.4392 -22.2466 -22.1156 -22.0522 -22.0756 -22.0469 -21.9984 -22.0234 -22.0016 -22.0279 -22.0019 -21.9053 -21.782 -21.8651 -21.8649 -21.89 -21.9547 -22.0183 -22.0488 -21.9949 -21.9938 -22.0402
-26.0449 -25.5678 -26.4138 -26.4541 -24.9415 -24.7253 -25.0047 -25.934 -24.6481 -24.6094 -25.1533 -25.611 -26.6483 -26.768 -25.33 -28.4297 -29.5109 -26.7232 -26.0677 -25.1183 -25.2499 -25.4646 -27.1577 -26.7392 -25.1565 -25.8836 -25.52 -24.2354 -24.3427 -25.5899 -24.8615 -24.3775 -23.956 -23.653 -23.7445 -23.2651 -23.1624 -22.8298 -23.292 -23.025 -22.4664 -22.1686 -22.0832 -21.9676 -21.9903 -21.9647 -21.939 -21.9269 -21.9048 -21.9704 -21.8775 -21.8738 -21.7949 -21.769 -21.806 -21.7947 -21.8222 -21.8505 -21.9067 -22.0104 -22.4254 -21.9347 -22.0607
-26.0264 -25.1764 -26.6824 -25.9555 -25.6616 -24.516 -24.7153 -24.4459 -24.7082 -25.7198 -28.6114 -27.3302 -25.2129 -25.3807 -26.1272 -26.0774 -25.6714 -27.5982 -25.9926 -25.542 -27.4091 -26.0749 -27.5204 -24.5488 -24.3905 -23.8692 -23.6908 -23.5508 -23.5213 -23.5029 -23.8106 -24.5663 -24.164 -23.7834 -23.2001 -22.9154 -23.0964 -22.7895 -22.7655 -22.5155 -22.3793 -22.3493 -21.9503 -21.9216 -21.883 -21.8445 -21.8339 -21.8216 -21.8024 -21.8315 -21.8401 -21.8005 -21.8332 -21.7613 -21.7611 -21.7632 -21.8056 -21.7864 -21.8443 -21.9643 -22.0468 -22.2147 -21.9214
-25.5056 -26.508 -26.6276 -25.9126 -25.6155 -25.9071 -27.2085 -27.9791 -26.657 -27.5665 -26.328 -25.9744 -26.1527 -26.8545 -26.8232 -26.1569 -25.0641 -25.537 -25.5372 -25.2155 -24.8026 -25.2762 -25.0417 -24.7334 -24.5292 -23.8958 -23.8371 -23.7682 -23.9775 -24.5402 -23.5904 -23.8826 -24.1253 -23.9073 -24.0266 -22.8068 -22.4135 -22.3491 -22.422 -22.348 -22.5155 -22.0809 -21.9031 -21.7998 -21.8235 -21.8358 -21.7901 -21.7316 -21.7136 -21.7559 -21.778 -21.7623 -21.7738 -21.7149 -21.7167 -21.6843 -21.714 -21.7592 -21.8304 -21.8546 -21.9175 -22.2997 -21.8103
-25.1979 -25.5693 -24.4355 -25.5476 -26.0693 -25.1115 -24.9202 -25.1228 -26.3846 -25.7999 -26.4508 -26.7934 -27.3056 -24.4342 -24.7428 -24.9762 -24.9367 -25.6895 -26.8745 -26.3374 -26.7423 -26.027 -25.8362 -25.2001 -24.0555 -24.9779 -25.0284 -24.0606 -24.0904 -23.323 -22.9862 -22.7345 -22.9214 -22.6052 -23.0299 -23.1386 -22.4764 -22.0438 -22.295 -22.2438 -22.0195 -22.2068 -22.0285 -21.9693 -21.7747 -21.7269 -21.6948 -21.6371 -21.6435 -21.6892 -21.7114 -21.6976 -21.6611 -21.7001 -21.6313 -21.686 -21.6452 -21.7026 -21.718 -21.6915 -21.7425 -21.7843 -21.8178
-25.0468 -25.8152 -25.7671 -24.2486 -25.5206 -25.6621 -25.0552 -25.6997 -25.1239 -24.9285 -24.6489 -25.1409 -24.5409 -24.7548 -24.8643 -25.0254 -25.4608 -25.4141 -24.9942 -25.8958 -27.6641 -26.2083 -25.3684 -24.9935 -25.3401 -24.4605 -24.4613 -24.15 -23.6147 -23.3433 -24.3607 -23.7277 -23.4011 -23.2479 -22.6511 -22.3424 -22.0078 -21.8415 -22.1459 -22.0252 -21.9828 -22.0043 -21.9825 -22.0003 -21.6409 -21.645 -21.6373 -21.5698 -21.6135 -21.5986 -21.5847 -21.61 -21.6242 -21.6166 -21.5976 -21.6416 -21.5664 -21.5396 -21.5892 -21.6776 -21.7084 -21.6733 -21.7454
-24.3179 -24.6223 -24.2686 -24.5498 -25.4632 -24.4213 -24.6509 -25.2188 -25.308 -24.5621 -24.5793 -25.3236 -24.8814 -24.7829 -25.8676 -25.7102 -25.2743 -24.9113 -24.2554 -24.0483 -24.5731 -24.5959 -23.9405 -24.2027 -23.9421 -24.0421 -23.4499 -22.9572 -23.0885 -22.8557 -22.889 -22.8716 -22.821 -22.4069 -21.8049 -22.64 -22.1341 -21.7133 -21.854 -21.7379 -21.7618 -21.9217 -21.9233 -21.8766 -21.7051 -21.5506 -21.5446 -21.4905 -21.495 -21.5416 -21.5342 -21.5348 -21.576 -21.5564 -21.5378 -21.5727 -21.5009 -21.4965 -21.5595 -21.6365 -21.6932 -21.6756 -21.7096
-24.4465 -24.1573 -24.3291 -24.0726 -24.1615 -24.5675 -24.2261 -23.6872 -24.2714 -24.6286 -24.8435 -24.8536 -24.4836 -24.4226 -25.2362 -24.7213 -24.0613 -23.889 -23.494 -24.0378 -23.5607 -24.2191 -23.7008 -23.9092 -23.1834 -23.8135 -22.831 -22.5482 -22.9034 -23.1385 -23.0449 -22.6996 -22.2768 -21.655 -22.0215 -22.297 -22.6485 -21.8438 -21.6027 -21.659 -21.5513 -21.8977 -21.826 -21.8663 -21.6099 -21.4911 -21.4722 -21.4434 -21.4169 -21.4776 -21.5023 -21.4693 -21.4992 -21.5181 -21.5245 -21.4855 -21.4401 -21.4506 -21.59 -21.6463 -21.5933 -21.612 -21.6719
-24.4287 -24.4723 -23.9922 -23.6365 -23.8457 -24.0072 -23.9545 -23.6959 -23.795 -23.8747 -23.544 -23.8966 -23.9875 -24.2193 -24.0381 -23.6283 -23.1448 -23.7176 -23.1619 -23.5313 -23.0809 -23.2073 -23.1425 -22.8803 -22.9486 -23.2279 -23.1439 -22.3583 -22.6144 -22.3439 -22.1192 -22.119 -21.5256 -21.4971 -21.7235 -22.4168 -22.2665 -22.0723 -21.7588 -21.4365 -21.4317 -21.6301 -21.5441 -21.7676 -21.7378 -21.4451 -21.4023 -21.3638 -21.3627 -21.3761 -21.3654 -21.3704 -21.4224 -21.4697 -21.4654 -21.4384 -21.4304 -21.4098 -21.4468 -21.4697 -21.4769 -21.5595 -21.6093
-24.0115 -24.1787 -24.0014 -23.7064 -23.5218 -23.8219 -23.7545 -23.7795 -23.1083 -23.1901 -23.0695 -23.1283 -23.1457 -22.931 -23.1211 -22.5174 -22.5612 -22.8032 -22.5475 -22.709 -22.5875 -22.8185 -23.2673 -23.3128 -22.154 -22.8905 -22.6617 -22.3832 -22.1069 -21.7628 -21.5013 -21.7982 -21.3415 -21.3948 -21.8958 -21.6106 -21.743 -22.1635 -21.7244 -21.7148 -21.4572 -21.4354 -21.4288 -21.4844 -21.6905 -21.6102 -21.3926 -21.3186 -21.2817 -21.2836 -21.2876 -21.3416 -21.3488 -21.3564 -21.3585 -21.4393 -21.3556 -21.3622 -21.3907 -21.399 -21.4582 -21.4825 -21.5338
-23.8927 -23.8063 -23.9629 -23.7485 -23.6179 -23.2666 -23.3202 -23.3138 -23.23 -23.2687 -22.7803 -22.7459 -22.6979 -22.5703 -22.4774 -22.4288 -22.6418 -22.9454 -22.2296 -22.7111 -22.2966 -22.6541 -22.5794 -22.3861 -22.4946 -21.9974 -21.8657 -21.8762 -21.5664 -21.8682 -21.6892 -21.4339 -21.4596 -21.2337 -21.329 -21.6893 -21.4774 -21.5118 -21.6977 -21.4334 -21.4675 -21.1975 -21.4437 -21.367 -21.5411 -21.5003 -21.802 -21.3238 -21.2006 -21.1907 -21.183 -21.1888 -21.2347 -21.2816 -21.2917 -21.3168 -21.3305 -21.4112 -21.3322 -21.3658 -21.3893 -21.4032 -21.4533
-23.7226 -23.9099 -23.474 -23.3416 -23.3482 -23.1298 -23.2899 -22.9667 -22.849 -22.7994 -22.8852 -23.0563 -22.6039 -22.624 -22.6615 -22.5934 -22.2664 -22.1491 -22.1022 -22.8975 -22.0959 -22.309 -21.9816 -22.2739 -22.0225 -21.9866 -22.153 -21.8921 -21.8179 -21.4149 -21.4454 -21.5805 -21.4459 -21.2153 -21.0892 -21.4479 -21.3429 -21.5028 -21.7567 -21.506 -21.2821 -21.32 -21.1258 -21.3882 -21.2932 -21.2766 -21.7833 -21.649 -21.2674 -21.1487 -21.1283 -21.1369 -21.107 -21.1428 -21.1679 -21.1473 -21.1612 -21.23 -21.2733 -21.2962 -21.332 -21.3709 -21.3756
-23.9316 -23.8757 -23.8484 -23.5418 -23.5423 -23.4535 -23.4292 -23.1393 -22.9753 -22.8948 -22.587 -22.5008 -22.765 -22.6839 -22.6071 -22.7074 -22.4315 -22.2156 -21.9347 -21.9169 -22.0748 -21.7883 -21.83 -22.1646 -22.2329 -22.2414 -21.9578 -21.8414 -21.7458 -21.6951 -21.2624 -21.1652 -21.1209 -21.022 -20.9637 -21.0493 -21.2412 -21.3767 -21.4227 -21.7278 -21.3826 -21.2787 -21.2 -21.0072 -21.176 -21.089 -21.3274 -21.7312 -21.2707 -21.202 -21.0865 -21.0817 -21.0919 -21.055 -21.1013 -21.2317 -21.0776 -21.1934 -21.2018 -21.2243 -21.2748 -21.264 -21.3282
-24.0874 -23.7625 -23.6581 -23.4688 -23.5693 -23.4787 -23.3826 -23.1464 -22.9037 -22.7504 -22.6283 -22.4404 -22.3439 -22.2633 -22.3428 -22.2115 -22.3837 -22.1582 -22.1047 -21.9251 -21.7344 -21.6034 -21.7375 -22.1873 -21.9678 -21.7523 -21.6724 -21.5504 -21.3189 -21.3295 -21.2388 -21.5917 -21.3692 -21.3654 -20.8825 -20.8723 -20.9875 -21.2292 -21.5703 -21.3532 -21.302 -21.16 -21.2664 -21.1446 -20.893 -20.9949 -21.1783 -21.7172 -21.2934 -21.1097 -21.0558 -21.0029 -20.9511 -20.9757 -21.0776 -21.1354 -21.1121 -21.1055 -21.1162 -21.1398 -21.1777 -21.2412 -21.2475
-24.1302 -23.8869 -23.7524 -23.5845 -23.4854 -23.3088 -23.1022 -22.9473 -22.9168 -22.7858 -22.7461 -22.5114 -22.3025 -22.3292 -22.0602 -21.9602 -21.8986 -21.8398 -21.8713 -21.7817 -21.7652 -21.6938 -21.509 -21.6367 -21.5351 -21.6065 -21.948 -21.6962 -21.8124 -21.4844 -21.3873 -21.4779 -21.2812 -21.1996 -20.7597 -20.7464 -20.8257 -21.0167 -21.1273 -21.2851 -21.255 -21.1006 -21.1649 -21.3039 -20.9556 -20.8194 -21.1136 -21.3218 -21.1103 -21.0416 -21.0001 -20.9368 -20.9353 -20.9477 -20.9506 -21.0153 -21.035 -21.0317 -21.0407 -21.0895 -21.1285 -21.1439 -21.173
-23.7258 -23.5896 -23.4169 -23.2167 -23.1492 -23.0609 -22.8378 -22.6699 -22.5434 -22.4883 -22.5917 -22.7177 -22.5485 -22.2584 -22.1312 -22.0834 -21.8442 -21.7484 -21.6692 -21.6171 -21.5524 -21.4679 -21.4199 -21.329 -21.4486 -21.6302 -21.7486 -21.6312 -21.6542 -21.6388 -21.3753 -21.4611 -21.2879 -21.0568 -20.7798 -20.6775 -20.6606 -20.8031 -20.8789 -20.911 -21.0073 -20.8688 -20.9376 -21.0692 -20.977 -20.7477 -20.9795 -21.2346 -21.0543 -21.0335 -20.8875 -20.869 -20.8562 -20.8826 -20.9778 -20.9163 -20.9345 -20.9681 -20.9916 -21.0273 -21.0542 -21.0947 -21.101
-23.586 -23.3466 -22.9797 -23.0116 -22.8348 -22.7941 -22.7495 -22.6631 -22.5359 -22.1116 -22.1976 -22.1867 -22.3854 -22.2778 -22.0046 -22.0923 -22.0159 -21.9742 -21.8451 -21.8248 -21.8329 -21.5405 -21.3089 -21.2037 -21.1752 -21.4826 -21.3999 -21.5257 -21.4282 -21.5334 -21.4188 -21.3777 -21.2305 -21.1925 -21.0547 -21.1158 -20.5687 -20.5543 -20.5564 -20.6926 -20.9049 -20.7402 -20.8695 -20.9657 -20.989 -20.5893 -20.792 -21.0099 -21.0106 -20.8926 -20.8552 -20.7769 -20.7529 -20.7792 -20.8406 -20.8514 -20.8839 -20.8798 -20.8794 -20.9395 -21.017 -21.0075 -21.0381
-23.405 -23.2007 -22.9719 -22.8065 -22.5506 -22.5112 -22.4436 -22.2709 -22.1564 -22.0282 -21.9766 -21.915 -22.0325 -21.8534 -22.0218 -21.8007 -21.6425 -21.5996 -21.57 -21.5862 -21.4131 -21.8241 -21.6893 -21.1686 -21.1 -21.2276 -21.349 -21.4862 -21.2938 -21.4985 -21.3633 -21.0173 -20.9248 -20.8786 -20.6496 -20.5996 -20.5458 -20.6262 -20.4529 -20.5266 -20.5097 -20.625 -20.6858 -20.7518 -20.7818 -20.5096 -20.6785 -20.8581 -20.9622 -20.8724 -20.7995 -20.6732 -20.6731 -20.7011 -20.7298 -20.7777 -20.8322 -20.8039 -20.8768 -20.8649 -20.9165 -20.9688 -21.001
