data/70064_lisa.smith_molt/70064_lisa.smith_molt/predreg.asc
ncols 531
nrows 319
xllcorner -106.19999694824219
yllcorner 23.01666515142109
cellsize 0.0833333333
NODATA_value -9999
[rows 224 to 251 of 319, columns 126 to 188 of 531]
-17.6786 -17.4409 -17.5608 -17.598 -17.7775 -17.5496 -17.4262 -17.7772 -17.7449 -18.0548 -18.0257 -17.9341 -18.0258 -17.6394 -17.8266 -17.6541 -18.0842 -17.8333 -17.1971 -17.2531 -18.1696 -18.0312 -18.0452 -17.8559 -17.6351 -17.4109 -17.1456 -17.4867 -17.5285 -17.729 -17.8462 -17.6394 -17.5971 -17.4974 -17.4831 -17.4569 -17.3679 -17.3258 -17.283 -17.0312 -17.1278 -17.0554 -16.978 -17.0141 -16.9536 -16.9138 -16.8734 -16.9015 -16.9121 -16.9157 -17.7191 -17.6631 -17.8541 -17.7627 -17.8479 -17.7918 -17.7465 -18.0053 -17.6109 -17.9562 -17.9545 -17.9552 -17.9809
-17.4717 -17.7055 -17.573 -17.3736 -17.2837 -17.3172 -17.5627 -17.6756 -17.5856 -17.6938 -17.7972 -18.2192 -18.0272 -18.0478 -17.9718 -17.7099 -17.627 -17.6165 -17.0073 -17.2784 -17.4341 -17.7222 -17.8186 -17.751 -17.6203 -17.4938 -17.0942 -17.2009 -17.4357 -17.5702 -17.4144 -17.5188 -17.4406 -17.2625 -17.3482 -17.3657 -17.2474 -17.2231 -17.2332 -17.2199 -17.3322 -16.9122 -16.8906 -16.8504 -16.8465 -16.9395 -16.8371 -16.8475 -16.8366 -16.9249 -16.9252 -17.4002 -17.2979 -17.6635 -17.31 -17.6655 -17.5074 -17.8048 -17.5784 -17.4893 -17.8459 -17.6355 -17.5605
-18.0303 -17.7715 -17.6941 -17.6554 -17.6959 -17.6767 -17.4679 -17.1583 -17.5546 -17.6385 -17.5887 -18.0327 -17.8274 -17.9987 -18.1074 -18.0482 -17.8188 -17.7628 -17.5065 -17.0049 -17.4894 -17.8355 -17.5848 -17.4357 -17.2665 -17.2657 -17.0037 -17.3742 -17.4294 -17.3794 -17.2645 -17.2381 -17.2357 -17.2012 -17.1347 -17.1205 -17.1083 -17.1712 -17.094 -17.0181 -17.0447 -17.0979 -16.76 -16.8491 -16.7974 -16.8756 -16.7851 -16.8117 -16.7979 -16.8271 -16.8391 -16.8876 -17.2926 -17.3543 -17.3816 -17.3576 -17.3844 -17.4799 -17.3673 -17.5026 -17.4623 -17.3539 -17.483
-17.6986 -17.9149 -18.209 -18.0232 -18.0878 -18.0531 -17.4446 -17.1035 -17.2087 -17.2153 -17.7577 -17.7779 -17.674 -17.9135 -17.7399 -17.6992 -17.5207 -17.4784 -17.4168 -17.0097 -17.0912 -17.3151 -17.2357 -17.0931 -17.0322 -16.9368 -17.032 -17.4238 -17.2116 -17.2218 -17.1564 -17.1709 -17.0017 -17.0681 -16.949 -16.9508 -16.9852 -17.075 -17.0566 -16.9117 -16.8329 -16.8345 -16.8588 -16.793 -16.7909 -16.731 -16.7571 -16.8079 -16.7691 -16.6811 -16.7211 -16.6923 -16.7682 -16.8649 -17.1816 -17.1059 -17.1182 -17.1189 -17.0717 -17.2443 -17.2107 -17.1172 -17.0947
-17.8967 -17.7583 -17.9739 -18.0133 -17.873 -17.9692 -17.6259 -17.4039 -17.0542 -17.0037 -17.6191 -17.4831 -17.5011 -17.5523 -17.4964 -17.3178 -17.2382 -17.1346 -17.1465 -16.9018 -16.9274 -17.0707 -17.0551 -16.8903 -16.8647 -16.8075 -17.1188 -17.1093 -17.0696 -17.0438 -16.9924 -17.0443 -16.9659 -16.8363 -16.9414 -16.8639 -16.8254 -16.8791 -16.7847 -16.7475 -16.7616 -16.7732 -16.7735 -16.8221 -16.6704 -16.8513 -16.6187 -16.6857 -16.7615 -16.6212 -16.6726 -16.6962 -16.7459 -16.6916 -16.9174 -16.9027 -16.9153 -16.9547 -16.9537 -16.9319 -16.9179 -16.9141 -16.8894
-17.7348 -17.4283 -17.951 -17.9566 -17.8446 -17.4889 -17.6717 -17.8261 -17.3167 -16.9196 -16.8365 -17.2863 -17.296 -17.2572 -17.116 -17.0514 -16.9493 -16.9595 -17.0349 -16.8074 -16.8048 -16.9986 -16.958 -16.7662 -16.8043 -16.984 -16.9987 -16.9246 -16.9222 -16.8961 -16.9221 -16.853 -16.7861 -16.7294 -16.7427 -16.7011 -16.8823 -16.719 -16.7034 -16.7009 -16.7167 -16.6891 -16.715 -16.7152 -16.7308 -16.6266 -16.5852 -16.6383 -16.6755 -16.6108 -16.5991 -16.5701 -16.6122 -16.5853 -16.728 -16.7798 -16.7925 -16.7291 -16.8047 -16.7837 -16.7422 -16.7673 -16.7422
-17.569 -17.4133 -17.4011 -17.7428 -17.8161 -17.7279 -17.2953 -17.4334 -17.3119 -16.9555 -16.7679 -16.8593 -17.0262 -17.0664 -16.9906 -16.9481 -16.8564 -16.7835 -16.8857 -16.734 -16.7047 -16.8709 -16.8108 -16.7038 -16.7029 -16.8059 -16.8568 -16.8714 -16.7327 -16.7307 -16.7175 -16.7304 -16.6269 -16.6385 -16.5883 -16.6255 -16.6282 -16.6919 -16.5878 -16.6024 -16.626 -16.6138 -16.6264 -16.6529 -16.5863 -16.5236 -16.471 -16.6027 -16.6927 -16.6511 -16.4966 -16.5376 -16.5736 -16.4955 -16.5105 -16.7172 -16.6534 -16.6524 -16.6028 -16.6268 -16.6145 -16.5895 -16.6272
-17.5893 -17.2428 -17.2076 -17.5699 -17.4336 -17.4895 -17.2317 -17.1321 -17.1117 -17.0735 -16.7105 -16.6757 -16.8947 -16.9706 -16.8817 -16.8176 -16.7921 -16.7427 -16.7405 -16.6491 -16.6738 -16.7004 -16.6617 -16.6484 -16.5965 -16.6474 -16.6903 -16.6118 -16.5606 -16.5586 -16.5199 -16.5597 -16.5209 -16.5217 -16.5351 -16.5324 -16.5455 -16.5195 -16.5186 -16.5734 -16.5341 -16.5578 -16.5475 -16.5714 -16.6098 -16.4803 -16.4429 -16.418 -16.5058 -16.5869 -16.5455 -16.5587 -16.5466 -16.5058 -16.5064 -16.5849 -16.5079 -16.5469 -16.5219 -16.481 -16.4799 -16.5185 -16.4948
-17.1471 -17.412 -17.2602 -17.0975 -17.19 -17.1147 -16.9691 -17.0095 -16.9826 -16.8921 -16.8659 -16.6338 -16.8537 -16.7627 -16.7508 -16.7208 -16.7278 -16.6736 -16.5685 -16.5717 -16.5567 -16.5834 -16.5833 -16.5573 -16.5181 -16.5706 -16.5568 -16.5566 -16.5041 -16.4789 -16.4955 -16.4416 -16.4421 -16.4777 -16.479 -16.4675 -16.4286 -16.4902 -16.5161 -16.4412 -16.5161 -16.48 -16.4928 -16.5048 -16.5433 -16.4414 -16.4034 -16.4138 -16.4012 -16.4822 -16.4418 -16.4925 -16.453 -16.4541 -16.5024 -16.4404 -16.4297 -16.4672 -16.4535 -16.4426 -16.4291 -16.4526 -16.34
-17.2982 -17.2435 -17.1334 -16.927 -16.871 -16.9137 -16.8336 -16.8359 -16.8212 -16.8214 -16.833 -16.5638 -16.6804 -16.7317 -16.6021 -16.7062 -16.5275 -16.5378 -16.4999 -16.473 -16.4593 -16.4967 -16.5125 -16.4744 -16.4867 -16.4487 -16.4097 -16.4084 -16.3984 -16.4392 -16.3881 -16.3834 -16.3831 -16.3849 -16.3829 -16.372 -16.3586 -16.3845 -16.4097 -16.3679 -16.4087 -16.3828 -16.4222 -16.4486 -16.4597 -16.4106 -16.3712 -16.3711 -16.3307 -16.4361 -16.4353 -16.4613 -16.4607 -16.4097 -16.4245 -16.3953 -16.3815 -16.4072 -16.3695 -16.3569 -16.358 -16.3321 -16.2933
-17.1197 -16.9628 -16.9934 -16.8627 -16.7716 -16.7591 -16.7327 -16.6568 -16.6829 -16.6298 -16.696 -16.4757 -16.5798 -16.6026 -16.6415 -16.5518 -16.4862 -16.4488 -16.4104 -16.4103 -16.3692 -16.4235 -16.397 -16.3716 -16.348 -16.3237 -16.32 -16.3205 -16.3198 -16.4037 -16.3462 -16.3205 -16.3468 -16.3063 -16.3129 -16.2822 -16.2944 -16.3837 -16.2804 -16.3072 -16.3324 -16.3592 -16.3459 -16.3459 -16.3978 -16.4111 -16.3748 -16.3212 -16.3179 -16.3707 -16.3703 -16.3445 -16.3232 -16.3956 -16.3487 -16.2696 -16.3193 -16.3629 -16.332 -16.3326 -16.32 -16.3327 -16.3066
-16.997 -16.9147 -16.8131 -16.7499 -16.7108 -16.6849 -16.6078 -16.506 -16.5296 -16.5549 -16.5602 -16.375 -16.5182 -16.5311 -16.5444 -16.5173 -16.4121 -16.362 -16.3493 -16.3348 -16.2579 -16.315 -16.3231 -16.2847 -16.2462 -16.2457 -16.2581 -16.2334 -16.2458 -16.2072 -16.2718 -16.2712 -16.2711 -16.2455 -16.2844 -16.2573 -16.2459 -16.2458 -16.2454 -16.2599 -16.2725 -16.2834 -16.3101 -16.297 -16.3104 -16.2985 -16.3369 -16.3223 -16.2858 -16.3238 -16.2718 -16.2971 -16.2581 -16.2714 -16.2833 -16.3094 -16.3083 -16.3343 -16.2678 -16.339 -16.2853 -16.2456 -16.2208
-16.799 -16.7872 -16.7231 -16.6328 -16.5705 -16.5567 -16.5543 -16.407 -16.4519 -16.4659 -16.4004 -16.3385 -16.3616 -16.3622 -16.3626 -16.3874 -16.3238 -16.3457 -16.272 -16.2712 -16.2714 -16.2606 -16.2197 -16.181 -16.2064 -16.2068 -16.2078 -16.1933 -16.2335 -16.155 -16.2335 -16.1553 -16.2065 -16.1937 -16.1939 -16.0912 -16.1964 -16.1944 -16.1954 -16.1941 -16.2324 -16.2192 -16.2325 -16.2733 -16.234 -16.2589 -16.2327 -16.2594 -16.2589 -16.233 -16.1821 -16.1786 -16.2575 -16.2329 -16.2727 -16.2591 -16.2581 -16.3214 -16.2692 -16.2183 -16.2326 -16.2864 -16.2058
-16.7024 -16.6522 -16.6 -16.4966 -16.484 -16.4574 -16.4313 -16.3667 -16.3934 -16.3825 -16.3284 -16.2973 -16.29 -16.381 -16.2909 -16.3167 -16.2649 -16.2503 -16.2384 -16.2394 -16.1876 -16.1991 -16.1483 -16.1483 -16.174 -16.1741 -16.1736 -16.174 -16.1361 -16.1226 -16.1734 -16.1874 -16.1737 -16.1868 -16.1718 -16.0967 -16.0839 -16.1613 -16.1488 -16.1623 -16.1856 -16.2654 -16.1853 -16.2249 -16.162 -16.1742 -16.1909 -16.1741 -16.174 -16.2131 -16.2115 -16.1997 -16.1502 -16.1876 -16.2128 -16.1466 -16.2261 -16.2123 -16.293 -16.2533 -16.2519 -16.1746 -16.1858
-16.6209 -16.5572 -16.5552 -16.4268 -16.3764 -16.3113 -16.3489 -16.2844 -16.2325 -16.2724 -16.2465 -16.1347 -16.13 -16.2489 -16.2208 -16.2335 -16.2339 -16.1558 -16.1692 -16.1559 -16.1299 -16.1171 -16.1171 -16.1171 -16.1171 -16.1307 -16.1302 -16.1045 -16.1301 -16.1557 -16.1557 -16.156 -16.1432 -16.1436 -16.1314 -16.1553 -16.1298 -16.1276 -16.0523 -16.1299 -16.1277 -16.1431 -16.1306 -16.1574 -16.13 -16.1171 -16.1171 -16.1171 -16.1557 -16.1559 -16.2073 -16.1696 -16.154 -16.1556 -16.1814 -16.1957 -16.2073 -16.1695 -16.1819 -16.1945 -16.2195 -16.1308 -16.1693
-16.4961 -16.4321 -16.4194 -16.368 -16.3172 -16.2644 -16.1279 -16.2205 -16.0838 -16.0838 -16.0838 -16.0838 -16.0838 -16.1478 -16.1617 -16.1619 -16.1484 -16.1102 -16.1095 -16.1095 -16.1224 -16.0838 -16.0838 -16.0838 -16.0838 -16.0838 -16.0838 -16.0838 -16.0838 -16.0838 -16.0838 -16.0838 -16.0838 -16.0709 -16.0836 -16.1102 -16.084 -16.0967 -16.0443 -16.0448 -16.0806 -16.0961 -16.0465 -16.0838 -16.0838 -16.0838 -16.0838 -16.0838 -16.0838 -16.0838 -16.072 -16.1108 -16.1358 -16.1597 -15.8441 -16.0838 -16.1733 -16.1874 -16.1864 -16.1861 -16.1608 -16.1234 -16.1229
-16.391 -16.4159 -16.3789 -16.3399 -16.261 -16.2612 -16.2359 -16.1724 -16.146 -16.0559 -16.0559 -16.0559 -16.0559 -16.0559 -16.082 -16.082 -16.0819 -16.0816 -16.0945 -16.0559 -16.0559 -16.0559 -16.0559 -16.0559 -16.0559 -16.0559 -16.0559 -16.0559 -16.0559 -16.0559 -16.0559 -16.0559 -16.0559 -16.0559 -16.0559 -16.0559 -16.0945 -16.0809 -16.0813 -16.0691 -16.0806 -16.0688 -15.9381 -16.0687 -16.0559 -16.0559 -16.0559 -16.0559 -16.0559 -16.0559 -16.0559 -16.0945 -16.105 -16.0828 -16.1098 -16.1072 -16.1724 -16.134 -16.12 -16.1329 -16.0955 -16.0815 -16.0688
-16.3758 -16.3366 -16.3128 -16.3507 -16.2865 -16.2486 -16.2097 -16.1728 -16.0269 -16.0295 -16.0295 -16.0295 -16.0295 -16.0295 -16.0166 -16.0286 -16.0295 -16.0295 -16.0295 -16.0295 -16.0295 -16.0295 -16.0295 -16.0295 -16.0295 -16.0295 -16.0295 -16.0295 -16.0295 -16.0295 -16.0295 -16.0295 -16.0295 -16.0295 -16.0295 -16.0295 -16.0295 -16.0295 -16.0295 -16.0295 -16.0166 -16.0423 -16.0295 -16.0295 -16.0295 -16.0295 -16.0295 -16.0295 -16.0295 -16.0295 -16.0295 -16.0295 -16.0552 -16.0433 -16.0639 -16.0558 -16.0811 -16.0552 -16.0552 -16.0814 -16.0941 -16.0919 -16.1437
-16.2983 -16.2851 -16.2967 -16.2604 -16.2338 -16.2073 -16.1701 -16.1189 -16.1047 -16.0016 -16.0016 -16.0016 -16.0016 -16.0016 -16.0016 -16.0016 -16.0016 -16.0016 -16.0016 -16.0016 -16.0016 -16.0016 -16.0016 -16.0016 -16.0016 -16.0016 -16.0016 -16.0016 -16.0016 -16.0016 -16.0016 -16.0016 -16.0016 -16.0016 -16.0016 -16.0016 -16.0016 -16.0016 -16.0016 -16.0016 -16.0016 -16.0016 -16.0016 -16.0016 -16.0016 -16.0016 -16.0016 -16.0016 -16.0016 -16.0016 -16.0016 -16.0016 -16.0016 -16.0016 -16.0273 -16.0145 -16.0145 -16.0271 -16.0406 -16.0401 -16.0793 -16.0144 -16.0416
-16.2493 -16.2246 -16.2228 -16.199 -16.1461 -16.1335 -16.1595 -16.1332 -16.0941 -16.0558 -15.9785 -15.9785 -15.9785 -15.9785 -15.9785 -15.9785 -15.9785 -15.9785 -15.9785 -15.9785 -15.9785 -15.9785 -15.9785 -15.9785 -15.9785 -15.9785 -15.9785 -15.9785 -15.9785 -15.9785 -15.9785 -15.9785 -15.9785 -15.9785 -15.9785 -15.9785 -15.9785 -15.9785 -15.9785 -15.9785 -15.9785 -15.9785 -15.9785 -15.9785 -15.9785 -15.9785 -15.9785 -15.9785 -15.9785 -15.9785 -15.9785 -15.9785 -15.9785 -15.9785 -15.9785 -15.9914 -15.9914 -15.9913 -15.9788 -15.98 -16.0035 -15.989 -15.9532
-16.2287 -16.2037 -16.1249 -16.1883 -16.0859 -16.073 -16.0599 -16.0352 -16.0363 -15.9833 -15.9569 -15.9569 -15.9569 -15.9569 -15.9569 -15.9569 -15.9569 -15.9569 -15.9569 -15.9569 -15.9569 -15.9569 -15.9569 -15.9569 -15.9569 -15.9569 -15.9569 -15.9569 -15.9569 -15.9569 -15.9569 -15.9569 -15.9569 -15.9569 -15.9569 -15.9569 -15.9569 -15.9569 -15.9569 -15.9569 -15.9569 -15.9569 -15.9569 -15.9569 -15.9569 -15.9569 -15.9569 -15.9569 -15.9569 -15.9569 -15.9569 -15.9569 -15.9569 -15.9698 -15.983 -15.9569 -15.9572 -15.944 -15.9571 -15.9572 -15.945 -15.9323 -15.9443
-16.1289 -16.1279 -16.1776 -16.0899 -16.0253 -16.0384 -15.9734 -15.9743 -15.8958 -15.9344 -15.9344 -15.9344 -15.9344 -15.9344 -15.9344 -15.9344 -15.9344 -15.9344 -15.9344 -15.9344 -15.9344 -15.9344 -15.9344 -15.9344 -15.9344 -15.9344 -15.9344 -15.9344 -15.9344 -15.9344 -15.9344 -15.9344 -15.9344 -15.9344 -15.9344 -15.9344 -15.9344 -15.9344 -15.9344 -15.9344 -15.9344 -15.9344 -15.9344 -15.9344 -15.9344 -15.9344 -15.9344 -15.9344 -15.9344 -15.9344 -15.9344 -15.9344 -15.9344 -15.9344 -15.9344 -15.9087 -15.935 -15.9088 -15.9213 -15.9215 -15.9209 -15.9215 -15.9344
-16.1112 -16.0969 -16.0579 -16.0473 -15.9815 -15.9545 -15.956 -15.8904 -15.9161 -15.9161 -15.9161 -15.9161 -15.9161 -15.9161 -15.9161 -15.9161 -15.9161 -15.9161 -15.9161 -15.9161 -15.9161 -15.9161 -15.9161 -15.9161 -15.9161 -15.9161 -15.9161 -15.9161 -15.9161 -15.9161 -15.9161 -15.9161 -15.9161 -15.9161 -15.9161 -15.9161 -15.9161 -15.9161 -15.9161 -15.9161 -15.9161 -15.9161 -15.9161 -15.9161 -15.9161 -15.9161 -15.9161 -15.9161 -15.9161 -15.9161 -15.9161 -15.9161 -15.9161 -15.9161 -15.9161 -15.9161 -15.9161 -15.9161 -15.8775 -15.9161 -15.8904 -15.9161 -15.9161
-16.0923 -16.0292 -16.0665 -16.0298 -16.0429 -15.951 -15.8887 -15.8994 -15.8994 -15.8994 -15.8994 -15.8994 -15.8994 -15.8994 -15.8994 -15.8994 -15.8994 -15.8994 -15.8994 -15.8994 -15.8994 -15.8994 -15.8994 -15.8994 -15.8994 -15.8994 -15.8994 -15.8994 -15.8994 -15.8994 -15.8994 -15.8994 -15.8994 -15.8994 -15.8994 -15.8994 -15.8994 -15.8994 -15.8994 -15.8994 -15.8994 -15.8994 -15.8994 -15.8994 -15.8994 -15.8994 -15.8994 -15.8994 -15.8994 -15.8994 -15.8994 -15.8994 -15.8994 -15.8994 -15.8994 -15.8994 -15.8994 -15.8994 -15.8994 -15.8994 -15.8994 -15.8994 -15.8994
-16.0231 -16.0347 -15.9969 -15.9474 -15.9348 -15.9086 -15.8823 -15.8823 -15.8823 -15.8823 -15.8823 -15.8823 -15.8823 -15.8823 -15.8823 -15.8823 -15.8823 -15.8823 -15.8823 -15.8823 -15.8823 -15.8823 -15.8823 -15.8823 -15.8823 -15.8823 -15.8823 -15.8823 -15.8823 -15.8823 -15.8823 -15.8823 -15.8823 -15.8823 -15.8823 -15.8823 -15.8823 -15.8823 -15.8823 -15.8823 -15.8823 -15.8823 -15.8823 -15.8823 -15.8823 -15.8823 -15.8823 -15.8823 -15.8823 -15.8823 -15.8823 -15.8823 -15.8823 -15.8823 -15.8823 -15.8823 -15.8823 -15.8823 -15.8823 -15.8823 -15.8823 -15.8823 -15.8823
-15.9827 -15.9845 -15.8949 -15.8942 -15.8431 -15.8688 -15.8688 -15.8688 -15.8688 -15.8688 -15.8688 -15.8688 -15.8688 -15.8688 -15.8688 -15.8688 -15.8688 -15.8688 -15.8688 -15.8688 -15.8688 -15.8688 -15.8688 -15.8688 -15.8688 -15.8688 -15.8688 -15.8688 -15.8688 -15.8688 -15.8688 -15.8688 -15.8688 -15.8688 -15.8688 -15.8688 -15.8688 -15.8688 -15.8688 -15.8688 -15.8688 -15.8688 -15.8688 -15.8688 -15.8688 -15.8688 -15.8688 -15.8688 -15.8688 -15.8688 -15.8688 -15.8688 -15.8688 -15.8688 -15.8688 -15.8688 -15.8688 -15.8688 -15.8688 -15.8688 -15.8688 -15.8688 -15.8688
-15.9089 -15.8961 -15.844 -15.8569 -15.8569 -15.8569 -15.8569 -15.8569 -15.8569 -15.8569 -15.8569 -15.8569 -15.8569 -15.8569 -15.8569 -15.8569 -15.8569 -15.8569 -15.8569 -15.8569 -15.8569 -15.8569 -15.8569 -15.8569 -15.8569 -15.8569 -15.8569 -15.8569 -15.8569 -15.8569 -15.8569 -15.8569 -15.8569 -15.8569 -15.8569 -15.8569 -15.8569 -15.8569 -15.8569 -15.8569 -15.8569 -15.8569 -15.8569 -15.8569 -15.8569 -15.8569 -15.8569 -15.8569 -15.8569 -15.8569 -15.8569 -15.8569 -15.8569 -15.8569 -15.8569 -15.8569 -15.8569 -15.8569 -15.8569 -15.8569 -15.8569 -15.8569 -15.8569
-15.8324 -15.8452 -15.8452 -15.8452 -15.8452 -15.8452 -15.8452 -15.8452 -15.8452 -15.8452 -15.8452 -15.8452 -15.8452 -15.8452 -15.8452 -15.8452 -15.8452 -15.8452 -15.8452 -15.8452 -15.8452 -15.8452 -15.8452 -15.8452 -15.8452 -15.8452 -15.8452 -15.8452 -15.8452 -15.8452 -15.8452 -15.8452 -15.8452 -15.8452 -15.8452 -15.8452 -15.8452 -15.8452 -15.8452 -15.8452 -15.8452 -15.8452 -15.8452 -15.8452 -15.8452 -15.8452 -15.8452 -15.8452 -15.8452 -15.8452 -15.8452 -15.8452 -15.8452 -15.8452 -15.8452 -15.8452 -15.8452 -15.8452 -15.8452 -15.8452 -15.8452 -15.8452 -15.8452
