data/70064_lisa.smith_molt/70064_lisa.smith_molt/predreg.asc
ncols 531
nrows 319
xllcorner -106.19999694824219
yllcorner 23.01666515142109
cellsize 0.0833333333
NODATA_value -9999
[rows 28 to 55 of 319, columns 252 to 314 of 531]
-60.2209 -60.5004 -59.4643 -59.6401 -61.6011 -60.9059 -61.8409 -61.4145 -64.575 -66.198 -64.5205 -65.5565 -65.6719 -65.1788 -64.9104 -65.0258 -65.7834 -65.5887 -66.1061 -66.1979 -65.8169 -65.6617 -66.6942 -65.9741 -66.1018 -66.1523 -65.1601 -65.6548 -65.6927 -65.6016 -65.8889 -66.0895 -65.2585 -65.5384 -65.0096 -64.8451 -64.9223 -64.9196 -64.9526 -64.9123 -65.2564 -65.2486 -65.0462 -65.0065 -65.1222 -64.8308 -64.8156 -64.7746 -65.0315 -64.3885 -64.5744 -64.6971 -64.7657 -64.9751 -64.5219 -65.6836 -64.5926 -66.1474 -64.4949 -63.6653 -63.4587 -64.0602 -64.0985
-59.8132 -59.3762 -59.7566 -59.2584 -61.0926 -60.5168 -59.7794 -62.8743 -64.9471 -64.7217 -64.5031 -65.5178 -65.4233 -64.7942 -64.5523 -64.8508 -65.7534 -66.3826 -65.7608 -65.5398 -65.8045 -66.0318 -65.7121 -65.661 -65.5111 -65.4219 -65.1125 -64.8085 -64.924 -65.1174 -65.3707 -65.3317 -65.337 -65.0188 -64.8932 -64.4349 -65.1279 -64.3901 -64.4753 -64.6377 -64.6381 -64.6555 -64.7421 -64.8176 -64.4489 -64.6267 -64.4711 -64.3301 -64.5942 -65.0685 -63.8651 -64.8394 -64.6443 -64.4201 -64.2474 -64.8781 -64.4224 -64.4432 -63.8676 -63.6521 -62.9963 -63.4327 -63.4126
-59.5983 -58.5157 -59.4271 -58.4381 -60.8435 -59.7566 -61.9775 -64.2685 -64.0451 -63.7591 -64.5865 -64.0872 -64.0133 -63.7342 -64.5347 -64.3709 -64.8321 -65.1124 -65.0766 -65.507 -64.9193 -64.8145 -65.0571 -65.1502 -65.4983 -64.3714 -65.0319 -64.5722 -64.5087 -64.6234 -64.765 -65.085 -64.7363 -65.2566 -65.2133 -65.0778 -64.256 -64.4325 -64.642 -64.4522 -64.2999 -64.2665 -64.4675 -64.4916 -64.3636 -64.3288 -64.0231 -64.2126 -64.5841 -64.6982 -63.8184 -63.6551 -63.9979 -64.004 -63.9066 -63.1434 -63.5218 -63.5407 -62.9274 -62.688 -63.4594 -63.0087 -63.8137
-59.4723 -58.5043 -59.3256 -58.8636 -60.409 -58.8731 -62.5439 -64.9714 -65.5255 -61.8888 -64.3695 -63.5717 -64.1011 -64.7708 -64.2577 -64.9785 -63.8874 -65.2669 -64.8688 -65.2749 -64.5625 -64.8729 -65.5257 -63.8911 -64.1186 -63.8253 -64.1512 -64.0218 -64.1618 -63.995 -64.069 -64.6641 -64.3917 -64.3048 -64.4016 -64.3096 -64.328 -64.0258 -64.0258 -64.6126 -64.0049 -64.1372 -64.7676 -63.9424 -64.0475 -64.1357 -64.0649 -64.0793 -63.6208 -64.004 -64.1681 -63.5784 -63.0811 -63.2328 -63.2501 -62.8905 -63.1241 -62.7555 -62.8572 -62.6902 -62.4065 -62.5008 -62.615
-59.0719 -58.9547 -58.6996 -59.2662 -59.9626 -60.2082 -60.7863 -60.8066 -60.8347 -61.694 -61.2356 -62.4614 -62.4248 -64.6618 -65.1747 -65.3844 -63.5133 -64.7324 -64.261 -64.323 -64.7518 -64.4096 -63.6062 -63.9858 -64.3578 -63.4905 -63.721 -63.4706 -64.0129 -63.6417 -63.899 -63.8252 -63.9645 -64.0841 -64.2844 -64.1671 -63.796 -64.0707 -63.8127 -63.8028 -63.4048 -63.0685 -63.6821 -63.6977 -63.9114 -63.4153 -63.4909 -63.8961 -63.8632 -63.572 -63.4354 -63.264 -62.7603 -62.6765 -62.4079 -62.3412 -61.8287 -61.6879 -62.5379 -61.807 -62.9008 -62.8152 -61.977
-59.7667 -59.6202 -59.4049 -59.3233 -59.4873 -59.8656 -59.0635 -59.8645 -60.0263 -60.049 -59.5564 -63.3667 -62.8063 -62.9839 -62.2621 -61.8415 -62.8245 -63.6946 -63.358 -63.7503 -64.066 -63.0346 -62.3696 -62.397 -62.9062 -63.452 -63.365 -63.0982 -63.156 -63.7224 -63.2836 -63.8414 -63.8363 -63.7514 -64.181 -63.9989 -64.1394 -63.5691 -63.1189 -63.5328 -63.8139 -62.8756 -63.1211 -63.1672 -63.1863 -63.1424 -63.0889 -63.2575 -63.097 -63.1624 -62.9092 -62.09 -61.9877 -61.7584 -62.4063 -62.6967 -62.0748 -61.7975 -61.6542 -62.3739 -62.1228 -61.4707 -61.5376
-59.4892 -59.5274 -59.5155 -58.9613 -59.0576 -58.712 -59.373 -59.2514 -59.6154 -61.2368 -60.9098 -63.7632 -61.1064 -62.6016 -61.4493 -62.0232 -62.3885 -62.577 -62.7007 -62.7834 -63.6784 -62.5949 -62.2208 -62.5411 -63.1318 -63.1563 -63.1009 -63.2368 -63.6758 -62.767 -63.6995 -63.55 -63.7622 -63.8072 -63.5082 -63.1945 -63.4593 -63.3347 -62.8278 -63.1436 -62.4164 -62.6933 -62.3001 -63.0709 -62.9962 -62.5365 -62.5237 -62.8569 -62.9758 -62.6487 -62.0241 -61.7437 -61.6258 -61.1983 -61.0235 -61.0648 -61.332 -61.631 -60.662 -61.2045 -61.1677 -61.4717 -61.5512
-59.9397 -59.7453 -59.5268 -58.6323 -58.1329 -57.6466 -59.2044 -58.3829 -59.8414 -59.1777 -59.3836 -59.4947 -61.5041 -61.6394 -62.0231 -62.4179 -63.2541 -61.5341 -61.6558 -62.5411 -62.3342 -62.5011 -62.3053 -62.9461 -62.733 -62.8461 -62.4238 -62.6196 -63.1914 -62.4406 -62.2965 -63.2915 -62.7613 -62.8735 -62.6236 -62.7338 -63.0335 -62.7852 -63.2128 -62.9386 -62.683 -62.1979 -62.8843 -62.5706 -62.3988 -62.2729 -61.7027 -62.2983 -61.8944 -62.0818 -61.7355 -61.0806 -61.2501 -60.8885 -60.3758 -60.7528 -60.4903 -60.4187 -60.3019 -60.6871 -61.0143 -60.8354 -60.9099
-59.3348 -59.3408 -59.2321 -58.6045 -58.0681 -58.4352 -58.8204 -58.0734 -58.3821 -61.2194 -61.3412 -60.7912 -61.0422 -60.8487 -61.5095 -59.9363 -61.9905 -62.1308 -62.0931 -62.5306 -61.9927 -62.4881 -62.4143 -61.9475 -62.232 -62.4382 -62.2603 -61.118 -63.066 -61.717 -61.1533 -61.2546 -62.0859 -62.382 -62.4211 -62.5045 -62.1622 -61.9651 -61.3552 -61.66 -61.9112 -61.623 -60.8245 -61.5617 -61.9266 -61.5446 -61.5004 -60.7264 -60.1424 -60.2583 -60.2532 -60.3302 -60.3324 -60.9644 -60.3037 -60.4066 -60.2007 -60.1171 -60.0502 -60.3087 -60.0633 -60.0919 -60.1605
-59.7121 -58.8151 -58.6394 -58.483 -58.2763 -57.9747 -57.7849 -58.0433 -60.2952 -59.5442 -58.9087 -59.0637 -58.6414 -59.2898 -59.6693 -58.9297 -59.6146 -60.9903 -60.0123 -60.552 -60.9935 -60.1306 -60.2815 -60.8719 -61.2899 -60.3164 -59.7572 -61.2465 -61.805 -61.8292 -62.1475 -61.8064 -61.7227 -61.7921 -61.6728 -61.8692 -61.7544 -61.4306 -61.292 -61.0486 -61.2246 -61.4009 -60.9728 -61.1433 -61.1319 -61.2427 -59.6034 -59.6733 -59.6367 -59.7082 -60.1755 -60.059 -59.8832 -59.8697 -59.5926 -59.753 -59.6007 -59.6461 -59.4459 -59.5122 -59.6051 -59.2628 -59.3488
-58.936 -59.4361 -58.719 -58.3182 -58.1762 -57.6515 -58.8722 -58.3898 -58.1256 -58.1157 -58.5864 -58.1796 -58.8038 -58.0235 -58.3433 -58.44 -59.6715 -59.083 -58.8794 -58.7993 -59.6674 -60.0615 -59.8143 -60.1445 -59.1426 -60.579 -60.0961 -60.4028 -61.1466 -61.271 -60.9876 -60.8984 -60.9866 -60.8679 -60.0019 -60.4537 -60.3547 -60.8494 -60.2292 -59.7878 -59.8412 -59.872 -59.8091 -60.0048 -60.3996 -60.2056 -59.8026 -59.6123 -59.7155 -59.816 -59.3016 -59.2396 -59.3225 -58.9445 -58.9876 -59.2916 -59.0283 -58.8268 -59.0396 -58.9187 -58.8981 -59.0568 -59.1904
-58.7145 -58.2921 -58.4304 -59.0593 -59.2074 -59.0359 -58.8008 -58.2837 -57.9848 -57.994 -58.0351 -58.0276 -57.7258 -57.6992 -58.1847 -58.0856 -58.507 -58.4591 -58.5404 -58.4971 -59.2078 -59.417 -59.492 -58.3761 -59.0428 -59.5799 -59.1001 -59.1891 -58.6613 -59.7015 -60.0239 -59.7932 -60.2277 -59.5602 -59.9874 -59.9158 -59.9514 -59.7737 -59.6834 -59.6111 -59.7157 -59.1319 -59.1098 -58.9628 -58.6858 -58.6065 -58.9861 -58.6607 -58.6531 -58.6988 -58.9477 -59.1884 -58.6748 -58.5205 -58.6134 -58.5033 -58.6391 -58.3959 -58.4855 -58.4605 -58.2649 -58.221 -58.2293
-57.9851 -58.5047 -58.5527 -58.6259 -58.5816 -58.1095 -57.9051 -57.9952 -58.0685 -57.9409 -57.9779 -57.6847 -57.3635 -57.5069 -57.3358 -57.7513 -57.3783 -57.5708 -57.8347 -57.777 -57.6004 -57.9692 -57.9376 -58.0864 -58.1435 -58.5073 -57.9921 -57.9445 -58.6473 -57.9453 -58.2809 -58.792 -58.8533 -58.5304 -58.823 -58.8007 -59.076 -58.5775 -58.6483 -58.4788 -58.6772 -58.2091 -57.9797 -58.2447 -58.2932 -58.5359 -58.2898 -58.456 -58.2081 -58.7191 -58.8426 -58.4555 -58.2047 -58.1474 -58.0593 -58.0251 -57.8621 -57.7901 -57.7336 -57.7998 -57.7658 -57.6098 -57.6084
-58.0355 -57.9835 -58.0912 -58.0939 -57.9647 -57.6283 -57.438 -57.3714 -57.3854 -57.5789 -57.468 -57.0881 -56.9861 -56.9756 -57.081 -58.9442 -57.9744 -57.3049 -56.6764 -56.7319 -56.6547 -56.7866 -56.9106 -57.0444 -57.1966 -57.2137 -57.3682 -57.3436 -57.3496 -57.2487 -57.7813 -57.642 -57.7122 -57.3914 -57.5345 -57.5676 -57.4675 -57.5174 -57.1983 -57.5168 -57.702 -57.9891 -57.714 -57.8322 -58.0226 -57.8214 -57.9214 -57.635 -57.6795 -57.8144 -58.03 -57.9309 -57.5338 -57.6146 -57.5518 -57.675 -57.5071 -57.4861 -57.4236 -57.3406 -57.3499 -57.4286 -57.4083
-57.658 -57.6714 -57.6361 -57.6551 -57.63 -57.5199 -57.5221 -57.1075 -58.084 -57.0912 -56.7947 -56.8191 -56.8702 -56.7557 -56.7832 -56.7497 -56.7775 -56.5191 -56.4214 -56.3981 -56.4322 -56.3326 -56.472 -56.2712 -56.3333 -56.5509 -56.6022 -56.6026 -56.4777 -56.5522 -56.5623 -56.581 -56.6849 -56.8266 -56.6931 -56.3302 -56.7114 -57.2183 -57.1045 -57.2701 -57.1007 -57.3951 -57.0698 -57.2648 -58.1247 -59.5253 -57.6346 -57.6842 -57.5124 -57.4603 -57.3543 -57.4403 -57.2633 -57.1953 -57.021 -57.0758 -57.258 -57.2565 -57.1742 -57.2484 -57.2303 -57.0648 -57.2907
-56.2983 -56.8963 -57.0175 -56.9557 -56.7997 -56.6721 -56.6016 -56.5495 -56.74 -57.0036 -57.1503 -57.113 -56.7793 -57.0304 -56.6935 -56.1042 -56.197 -56.2043 -56.3019 -56.4984 -56.3845 -55.8847 -55.5658 -55.5881 -55.6804 -55.8111 -55.8135 -55.7954 -55.8958 -55.8798 -55.7639 -55.9657 -56.0219 -56.1543 -56.0742 -56.0453 -56.2533 -56.3523 -55.8579 -55.9431 -56.5473 -56.458 -56.5681 -56.3517 -56.5184 -56.5444 -57.4303 -56.8788 -56.8373 -56.9735 -56.7625 -56.9014 -56.6174 -56.4403 -56.6043 -56.7183 -56.7907 -56.8144 -56.8583 -56.6936 -56.6607 -56.8724 -57.0981
-55.6919 -55.7045 -55.745 -55.8349 -56.1202 -56.2505 -55.9308 -55.9984 -55.7352 -55.8684 -55.9687 -55.9544 -55.8502 -55.7849 -56.0061 -55.9598 -55.8378 -56.1562 -56.1567 -56.1732 -56.4605 -55.4323 -56.6412 -55.8775 -54.9345 -55.6946 -55.8632 -55.8572 -55.8406 -55.7815 -55.648 -55.7109 -55.3872 -55.3919 -56.2311 -56.5495 -55.8214 -55.5492 -55.674 -56.1969 -55.834 -55.8386 -55.3597 -56.1331 -55.8107 -55.8025 -55.8992 -55.9249 -55.9984 -56.1317 -56.0985 -56.0146 -56.0551 -56.0396 -56.1405 -56.2296 -56.3459 -56.3068 -56.3931 -56.506 -56.5555 -56.6073 -56.8423
-55.2492 -55.2091 -55.3259 -55.3757 -55.4659 -55.7701 -55.5198 -55.5962 -55.1605 -55.1289 -55.0041 -54.9194 -54.9028 -54.8751 -54.8048 -54.7759 -54.8488 -54.8951 -55.0242 -55.0184 -55.1518 -55.5531 -56.3379 -55.8096 -55.7131 -55.9529 -55.8867 -56.1269 -55.9363 -55.6741 -55.481 -55.549 -55.7526 -55.9781 -56.2147 -56.3227 -56.3117 -54.9712 -56.7424 -56.0671 -55.8359 -55.4318 -55.4432 -55.5693 -55.3013 -55.1895 -55.2656 -55.3487 -55.2901 -55.3308 -55.3918 -55.4888 -55.5578 -55.5703 -55.6219 -55.7216 -55.7841 -56.0171 -56.1367 -56.132 -56.3351 -56.4132 -56.2988
-55.1761 -55.0979 -55.1505 -54.9291 -54.9412 -54.9987 -54.9281 -54.8627 -55.5749 -55.2462 -54.7167 -54.6066 -54.4539 -54.2259 -54.0714 -53.9856 -54.0223 -53.9342 -54.0757 -54.2304 -54.1934 -54.3706 -54.5678 -54.6617 -54.6384 -54.7613 -54.8201 -55.0025 -55.3378 -55.3954 -55.6049 -55.5403 -55.3848 -55.9158 -55.959 -55.0067 -55.8608 -56.3148 -54.9389 -56.1129 -55.99 -54.9453 -55.3826 -55.138 -54.9531 -54.9955 -54.8597 -54.8538 -54.9995 -54.8166 -54.8369 -54.8721 -55.0135 -55.0639 -55.1934 -55.3853 -55.4017 -55.6935 -55.792 -55.9356 -55.8809 -56.1931 -56.0502
-54.5049 -54.583 -54.6612 -54.8233 -55.0757 -55.2893 -55.4643 -55.3791 -54.5781 -54.6249 -54.814 -54.6079 -54.3799 -54.3889 -54.2086 -53.8616 -53.4729 -53.5415 -53.4475 -53.4251 -53.4751 -53.4253 -53.5408 -53.9131 -53.798 -53.7732 -54.1068 -54.3554 -54.1985 -54.3128 -54.4298 -54.5571 -54.6853 -55.0438 -55.1102 -55.1576 -54.8847 -55.595 -55.7043 -54.4184 -56.1016 -55.061 -55.1481 -54.8242 -54.2895 -54.4593 -54.3823 -54.6257 -54.5709 -54.4817 -54.4381 -54.3917 -54.4396 -54.4911 -54.7326 -54.8753 -55.0563 -55.1324 -55.3273 -55.3239 -55.6434 -55.6349 -55.5369
-54.2817 -53.8823 -54.9894 -55.1205 -55.536 -55.4745 -55.1481 -55.3243 -54.9691 -54.6269 -55.0045 -54.9338 -54.6098 -54.0869 -53.8068 -53.6805 -53.4973 -53.4825 -53.0924 -53.0015 -53.1212 -52.9494 -52.8804 -53.1011 -53.0328 -53.192 -53.3522 -54.3668 -53.5181 -53.1134 -53.3477 -53.5961 -53.76 -53.9779 -54.1726 -54.2617 -54.581 -55.0244 -54.7718 -55.1116 -54.0739 -55.3646 -55.2353 -53.9265 -54.0744 -53.8985 -54.3174 -54.2582 -54.0322 -53.9422 -54.0545 -53.8576 -54.0987 -53.9113 -54.1292 -54.3723 -54.5546 -54.6722 -54.9266 -54.9889 -55.4433 -55.5355 -55.6145
-53.6265 -53.7714 -56.2837 -55.5913 -55.0728 -54.6969 -55.2532 -54.5757 -54.7145 -54.2379 -54.5551 -54.6925 -54.668 -54.3257 -53.7699 -53.6376 -53.3312 -53.2011 -53.1858 -53.136 -53.0975 -53.095 -52.5643 -52.8649 -52.8312 -52.8274 -53.182 -53.2961 -53.4235 -52.7405 -52.3685 -52.4972 -52.6541 -52.8538 -53.0557 -53.5075 -53.7015 -53.9549 -54.1284 -54.3561 -54.4822 -54.6303 -53.8999 -54.041 -52.8937 -54.2758 -53.5021 -53.4651 -53.55 -53.6149 -53.4968 -53.7162 -53.7163 -53.4849 -53.6264 -53.9069 -54.1258 -54.2157 -54.2371 -54.6206 -54.7217 -54.9255 -55.3052
-53.0968 -53.0279 -55.3282 -55.3699 -56.0032 -55.0473 -53.8661 -53.8851 -53.9596 -54.4722 -54.1651 -53.9606 -54.1686 -54.1664 -54.4545 -54.2173 -53.9715 -53.2586 -53.157 -53.0745 -52.968 -52.7462 -52.2002 -52.7108 -52.5687 -52.3781 -52.54 -52.7407 -52.7582 -52.1933 -51.9964 -51.9736 -52.2147 -52.2312 -52.5054 -52.3334 -52.7233 -52.8082 -53.0389 -53.2115 -53.5189 -53.8596 -53.0396 -52.6137 -52.7812 -52.6536 -52.8263 -52.9477 -52.8528 -52.954 -53.1491 -53.0826 -53.3108 -53.1921 -53.5416 -53.451 -53.6029 -53.7915 -53.9449 -54.1062 -54.2082 -54.4912 -54.6535
-52.3828 -53.0941 -52.8327 -53.448 -54.7519 -53.653 -53.8159 -53.9623 -53.9582 -54.521 -54.2007 -54.2193 -54.3728 -54.3309 -54.0981 -54.3743 -54.4148 -53.8708 -53.5399 -53.2639 -53.0862 -52.8548 -52.8264 -52.8681 -52.2042 -51.9852 -51.9435 -52.165 -52.1018 -51.6346 -51.6394 -51.2327 -51.3631 -52.4252 -52.4365 -52.5091 -51.8486 -52.0168 -52.4248 -52.6669 -52.9631 -53.1184 -53.3974 -53.021 -52.9443 -52.4132 -52.117 -52.0451 -52.3671 -52.4718 -52.4939 -52.4717 -52.7382 -52.5069 -53.0631 -53.117 -53.2753 -53.3346 -53.3726 -53.6869 -53.6643 -53.4084 -54.0101
-53.1564 -54.4421 -54.0479 -53.6211 -53.9731 -54.6329 -54.722 -54.459 -54.6448 -54.0961 -54.2352 -54.2448 -54.2956 -54.0313 -54.1122 -54.2363 -54.1268 -54.0728 -53.9809 -53.7629 -53.3581 -53.246 -52.6675 -52.4386 -52.0069 -51.7402 -51.5326 -51.3617 -51.4508 -51.2814 -50.9162 -51.2172 -51.1703 -51.7797 -52.0026 -52.2727 -52.0711 -52.134 -51.8916 -52.296 -52.6224 -52.7152 -53.2894 -53.3812 -52.5345 -51.2598 -51.4844 -51.6754 -51.8732 -51.8433 -51.8841 -52.1582 -52.2472 -52.1073 -52.5777 -52.721 -52.7465 -52.7212 -52.6584 -53.1821 -53.363 -53.4029 -53.2767
-53.3516 -53.5003 -52.773 -53.5591 -53.6546 -54.4677 -54.8669 -54.9028 -54.0077 -54.2324 -54.2109 -53.9816 -53.6717 -53.9744 -53.929 -54.0607 -53.7595 -53.533 -53.3975 -53.4051 -53.2668 -53.2716 -52.7144 -52.3026 -51.9297 -51.4376 -51.2918 -51.1451 -50.716 -50.6841 -50.65 -50.4314 -50.6177 -50.7565 -51.5979 -52.0513 -51.5496 -51.8961 -51.2669 -51.7574 -51.9684 -52.454 -52.8497 -53.1534 -53.0444 -53.4193 -53.6173 -53.7327 -51.1013 -51.5396 -51.7174 -51.7141 -51.8009 -51.6391 -52.016 -52.1316 -52.2263 -52.2508 -52.3121 -52.4917 -52.4187 -52.7913 -53.0391
-53.2407 -52.5411 -53.4573 -53.3375 -53.8252 -54.9595 -55.1102 -54.3691 -54.243 -54.0836 -54.091 -53.7198 -54.1027 -53.8454 -53.6907 -53.4281 -53.3519 -53.1583 -53.098 -53.0676 -52.9042 -53.0365 -52.801 -52.3369 -52.3708 -52.213 -51.5739 -51.1775 -50.7258 -50.4571 -50.07 -50.0607 -49.7676 -50.7354 -51.1007 -51.4047 -50.6476 -50.8702 -50.5088 -50.6987 -51.0347 -51.6236 -51.9756 -52.1588 -52.5912 -52.7531 -53.0464 -51.0111 -51.3722 -51.5544 -51.2689 -51.3462 -51.369 -51.5048 -51.5352 -51.624 -51.9206 -51.8341 -51.8206 -51.7342 -52.0815 -52.2166 -52.57
-53.145 -52.7577 -52.7085 -53.6442 -54.691 -55.122 -54.9784 -54.7285 -54.136 -53.976 -54.0685 -53.655 -53.99 -53.5595 -53.394 -52.9876 -52.8523 -52.8741 -52.8927 -52.6254 -52.5534 -52.2959 -52.0753 -52.1499 -52.1512 -51.8331 -51.5761 -51.2125 -51.2488 -50.6044 -50.2612 -49.7359 -50.1744 -50.474 -50.6747 -50.4964 -51.3315 -51.6186 -50.1244 -50.8021 -50.6516 -50.7423 -50.9576 -51.5471 -51.7657 -52.1768 -52.5136 -52.6644 -50.784 -50.5619 -51.0275 -50.9438 -51.1896 -51.0862 -50.8884 -51.3025 -51.3256 -51.102 -51.4592 -51.6979 -51.4659 -51.73 -52.0769
