data/70064_lisa.smith_molt/70064_lisa.smith_molt/stdkrig.asc
ncols 531
nrows 319
xllcorner -106.19999694824219
yllcorner 23.01666515142109
cellsize 0.0833333333
NODATA_value -9999
[rows 210 to 239 of 319, columns 67 to 133 of 531]
4.33693 4.32278 4.30724 4.29027 4.27178 4.25171 4.22999 4.20655 4.18129 4.15414 4.12502 4.09382 4.06046 4.02486 3.98691 3.94653 3.90362 3.85812 3.80993 3.759 3.70525 3.64865 3.58917 3.52682 3.46162 3.39363 3.32299 3.24986 3.17452 3.09734 3.01881 2.93964 2.86073 2.78329 2.70887 2.63944 2.57741 2.52555 2.48683 2.46404 2.45925 2.47326 2.50536 2.5535 2.61471 2.68576 2.76357 2.84548 2.92933 3.01343 3.09652 3.17769 3.25629 3.33189 3.40422 3.47314 3.53857 3.60053 3.65904 3.71421 3.76612 3.8149 3.86066 3.90352 3.94362 3.98107 4.01599
4.34168 4.32772 4.3124 4.29565 4.27743 4.25765 4.23624 4.21313 4.18824 4.16147 4.13275 4.10197 4.06905 4.03389 3.99638 3.95643 3.91395 3.86882 3.82095 3.77026 3.71665 3.66004 3.60037 3.53759 3.47166 3.40259 3.33041 3.25521 3.17715 3.09648 3.01359 2.92903 2.84362 2.75846 2.67509 2.5956 2.52269 2.45976 2.41076 2.37971 2.36988 2.38279 2.41755 2.47115 2.53947 2.61821 2.70357 2.79246 2.88254 2.97207 3.05983 3.14497 3.22694 3.3054 3.38014 3.45111 3.51828 3.58173 3.64155 3.69784 3.75075 3.80042 3.84698 3.89058 3.93135 3.96943 4.00494
4.34627 4.33249 4.31737 4.30086 4.28289 4.2634 4.24229 4.21951 4.19497 4.16858 4.14025 4.10988 4.07738 4.04265 4.00557 3.96604 3.92395 3.87918 3.83163 3.78117 3.72769 3.67107 3.61123 3.54805 3.48145 3.41136 3.33775 3.26062 3.18002 3.09608 3.00907 2.9194 2.82771 2.73497 2.64262 2.5527 2.46811 2.39277 2.33168 2.29062 2.27486 2.28716 2.32624 2.38743 2.46471 2.55246 2.64612 2.74233 2.83867 2.93347 3.02564 3.11444 3.19944 3.28042 3.35727 3.43 3.49867 3.5634 3.62432 3.68158 3.73535 3.7858 3.83307 3.87733 3.91872 3.95738 3.99345
4.35068 4.33708 4.32217 4.30589 4.28817 4.26895 4.24815 4.22569 4.20149 4.17547 4.14752 4.11756 4.08548 4.05117 4.01453 3.97542 3.93374 3.88935 3.84213 3.79193 3.73864 3.68209 3.62217 3.55872 3.49162 3.42074 3.34599 3.26728 3.18458 3.09792 3.00743 2.91337 2.81623 2.71678 2.61625 2.51653 2.42043 2.33208 2.25737 2.20413 2.18098 2.19326 2.23883 2.30972 2.39722 2.49432 2.59604 2.69895 2.80078 2.90005 2.99582 3.08755 3.17493 3.25784 3.33629 3.41034 3.48012 3.5458 3.60756 3.66557 3.72001 3.77108 3.81895 3.86378 3.90572 3.94493 3.98152
4.35492 4.3415 4.32679 4.31073 4.29325 4.2743 4.2538 4.23166 4.20781 4.18215 4.1546 4.12504 4.09339 4.05952 4.02331 3.98465 3.94341 3.89944 3.85261 3.80277 3.74975 3.69341 3.63358 3.57008 3.50276 3.43145 3.35599 3.27625 3.19213 3.10357 3.01061 2.91338 2.81223 2.70775 2.60095 2.49344 2.38777 2.28783 2.19963 2.1324 2.09949 2.11271 2.16732 2.24886 2.34582 2.45068 2.55854 2.66626 2.77185 2.87403 2.97208 3.06558 3.15435 3.23837 3.31771 3.39249 3.4629 3.52913 3.59139 3.64986 3.70477 3.75629 3.80462 3.84991 3.89233 3.93201 3.9691
4.35897 4.34572 4.33121 4.31537 4.29814 4.27945 4.25924 4.23743 4.21392 4.18863 4.16147 4.13233 4.10112 4.0677 4.03197 3.99379 3.95304 3.90956 3.86321 3.81382 3.76124 3.70528 3.64577 3.58251 3.51533 3.44403 3.36842 3.28835 3.20366 3.11426 3.02012 2.92133 2.81813 2.71102 2.60087 2.48913 2.37808 2.27129 2.17429 2.09578 2.05069 2.06659 2.12998 2.21814 2.3198 2.42798 2.53817 2.64752 2.75421 2.85713 2.95564 3.04942 3.13835 3.22246 3.30184 3.37667 3.44713 3.51344 3.57581 3.63446 3.68958 3.74137 3.79 3.83565 3.87847 3.91858 3.95613
4.36284 4.34975 4.33543 4.3198 4.30281 4.2844 4.26448 4.24298 4.21982 4.1949 4.16815 4.13944 4.10868 4.07575 4.04053 4.00289 3.96269 3.91978 3.87401 3.82522 3.77323 3.71787 3.65895 3.59626 3.52963 3.45885 3.38372 3.30409 3.21979 3.13072 3.03687 2.9383 2.83529 2.72833 2.61834 2.5068 2.39604 2.28977 2.19372 2.11701 2.07497 2.0865 2.14363 2.22707 2.32493 2.42993 2.53741 2.64441 2.74903 2.85013 2.94704 3.03942 3.12714 3.2102 3.28871 3.36283 3.43273 3.49863 3.56073 3.61923 3.67432 3.72618 3.77499 3.82089 3.86403 3.90453 3.94252
4.3665 4.35358 4.33944 4.32402 4.30727 4.28912 4.26949 4.24831 4.2255 4.20097 4.17462 4.14637 4.11609 4.08367 4.04901 4.01195 3.97237 3.93013 3.88506 3.83701 3.78581 3.73127 3.67321 3.61145 3.54579 3.47605 3.40205 3.32364 3.24068 3.15313 3.06099 2.96442 2.86376 2.75965 2.65314 2.54593 2.44065 2.34133 2.25405 2.18762 2.15325 2.15922 2.20268 2.27295 2.35977 2.45569 2.5557 2.65651 2.75596 2.85273 2.94599 3.03529 3.12042 3.20132 3.27804 3.3507 3.41944 3.48444 3.54588 3.60393 3.65876 3.71053 3.75938 3.80546 3.84887 3.88974 3.92816
4.36996 4.35719 4.34323 4.32802 4.3115 4.2936 4.27426 4.2534 4.23094 4.2068 4.18088 4.15309 4.12332 4.09145 4.05738 4.02097 3.98209 3.94061 3.89636 3.8492 3.79896 3.74547 3.68856 3.62805 3.56378 3.49558 3.4233 3.34683 3.2661 3.18111 3.09195 2.99888 2.90239 2.80325 2.70273 2.60272 2.50606 2.41677 2.34042 2.28398 2.25452 2.2563 2.28807 2.34398 2.41684 2.50035 2.58969 2.68144 2.77324 2.86356 2.95139 3.03613 3.11743 3.19514 3.26924 3.33975 3.40679 3.47046 3.53089 3.58823 3.64261 3.69415 3.74296 3.78915 3.83282 3.87405 3.91292
4.3732 4.36058 4.34679 4.33178 4.31548 4.29784 4.27878 4.25824 4.23614 4.21238 4.1869 4.15958 4.13034 4.09905 4.06562 4.02991 3.9918 3.95116 3.90784 3.8617 3.81259 3.76036 3.70484 3.6459 3.58337 3.51715 3.44711 3.37321 3.29542 3.21382 3.12862 3.04017 2.94908 2.85629 2.76317 2.67172 2.58468 2.50572 2.43939 2.39075 2.36432 2.36258 2.38494 2.42801 2.48704 2.55723 2.63446 2.71553 2.79808 2.88046 2.96152 3.04052 3.11699 3.19068 3.26145 3.32925 3.39412 3.4561 3.51526 3.5717 3.62548 3.6767 3.72542 3.77172 3.81565 3.85728 3.89665
4.3762 4.36372 4.3501 4.33527 4.31919 4.3018 4.28302 4.26279 4.24104 4.21768 4.19264 4.16581 4.13711 4.10642 4.07366 4.03869 4.00141 3.96169 3.91939 3.8744 3.82656 3.77576 3.72185 3.66471 3.60423 3.54033 3.47294 3.40205 3.32773 3.25011 3.1695 3.08634 3.00133 2.91548 2.83021 2.74742 2.66963 2.5999 2.54179 2.49888 2.47418 2.46927 2.48389 2.51601 2.56249 2.61985 2.68484 2.75468 2.82721 2.90079 2.97423 3.0467 3.11764 3.18668 3.25361 3.31828 3.38065 3.44068 3.4984 3.55381 3.60693 3.65781 3.70645 3.75289 3.79715 3.83925 3.8792
4.37896 4.36661 4.35314 4.33849 4.32262 4.30546 4.28695 4.26703 4.24562 4.22266 4.19805 4.17171 4.14356 4.1135 4.08143 4.04724 4.01083 3.97208 3.93088 3.88711 3.84067 3.79142 3.73927 3.68413 3.62591 3.56456 3.50008 3.43251 3.36197 3.28866 3.21294 3.13532 3.05655 2.97764 2.89994 2.8252 2.75557 2.69353 2.64178 2.60291 2.57897 2.57107 2.57912 2.60189 2.6373 2.6829 2.73621 2.79499 2.85737 2.92184 2.98725 3.05275 3.11773 3.18175 3.24451 3.30579 3.36547 3.42344 3.47963 3.53399 3.58648 3.63706 3.6857 3.73238 3.77708 3.81976 3.86043
4.38146 4.36922 4.35589 4.34141 4.32573 4.30879 4.29054 4.27092 4.24984 4.22726 4.20308 4.17723 4.14963 4.12019 4.08882 4.05543 4.01991 3.98217 3.94212 3.89964 3.85464 3.80704 3.75675 3.70371 3.64787 3.58922 3.52779 3.46367 3.39702 3.3281 3.25729 3.18514 3.11238 3.03998 2.96918 2.90149 2.83869 2.78277 2.73576 2.69955 2.67561 2.66477 2.66704 2.68169 2.70737 2.74236 2.78485 2.83311 2.88559 2.94101 2.99833 3.05672 3.11558 3.17441 3.23288 3.29069 3.34763 3.40353 3.45825 3.51164 3.5636 3.61403 3.66283 3.70992 3.75521 3.79866 3.84019
4.38368 4.37155 4.35834 4.34401 4.3285 4.31177 4.29376 4.27441 4.25365 4.23143 4.20767 4.18229 4.15523 4.12641 4.09574 4.06313 4.02852 3.9918 3.95289 3.91172 3.86821 3.82228 3.77389 3.72299 3.66957 3.61365 3.55529 3.49461 3.4318 3.36715 3.30105 3.23405 3.16682 3.10027 3.03547 2.9737 2.91642 2.86517 2.82151 2.78686 2.76229 2.74847 2.74548 2.75291 2.76992 2.79534 2.82789 2.8663 2.90935 2.95602 3.0054 3.05677 3.10954 3.16323 3.21744 3.27185 3.32617 3.38014 3.43354 3.48617 3.53782 3.58832 3.6375 3.68522 3.73135 3.77577 3.81838
4.38561 4.37357 4.36046 4.34626 4.33091 4.31436 4.29657 4.27747 4.257 4.23512 4.21175 4.18682 4.16028 4.13204 4.10204 4.07021 4.03647 4.00075 3.96299 3.92311 3.88106 3.83679 3.79027 3.74149 3.69045 3.63719 3.58181 3.52444 3.4653 3.40466 3.34292 3.28058 3.21828 3.15678 3.09703 3.04007 2.98707 2.93924 2.89779 2.86377 2.83804 2.82112 2.81317 2.81402 2.82315 2.83985 2.86325 2.89246 2.92661 2.96491 3.00665 3.05123 3.09811 3.14683 3.19699 3.2482 3.30013 3.35245 3.40484 3.457 3.50865 3.55955 3.60943 3.65809 3.70534 3.751 3.79494
4.38724 4.37526 4.36224 4.34814 4.33292 4.31653 4.29892 4.28004 4.25984 4.23826 4.21524 4.19073 4.16467 4.13698 4.10762 4.07652 4.04361 4.00885 3.97217 3.93354 3.8929 3.85022 3.80551 3.75874 3.70997 3.65924 3.60667 3.55239 3.49662 3.43964 3.38181 3.32358 3.26551 3.20827 3.15263 3.09943 3.04963 3.00415 2.96393 2.92979 2.9024 2.88222 2.86947 2.86413 2.86596 2.87456 2.88943 2.91001 2.93574 2.96608 3.00053 3.03861 3.07989 3.12395 3.17037 3.21874 3.26866 3.31972 3.3715 3.42363 3.47572 3.52741 3.57839 3.62836 3.67707 3.7243 3.76985
4.38856 4.37662 4.36366 4.34964 4.33452 4.31825 4.30079 4.2821 4.26212 4.2408 4.21809 4.19395 4.16831 4.14112 4.11233 4.0819 4.04977 4.01589 3.98022 3.94274 3.90342 3.86223 3.81919 3.77432 3.72764 3.67925 3.62924 3.57777 3.52503 3.47129 3.41686 3.36216 3.30764 3.25386 3.20145 3.1511 3.10354 3.0595 3.0197 2.98479 2.95531 2.93168 2.91416 2.90285 2.89772 2.89866 2.90545 2.91783 2.93553 2.95827 2.98576 3.01768 3.0537 3.09347 3.13657 3.18257 3.23097 3.2813 3.33303 3.38565 3.4387 3.4917 3.54425 3.59598 3.64655 3.69569 3.74318
4.38954 4.37762 4.36469 4.35072 4.33567 4.31949 4.30214 4.28359 4.26378 4.24267 4.22022 4.19638 4.1711 4.14434 4.11606 4.08621 4.05476 4.02167 3.98692 3.95048 3.91234 3.8725 3.83098 3.7878 3.74302 3.69671 3.64899 3.59999 3.54991 3.49896 3.44743 3.39565 3.34402 3.29299 3.24304 3.19472 3.14859 3.10522 3.06516 3.02892 2.99697 2.96966 2.9473 2.93011 2.91822 2.91174 2.91071 2.91516 2.92509 2.9405 2.9613 2.98738 3.01852 3.05444 3.09473 3.13891 3.18643 3.23668 3.28901 3.3428 3.39744 3.45235 3.50702 3.56099 3.61387 3.66532 3.71508
4.39019 4.37826 4.36533 4.35137 4.33635 4.32021 4.30293 4.28447 4.26478 4.24383 4.22157 4.19796 4.17297 4.14655 4.11868 4.08932 4.05844 4.02603 3.99205 3.95651 3.9194 3.88073 3.84053 3.79884 3.75571 3.71121 3.66546 3.61859 3.57075 3.52215 3.47301 3.42362 3.37427 3.32533 3.27716 3.23018 3.18481 3.14147 3.10059 3.06256 3.02777 2.99656 2.96925 2.94615 2.92754 2.91371 2.90495 2.90157 2.90386 2.91207 2.92638 2.94688 2.97351 3.00606 3.04413 3.08719 3.13456 3.18552 3.23925 3.29498 3.35194 3.40943 3.46683 3.52359 3.57925 3.63343 3.68581
4.3905 4.37853 4.36557 4.35158 4.33654 4.32041 4.30315 4.28472 4.26508 4.24421 4.22207 4.19861 4.17382 4.14765 4.12009 4.0911 4.06067 4.02878 3.99544 3.96063 3.92437 3.88667 3.84757 3.80712 3.76537 3.72239 3.67829 3.63318 3.58719 3.5405 3.49328 3.44576 3.39816 3.35073 3.30377 3.25755 3.21238 3.16856 3.12641 3.08621 3.04829 3.01296 2.98056 2.95144 2.92604 2.9048 2.88826 2.87698 2.87156 2.87256 2.88046 2.89559 2.91806 2.94775 2.98427 3.027 3.07512 3.12771 3.18377 3.24232 3.30243 3.36325 3.42404 3.48416 3.54309 3.60039 3.65572
4.39046 4.37841 4.36538 4.35134 4.33624 4.32006 4.30275 4.2843 4.26465 4.24379 4.22168 4.19829 4.17359 4.14756 4.12018 4.09143 4.06131 4.0298 3.99691 3.96264 3.92703 3.89008 3.85185 3.81237 3.77171 3.72995 3.68716 3.64345 3.59893 3.55374 3.50801 3.46189 3.41556 3.36919 3.32295 3.27704 3.23164 3.18695 3.14318 3.10053 3.05925 3.01962 2.98197 2.94671 2.91436 2.88554 2.861 2.8416 2.82824 2.82186 2.82328 2.83314 2.85178 2.87916 2.9149 2.95823 3.00814 3.06343 3.12288 3.18525 3.2494 3.31434 3.3792 3.44325 3.50591 3.56672 3.62532
4.39007 4.37792 4.36479 4.35063 4.33543 4.31914 4.30174 4.28319 4.26347 4.24253 4.22036 4.19693 4.17222 4.14621 4.11888 4.09023 4.06025 4.02894 3.99632 3.9624 3.92721 3.89077 3.85314 3.81437 3.77451 3.73364 3.69183 3.64917 3.60575 3.56168 3.51704 3.47194 3.42648 3.38076 3.33488 3.28893 3.24299 3.19716 3.15155 3.10628 3.06151 3.01747 2.97446 2.93293 2.89347 2.85682 2.82396 2.79604 2.77433 2.7602 2.7549 2.75948 2.77456 2.80025 2.83609 2.88112 2.93403 2.99328 3.05729 3.12456 3.19371 3.26357 3.33315 3.40166 3.46847 3.53311 3.59521
4.38935 4.37706 4.36378 4.34947 4.33411 4.31767 4.3001 4.28139 4.2615 4.24041 4.21809 4.19451 4.16967 4.14355 4.11613 4.08742 4.05741 4.02612 3.99356 3.95977 3.92476 3.88859 3.85129 3.81293 3.77357 3.73327 3.69211 3.65016 3.6075 3.56418 3.52028 3.47586 3.43095 3.38559 3.33979 3.29356 3.2469 3.19979 3.15226 3.10431 3.05603 3.00758 2.95921 2.91136 2.86463 2.81991 2.77834 2.74138 2.71073 2.68826 2.67582 2.67496 2.68672 2.71137 2.74835 2.7964 2.85373 2.91834 2.98822 3.0615 3.13658 3.21211 3.28699 3.3604 3.43169 3.50038 3.56614
4.38829 4.37583 4.36236 4.34786 4.3323 4.31563 4.29784 4.27889 4.25876 4.23742 4.21484 4.19101 4.16592 4.13954 4.11188 4.08294 4.05273 4.02126 3.98855 3.95464 3.91958 3.88339 3.84615 3.8079 3.76873 3.72868 3.68785 3.64627 3.60403 3.56116 3.5177 3.47366 3.42904 3.38381 3.33793 3.2913 3.24385 3.19547 3.14606 3.09554 3.04391 2.9912 2.93762 2.88352 2.82953 2.77656 2.72592 2.67936 2.63902 2.6074 2.58711 2.58048 2.58911 2.61349 2.65288 2.7055 2.7689 2.84041 2.91748 2.99787 3.07971 3.16151 3.24214 3.32073 3.39665 3.46948 3.53893
4.38693 4.37425 4.36056 4.34582 4.32999 4.31305 4.29497 4.27571 4.25526 4.23357 4.21063 4.18643 4.16095 4.13418 4.10612 4.07678 4.04617 4.01431 3.98123 3.94696 3.91157 3.8751 3.83761 3.79918 3.75987 3.71976 3.67891 3.63739 3.59526 3.55253 3.50924 3.46535 3.42083 3.3756 3.32954 3.28251 3.23432 3.1848 3.13373 3.08094 3.02628 2.9697 2.91127 2.85127 2.79023 2.72907 2.66916 2.61249 2.56166 2.51989 2.49079 2.47779 2.4834 2.50844 2.55182 2.61088 2.68218 2.76217 2.84768 2.93607 3.02527 3.11372 3.20026 3.28408 3.36462 3.4415 3.51449
4.38527 4.37235 4.35839 4.34336 4.32723 4.30996 4.29151 4.27187 4.251 4.22888 4.20548 4.18079 4.15479 4.12748 4.09886 4.06894 4.03773 4.00526 3.97156 3.93669 3.9007 3.86365 3.82562 3.78667 3.7469 3.70639 3.66521 3.62342 3.58109 3.53823 3.49486 3.45093 3.40637 3.36106 3.31484 3.26749 3.21877 3.16838 3.11604 3.06144 3.00433 2.94451 2.88192 2.81668 2.74921 2.68031 2.61135 2.54438 2.4824 2.4294 2.39023 2.36997 2.37259 2.39946 2.44879 2.51646 2.59755 2.68743 2.78228 2.87916 2.97591 3.07096 3.16326 3.25206 3.33691 3.41752 3.49374
4.38334 4.37014 4.35588 4.34052 4.32403 4.30637 4.28751 4.26741 4.24605 4.22339 4.19942 4.17412 4.14747 4.11947 4.09012 4.05943 4.02742 3.99412 3.95958 3.92383 3.88696 3.84903 3.81013 3.77034 3.72977 3.68852 3.64666 3.60428 3.56145 3.51819 3.47451 3.43037 3.38568 3.34028 3.29397 3.2465 3.19754 3.14672 3.09366 3.03794 2.97918 2.91706 2.85135 2.782 2.70924 2.6337 2.55658 2.47987 2.4067 2.34166 2.291 2.26215 2.26168 2.29196 2.34971 2.42826 2.52068 2.62121 2.72557 2.83072 2.93455 3.03566 3.13309 3.22627 3.31484 3.39863 3.47759
4.38118 4.36768 4.35308 4.33735 4.32045 4.30235 4.283 4.26237 4.24044 4.21716 4.19252 4.16649 4.13906 4.11022 4.07998 4.04834 4.01532 3.98097 3.94532 3.90843 3.87038 3.83126 3.79116 3.75019 3.70846 3.6661 3.62321 3.5799 3.53625 3.49232 3.44812 3.40361 3.35871 3.31326 3.26702 3.21969 3.1709 3.12021 3.06714 3.01119 2.95186 2.88867 2.82127 2.74942 2.67317 2.59291 2.50957 2.42492 2.3419 2.26524 2.20218 2.16299 2.15906 2.19499 2.26395 2.35498 2.45899 2.56955 2.68235 2.79453 2.9042 3.01016 3.11164 3.2082 3.29962 3.38582 3.46681
4.37882 4.36498 4.35001 4.33388 4.31653 4.29794 4.27805 4.25683 4.23425 4.21026 4.18485 4.15798 4.12964 4.09982 4.06852 4.03575 4.00152 3.96588 3.92888 3.89057 3.85105 3.81041 3.76876 3.72624 3.68298 3.63913 3.59483 3.55022 3.50542 3.46052 3.41556 3.37055 3.32539 3.27994 3.23395 3.18711 3.13898 3.0891 3.03689 2.98177 2.92314 2.86042 2.79312 2.72088 2.64355 2.56135 2.47499 2.38592 2.29674 2.21177 2.13808 2.08737 2.07893 2.12389 2.20554 2.30775 2.42082 2.53863 2.65722 2.77404 2.88746 2.99646 3.10044 3.19907 3.2922 3.37983 3.46203
4.37631 4.36211 4.34675 4.33017 4.31234 4.29321 4.27273 4.25086 4.22756 4.20279 4.17651 4.1487 4.11934 4.0884 4.05588 4.0218 3.98616 3.94902 3.9104 3.8704 3.8291 3.7866 3.74305 3.69859 3.6534 3.60764 3.56152 3.51521 3.46889 3.4227 3.37672 3.33102 3.28554 3.24015 3.19464 3.14866 3.10178 3.05345 3.00308 2.95 2.89354 2.83303 2.76789 2.69769 2.62221 2.54156 2.45635 2.36795 2.27879 2.19299 2.11722 2.06247 2.05096 2.10341 2.19076 2.29702 2.41306 2.53311 2.65342 2.77158 2.88604 2.99587 3.1005 3.19964 3.29319 3.38115 3.46362
