data/70064_lisa.smith_molt/70064_lisa.smith_molt/stdkrig.asc
ncols 531
nrows 319
xllcorner -106.19999694824219
yllcorner 23.01666515142109
cellsize 0.0833333333
NODATA_value -9999
[rows 240 to 269 of 319, columns 402 to 468 of 531]
4.59974 4.59989 4.60003 4.60015 4.60025 4.60034 4.60042 4.60048 4.60053 4.60056 4.60057 4.60058 4.60056 4.60053 4.60048 4.60042 4.60033 4.60023 4.60011 4.59996 4.5998 4.59961 4.5994 4.59916 4.5989 4.5986 4.59828 4.59793 4.59754 4.59712 4.59666 4.59616 4.59562 4.59504 4.59441 4.59373 4.593 4.59222 4.59138 4.59048 4.58951 4.58849 4.58739 4.58621 4.58497 4.58364 4.58223 4.58073 4.57914 4.57746 4.57568 4.57381 4.57183 4.56974 4.56755 4.56524 4.56282 4.56029 4.55764 4.55487 4.55198 4.54898 4.54586 4.54263 4.53928 4.53583 4.53227
4.60002 4.60017 4.60029 4.60041 4.60051 4.60059 4.60066 4.60072 4.60076 4.60079 4.60081 4.60081 4.60079 4.60076 4.60071 4.60065 4.60057 4.60047 4.60035 4.60022 4.60006 4.59988 4.59968 4.59945 4.5992 4.59893 4.59862 4.59829 4.59792 4.59753 4.59709 4.59662 4.59612 4.59557 4.59498 4.59434 4.59366 4.59292 4.59214 4.5913 4.5904 4.58943 4.58841 4.58732 4.58615 4.58492 4.58361 4.58222 4.58074 4.57919 4.57754 4.5758 4.57397 4.57204 4.57002 4.56789 4.56567 4.56334 4.5609 4.55836 4.55572 4.55297 4.55011 4.54716 4.54411 4.54096 4.53772
4.60028 4.60042 4.60054 4.60065 4.60074 4.60082 4.60089 4.60094 4.60099 4.60101 4.60103 4.60102 4.60101 4.60098 4.60093 4.60087 4.6008 4.6007 4.60059 4.60046 4.60031 4.60014 4.59995 4.59974 4.5995 4.59924 4.59895 4.59863 4.59829 4.59792 4.59751 4.59707 4.59659 4.59608 4.59552 4.59493 4.59429 4.5936 4.59286 4.59208 4.59124 4.59034 4.58939 4.58837 4.58729 4.58614 4.58492 4.58363 4.58227 4.58082 4.5793 4.5777 4.57601 4.57423 4.57236 4.57041 4.56836 4.56622 4.56398 4.56165 4.55923 4.55671 4.55411 4.55141 4.54863 4.54576 4.54281
4.60052 4.60065 4.60076 4.60087 4.60096 4.60104 4.6011 4.60115 4.60119 4.60122 4.60123 4.60123 4.60121 4.60118 4.60114 4.60108 4.60101 4.60092 4.60081 4.60069 4.60055 4.60039 4.6002 4.6 4.59978 4.59953 4.59926 4.59896 4.59864 4.59829 4.59791 4.59749 4.59705 4.59656 4.59604 4.59549 4.59489 4.59425 4.59356 4.59283 4.59204 4.59121 4.59032 4.58938 4.58837 4.58731 4.58618 4.58498 4.58372 4.58238 4.58098 4.57949 4.57793 4.5763 4.57458 4.57278 4.5709 4.56893 4.56688 4.56475 4.56253 4.56023 4.55785 4.55539 4.55286 4.55025 4.54757
4.60073 4.60086 4.60097 4.60107 4.60116 4.60123 4.6013 4.60134 4.60138 4.60141 4.60142 4.60142 4.6014 4.60137 4.60133 4.60128 4.60121 4.60112 4.60102 4.6009 4.60077 4.60062 4.60045 4.60026 4.60005 4.59981 4.59956 4.59928 4.59898 4.59865 4.59829 4.5979 4.59748 4.59703 4.59654 4.59602 4.59546 4.59487 4.59423 4.59354 4.59281 4.59204 4.59121 4.59033 4.5894 4.58841 4.58737 4.58626 4.58509 4.58386 4.58256 4.58119 4.57976 4.57825 4.57667 4.57502 4.57329 4.57149 4.56961 4.56766 4.56563 4.56353 4.56136 4.55912 4.55681 4.55444 4.552
4.60093 4.60105 4.60116 4.60126 4.60134 4.60142 4.60148 4.60152 4.60156 4.60158 4.60159 4.60159 4.60158 4.60155 4.60152 4.60146 4.6014 4.60132 4.60122 4.60111 4.60098 4.60084 4.60068 4.6005 4.6003 4.60008 4.59984 4.59958 4.5993 4.59899 4.59865 4.59829 4.5979 4.59747 4.59702 4.59653 4.59601 4.59546 4.59486 4.59422 4.59355 4.59282 4.59206 4.59124 4.59038 4.58946 4.5885 4.58747 4.58639 4.58526 4.58406 4.5828 4.58148 4.58009 4.57864 4.57712 4.57554 4.57389 4.57217 4.57038 4.56853 4.56662 4.56464 4.5626 4.5605 4.55834 4.55613
4.60111 4.60123 4.60134 4.60143 4.60152 4.60159 4.60164 4.60169 4.60172 4.60175 4.60176 4.60176 4.60175 4.60172 4.60169 4.60164 4.60157 4.6015 4.60141 4.60131 4.60119 4.60105 4.6009 4.60073 4.60055 4.60034 4.60012 4.59987 4.5996 4.59931 4.599 4.59866 4.59829 4.5979 4.59748 4.59702 4.59654 4.59602 4.59546 4.59487 4.59424 4.59357 4.59286 4.59211 4.59131 4.59046 4.58957 4.58862 4.58763 4.58658 4.58547 4.58431 4.5831 4.58183 4.58049 4.5791 4.57765 4.57614 4.57457 4.57294 4.57125 4.5695 4.5677 4.56584 4.56393 4.56198 4.55997
4.60128 4.6014 4.6015 4.60159 4.60167 4.60174 4.6018 4.60184 4.60188 4.6019 4.60191 4.60191 4.6019 4.60188 4.60185 4.6018 4.60174 4.60167 4.60159 4.60149 4.60138 4.60125 4.60111 4.60095 4.60078 4.60058 4.60037 4.60014 4.59989 4.59962 4.59933 4.59901 4.59867 4.5983 4.59791 4.59749 4.59704 4.59655 4.59604 4.59549 4.5949 4.59428 4.59363 4.59293 4.59219 4.5914 4.59058 4.58971 4.58879 4.58782 4.58681 4.58574 4.58462 4.58346 4.58223 4.58096 4.57963 4.57825 4.57681 4.57533 4.57379 4.57219 4.57055 4.56886 4.56713 4.56535 4.56354
4.60143 4.60155 4.60165 4.60174 4.60182 4.60189 4.60194 4.60199 4.60202 4.60204 4.60206 4.60206 4.60205 4.60203 4.602 4.60195 4.6019 4.60183 4.60176 4.60166 4.60156 4.60144 4.60131 4.60116 4.601 4.60082 4.60062 4.6004 4.60017 4.59992 4.59964 4.59935 4.59903 4.59869 4.59832 4.59793 4.59751 4.59706 4.59658 4.59607 4.59553 4.59496 4.59435 4.5937 4.59302 4.5923 4.59153 4.59073 4.58988 4.589 4.58806 4.58708 4.58606 4.58499 4.58387 4.5827 4.58148 4.58022 4.57891 4.57755 4.57615 4.5747 4.57321 4.57168 4.5701 4.56849 4.56684
4.60157 4.60169 4.60179 4.60188 4.60195 4.60202 4.60207 4.60212 4.60215 4.60218 4.60219 4.60219 4.60218 4.60217 4.60214 4.6021 4.60205 4.60199 4.60191 4.60183 4.60173 4.60162 4.6015 4.60136 4.6012 4.60104 4.60085 4.60065 4.60043 4.6002 4.59994 4.59967 4.59937 4.59905 4.59871 4.59835 4.59796 4.59754 4.5971 4.59663 4.59613 4.59559 4.59503 4.59443 4.5938 4.59314 4.59243 4.59169 4.59092 4.5901 4.58924 4.58834 4.5874 4.58642 4.5854 4.58433 4.58322 4.58207 4.58087 4.57963 4.57836 4.57704 4.57568 4.57429 4.57286 4.5714 4.56991
4.6017 4.60181 4.60191 4.602 4.60208 4.60214 4.6022 4.60224 4.60228 4.6023 4.60231 4.60232 4.60231 4.6023 4.60227 4.60224 4.60219 4.60213 4.60206 4.60198 4.60189 4.60179 4.60167 4.60155 4.6014 4.60125 4.60107 4.60089 4.60068 4.60046 4.60023 4.59997 4.5997 4.5994 4.59908 4.59875 4.59838 4.598 4.59759 4.59715 4.59669 4.5962 4.59568 4.59512 4.59454 4.59393 4.59328 4.5926 4.59189 4.59114 4.59035 4.58952 4.58866 4.58776 4.58683 4.58585 4.58484 4.58379 4.5827 4.58157 4.58041 4.57921 4.57798 4.57671 4.57542 4.57409 4.57274
4.60182 4.60193 4.60203 4.60212 4.60219 4.60226 4.60231 4.60236 4.60239 4.60242 4.60243 4.60244 4.60243 4.60242 4.6024 4.60236 4.60232 4.60227 4.6022 4.60213 4.60205 4.60195 4.60184 4.60172 4.60159 4.60144 4.60128 4.60111 4.60092 4.60072 4.6005 4.60026 4.6 4.59973 4.59943 4.59912 4.59879 4.59843 4.59805 4.59765 4.59722 4.59676 4.59628 4.59578 4.59524 4.59467 4.59408 4.59345 4.5928 4.59211 4.59139 4.59063 4.58984 4.58902 4.58816 4.58727 4.58635 4.58539 4.5844 4.58337 4.58231 4.58122 4.58011 4.57896 4.57778 4.57659 4.57537
4.60193 4.60204 4.60214 4.60222 4.6023 4.60236 4.60242 4.60246 4.6025 4.60252 4.60254 4.60255 4.60254 4.60253 4.60251 4.60248 4.60244 4.6024 4.60234 4.60227 4.60219 4.6021 4.602 4.60189 4.60177 4.60163 4.60148 4.60132 4.60115 4.60096 4.60075 4.60053 4.60029 4.60004 4.59977 4.59948 4.59917 4.59884 4.59848 4.59811 4.59772 4.5973 4.59686 4.59639 4.59589 4.59537 4.59483 4.59425 4.59365 4.59302 4.59236 4.59167 4.59094 4.59019 4.58941 4.5886 4.58775 4.58688 4.58598 4.58504 4.58408 4.58309 4.58208 4.58104 4.57998 4.57889 4.57779
4.60203 4.60214 4.60224 4.60232 4.6024 4.60246 4.60252 4.60256 4.6026 4.60262 4.60264 4.60265 4.60265 4.60264 4.60262 4.6026 4.60256 4.60252 4.60246 4.6024 4.60233 4.60225 4.60215 4.60205 4.60193 4.60181 4.60167 4.60152 4.60136 4.60118 4.60099 4.60079 4.60057 4.60033 4.60008 4.59981 4.59952 4.59922 4.5989 4.59855 4.59819 4.5978 4.59739 4.59696 4.59651 4.59603 4.59553 4.595 4.59445 4.59387 4.59326 4.59263 4.59197 4.59129 4.59057 4.58983 4.58906 4.58827 4.58744 4.5866 4.58572 4.58483 4.58391 4.58296 4.582 4.58102 4.58002
4.60213 4.60223 4.60233 4.60241 4.60249 4.60255 4.60261 4.60265 4.60269 4.60272 4.60273 4.60274 4.60275 4.60274 4.60273 4.6027 4.60267 4.60263 4.60258 4.60252 4.60246 4.60238 4.60229 4.6022 4.60209 4.60198 4.60185 4.60171 4.60156 4.6014 4.60122 4.60103 4.60083 4.60061 4.60038 4.60013 4.59986 4.59958 4.59928 4.59896 4.59863 4.59827 4.5979 4.5975 4.59709 4.59665 4.59619 4.5957 4.5952 4.59467 4.59411 4.59353 4.59293 4.5923 4.59165 4.59098 4.59028 4.58955 4.58881 4.58804 4.58724 4.58643 4.5856 4.58474 4.58387 4.58298 4.58208
4.60221 4.60232 4.60242 4.6025 4.60257 4.60264 4.60269 4.60274 4.60277 4.6028 4.60282 4.60283 4.60284 4.60283 4.60282 4.6028 4.60277 4.60274 4.60269 4.60264 4.60258 4.60251 4.60243 4.60234 4.60224 4.60213 4.60202 4.60189 4.60175 4.6016 4.60143 4.60126 4.60107 4.60087 4.60065 4.60043 4.60018 4.59992 4.59965 4.59935 4.59904 4.59872 4.59837 4.59801 4.59763 4.59722 4.5968 4.59636 4.59589 4.59541 4.5949 4.59437 4.59382 4.59325 4.59266 4.59204 4.59141 4.59075 4.59007 4.58937 4.58865 4.58791 4.58716 4.58639 4.5856 4.5848 4.58398
4.60229 4.6024 4.60249 4.60258 4.60265 4.60272 4.60277 4.60282 4.60285 4.60288 4.6029 4.60292 4.60292 4.60292 4.60291 4.60289 4.60287 4.60284 4.6028 4.60275 4.60269 4.60263 4.60256 4.60247 4.60238 4.60228 4.60217 4.60206 4.60193 4.60179 4.60164 4.60147 4.6013 4.60112 4.60092 4.60071 4.60048 4.60024 4.59999 4.59972 4.59943 4.59913 4.59882 4.59848 4.59813 4.59776 4.59738 4.59697 4.59655 4.5961 4.59564 4.59516 4.59466 4.59413 4.59359 4.59303 4.59245 4.59186 4.59124 4.5906 4.58995 4.58928 4.5886 4.5879 4.58719 4.58646 4.58573
4.60237 4.60247 4.60257 4.60265 4.60272 4.60279 4.60284 4.60289 4.60293 4.60296 4.60298 4.603 4.603 4.603 4.603 4.60298 4.60296 4.60293 4.6029 4.60285 4.6028 4.60274 4.60267 4.6026 4.60252 4.60242 4.60232 4.60221 4.60209 4.60197 4.60183 4.60168 4.60152 4.60135 4.60116 4.60097 4.60076 4.60054 4.60031 4.60006 4.5998 4.59952 4.59923 4.59893 4.5986 4.59827 4.59791 4.59754 4.59715 4.59675 4.59632 4.59588 4.59543 4.59495 4.59446 4.59395 4.59342 4.59288 4.59232 4.59175 4.59115 4.59055 4.58993 4.5893 4.58865 4.588 4.58734
4.60243 4.60254 4.60263 4.60272 4.60279 4.60286 4.60291 4.60296 4.603 4.60303 4.60305 4.60307 4.60308 4.60308 4.60308 4.60306 4.60305 4.60302 4.60299 4.60295 4.6029 4.60285 4.60279 4.60272 4.60264 4.60256 4.60246 4.60236 4.60225 4.60213 4.60201 4.60187 4.60172 4.60156 4.60139 4.60121 4.60102 4.60082 4.60061 4.60038 4.60014 4.59989 4.59962 4.59934 4.59904 4.59873 4.59841 4.59807 4.59772 4.59735 4.59696 4.59656 4.59614 4.59571 4.59526 4.5948 4.59432 4.59383 4.59332 4.5928 4.59226 4.59172 4.59116 4.59058 4.59 4.58941 4.58881
4.6025 4.6026 4.6027 4.60278 4.60285 4.60292 4.60298 4.60302 4.60306 4.6031 4.60312 4.60314 4.60315 4.60315 4.60315 4.60314 4.60313 4.6031 4.60307 4.60304 4.603 4.60295 4.60289 4.60283 4.60276 4.60268 4.6026 4.6025 4.6024 4.60229 4.60217 4.60205 4.60191 4.60177 4.60161 4.60145 4.60127 4.60108 4.60089 4.60068 4.60046 4.60023 4.59998 4.59973 4.59946 4.59917 4.59888 4.59857 4.59824 4.5979 4.59755 4.59719 4.59681 4.59642 4.59601 4.59559 4.59515 4.5947 4.59424 4.59377 4.59329 4.59279 4.59228 4.59177 4.59124 4.59071 4.59017
4.60256 4.60266 4.60275 4.60284 4.60291 4.60298 4.60303 4.60308 4.60312 4.60316 4.60318 4.6032 4.60321 4.60322 4.60322 4.60321 4.6032 4.60318 4.60316 4.60312 4.60309 4.60304 4.60299 4.60293 4.60287 4.6028 4.60272 4.60263 4.60254 4.60244 4.60233 4.60222 4.60209 4.60196 4.60181 4.60166 4.6015 4.60133 4.60115 4.60096 4.60076 4.60054 4.60032 4.60009 4.59984 4.59958 4.59931 4.59903 4.59873 4.59842 4.5981 4.59777 4.59742 4.59707 4.5967 4.59631 4.59592 4.59551 4.5951 4.59467 4.59423 4.59378 4.59332 4.59286 4.59238 4.5919 4.59142
4.60261 4.60271 4.60281 4.60289 4.60297 4.60303 4.60309 4.60314 4.60318 4.60321 4.60324 4.60326 4.60328 4.60328 4.60329 4.60328 4.60327 4.60325 4.60323 4.6032 4.60317 4.60313 4.60308 4.60303 4.60297 4.60291 4.60284 4.60276 4.60267 4.60258 4.60248 4.60237 4.60226 4.60214 4.60201 4.60187 4.60172 4.60156 4.6014 4.60122 4.60104 4.60084 4.60064 4.60042 4.60019 4.59996 4.59971 4.59945 4.59918 4.5989 4.59861 4.59831 4.59799 4.59767 4.59733 4.59699 4.59663 4.59626 4.59588 4.5955 4.5951 4.59469 4.59428 4.59386 4.59343 4.593 4.59256
4.60266 4.60276 4.60286 4.60294 4.60302 4.60308 4.60314 4.60319 4.60323 4.60327 4.6033 4.60332 4.60333 4.60334 4.60335 4.60334 4.60334 4.60332 4.6033 4.60328 4.60325 4.60321 4.60317 4.60312 4.60307 4.60301 4.60294 4.60287 4.60279 4.60271 4.60262 4.60252 4.60242 4.6023 4.60218 4.60206 4.60192 4.60178 4.60162 4.60146 4.60129 4.60112 4.60093 4.60073 4.60053 4.60031 4.60008 4.59985 4.5996 4.59935 4.59908 4.59881 4.59852 4.59823 4.59792 4.59761 4.59728 4.59695 4.59661 4.59626 4.5959 4.59553 4.59516 4.59478 4.59439 4.594 4.59361
4.60271 4.60281 4.60291 4.60299 4.60306 4.60313 4.60319 4.60324 4.60328 4.60332 4.60335 4.60337 4.60339 4.6034 4.6034 4.6034 4.6034 4.60339 4.60337 4.60335 4.60332 4.60329 4.60325 4.60321 4.60316 4.60311 4.60305 4.60298 4.60291 4.60283 4.60275 4.60266 4.60256 4.60246 4.60235 4.60223 4.60211 4.60198 4.60184 4.60169 4.60154 4.60137 4.6012 4.60102 4.60083 4.60064 4.60043 4.60022 4.59999 4.59976 4.59952 4.59927 4.59901 4.59874 4.59847 4.59818 4.59789 4.59758 4.59727 4.59696 4.59663 4.5963 4.59596 4.59562 4.59527 4.59492 4.59457
4.60275 4.60286 4.60295 4.60303 4.60311 4.60317 4.60323 4.60328 4.60333 4.60336 4.60339 4.60342 4.60344 4.60345 4.60346 4.60346 4.60345 4.60345 4.60343 4.60341 4.60339 4.60336 4.60333 4.60329 4.60325 4.6032 4.60314 4.60308 4.60302 4.60295 4.60287 4.60279 4.6027 4.60261 4.6025 4.6024 4.60228 4.60216 4.60204 4.6019 4.60176 4.60161 4.60146 4.60129 4.60112 4.60094 4.60075 4.60056 4.60035 4.60014 4.59992 4.5997 4.59946 4.59922 4.59897 4.59871 4.59844 4.59817 4.59789 4.5976 4.59731 4.59701 4.5967 4.59639 4.59608 4.59576 4.59544
4.60279 4.6029 4.60299 4.60307 4.60315 4.60322 4.60327 4.60333 4.60337 4.60341 4.60344 4.60346 4.60348 4.6035 4.60351 4.60351 4.60351 4.6035 4.60349 4.60348 4.60346 4.60343 4.6034 4.60336 4.60333 4.60328 4.60323 4.60318 4.60312 4.60305 4.60298 4.60291 4.60283 4.60274 4.60265 4.60255 4.60245 4.60234 4.60222 4.6021 4.60197 4.60183 4.60169 4.60154 4.60139 4.60122 4.60105 4.60087 4.60069 4.6005 4.6003 4.60009 4.59988 4.59966 4.59943 4.59919 4.59895 4.59871 4.59845 4.59819 4.59793 4.59766 4.59738 4.5971 4.59682 4.59654 4.59625
4.60283 4.60293 4.60303 4.60311 4.60319 4.60325 4.60331 4.60336 4.60341 4.60345 4.60348 4.60351 4.60353 4.60354 4.60355 4.60356 4.60356 4.60356 4.60355 4.60353 4.60352 4.60349 4.60347 4.60344 4.6034 4.60336 4.60331 4.60327 4.60321 4.60315 4.60309 4.60302 4.60295 4.60287 4.60278 4.60269 4.6026 4.6025 4.60239 4.60228 4.60216 4.60204 4.60191 4.60177 4.60163 4.60148 4.60133 4.60116 4.601 4.60082 4.60064 4.60045 4.60026 4.60006 4.59985 4.59964 4.59942 4.5992 4.59897 4.59874 4.5985 4.59825 4.59801 4.59775 4.5975 4.59724 4.59698
4.60287 4.60297 4.60306 4.60315 4.60322 4.60329 4.60335 4.6034 4.60345 4.60349 4.60352 4.60355 4.60357 4.60359 4.6036 4.6036 4.60361 4.6036 4.6036 4.60359 4.60357 4.60355 4.60353 4.6035 4.60347 4.60343 4.60339 4.60335 4.6033 4.60325 4.60319 4.60313 4.60306 4.60299 4.60291 4.60283 4.60274 4.60265 4.60255 4.60245 4.60234 4.60223 4.60211 4.60199 4.60186 4.60172 4.60158 4.60143 4.60128 4.60112 4.60096 4.60079 4.60061 4.60043 4.60024 4.60005 4.59986 4.59965 4.59945 4.59923 4.59902 4.5988 4.59858 4.59835 4.59812 4.59789 4.59765
4.6029 4.603 4.6031 4.60318 4.60326 4.60332 4.60338 4.60344 4.60348 4.60352 4.60356 4.60358 4.60361 4.60362 4.60364 4.60365 4.60365 4.60365 4.60365 4.60364 4.60362 4.60361 4.60359 4.60356 4.60353 4.6035 4.60347 4.60343 4.60338 4.60333 4.60328 4.60322 4.60316 4.6031 4.60303 4.60295 4.60287 4.60279 4.6027 4.60261 4.60251 4.60241 4.6023 4.60219 4.60207 4.60195 4.60182 4.60168 4.60154 4.6014 4.60125 4.6011 4.60094 4.60077 4.6006 4.60043 4.60025 4.60007 4.59988 4.59969 4.5995 4.5993 4.5991 4.59889 4.59869 4.59848 4.59827
4.60293 4.60304 4.60313 4.60321 4.60329 4.60336 4.60342 4.60347 4.60351 4.60355 4.60359 4.60362 4.60364 4.60366 4.60368 4.60369 4.60369 4.60369 4.60369 4.60368 4.60367 4.60366 4.60364 4.60362 4.6036 4.60357 4.60353 4.6035 4.60346 4.60341 4.60337 4.60331 4.60326 4.6032 4.60314 4.60307 4.603 4.60292 4.60284 4.60275 4.60267 4.60257 4.60247 4.60237 4.60226 4.60215 4.60203 4.60191 4.60179 4.60166 4.60152 4.60138 4.60124 4.60109 4.60094 4.60078 4.60062 4.60045 4.60028 4.60011 4.59993 4.59976 4.59957 4.59939 4.59921 4.59902 4.59883
