data/70064_lisa.smith_molt/70064_lisa.smith_molt/stdkrig.asc
ncols 531
nrows 319
xllcorner -106.19999694824219
yllcorner 23.01666515142109
cellsize 0.0833333333
NODATA_value -9999
[rows 30 to 59 of 319, columns 335 to 401 of 531]
4.32596 4.31461 4.30268 4.29019 4.27712 4.26349 4.24928 4.2345 4.21915 4.20325 4.18678 4.16977 4.15222 4.13413 4.11552 4.09641 4.07679 4.05669 4.03612 4.01508 3.99361 3.97171 3.9494 3.92669 3.90361 3.88017 3.85641 3.83235 3.80803 3.7835 3.75881 3.73404 3.70926 3.68458 3.66013 3.63605 3.61251 3.58971 3.56787 3.54723 3.52804 3.51059 3.49514 3.48198 3.47136 3.4635 3.45861 3.45683 3.45826 3.46292 3.47079 3.48176 3.4957 3.5124 3.53162 3.5531 3.57657 3.60171 3.62825 3.6559 3.68439 3.71347 3.74292 3.77252 3.80211 3.83151 3.8606
4.31002 4.29785 4.28505 4.27164 4.2576 4.24294 4.22766 4.21175 4.19523 4.17809 4.16034 4.14199 4.12306 4.10354 4.08345 4.06281 4.04163 4.01992 3.9977 3.97498 3.95178 3.92812 3.904 3.87945 3.85448 3.82911 3.80336 3.77726 3.75084 3.72413 3.69718 3.67007 3.64286 3.61567 3.58862 3.56186 3.53559 3.51 3.48537 3.46196 3.44009 3.42008 3.40229 3.38704 3.37468 3.36549 3.35973 3.3576 3.3592 3.36458 3.3737 3.38643 3.40258 3.42189 3.44405 3.46874 3.49558 3.52424 3.55435 3.58558 3.61761 3.65016 3.68298 3.71583 3.74852 3.78088 3.81278
4.29356 4.28052 4.26682 4.25244 4.23737 4.22163 4.20521 4.18811 4.17033 4.15188 4.13277 4.113 4.09259 4.07154 4.04988 4.02762 4.00477 3.98135 3.95738 3.93288 3.90785 3.88233 3.85632 3.82984 3.8029 3.77552 3.74772 3.7195 3.6909 3.66193 3.63265 3.60311 3.57337 3.54353 3.51372 3.48409 3.45484 3.42621 3.39847 3.37195 3.34702 3.32408 3.30354 3.28585 3.27141 3.26063 3.25381 3.25123 3.25303 3.25928 3.26989 3.28472 3.3035 3.32589 3.35149 3.37989 3.41064 3.44329 3.47742 3.51264 3.54858 3.58492 3.62138 3.65771 3.69371 3.72919 3.76403
4.2766 4.26267 4.248 4.23261 4.21647 4.19959 4.18197 4.1636 4.14449 4.12466 4.10409 4.08281 4.06083 4.03816 4.01482 3.99082 3.9662 3.94096 3.91513 3.88873 3.86178 3.8343 3.80631 3.77782 3.74884 3.71938 3.68945 3.65907 3.62824 3.59699 3.56532 3.53329 3.50095 3.46837 3.43568 3.40303 3.3706 3.33867 3.30752 3.27754 3.24914 3.22282 3.19909 3.1785 3.16159 3.14887 3.14077 3.13763 3.13966 3.14693 3.15936 3.1767 3.19862 3.22466 3.2543 3.28701 3.32222 3.35939 3.39803 3.43765 3.47787 3.5183 3.55865 3.59866 3.63812 3.67684 3.71471
4.25918 4.24432 4.22866 4.2122 4.19494 4.17686 4.15797 4.13827 4.11776 4.09645 4.07435 4.05146 4.0278 4.0034 3.97826 3.95242 3.9259 3.89873 3.87092 3.84251 3.81353 3.78399 3.75391 3.72332 3.69223 3.66064 3.62856 3.59598 3.56291 3.52935 3.49531 3.46079 3.42583 3.39049 3.35487 3.31909 3.28335 3.24789 3.21306 3.17926 3.14698 3.1168 3.08936 3.06535 3.04546 3.03038 3.02069 3.01685 3.01915 3.02767 3.04229 3.06269 3.08837 3.11874 3.15312 3.1908 3.2311 3.27335 3.31696 3.3614 3.40621 3.451 3.49544 3.53927 3.58228 3.62431 3.66523
4.24136 4.22553 4.20883 4.19127 4.17283 4.1535 4.13329 4.11219 4.0902 4.06733 4.04359 4.019 3.99356 3.96731 3.94026 3.91245 3.8839 3.85465 3.82474 3.79419 3.76305 3.73133 3.69907 3.6663 3.63302 3.59925 3.56498 3.53021 3.49493 3.45911 3.42274 3.3858 3.34831 3.31027 3.27174 3.23284 3.19372 3.15463 3.1159 3.07797 3.0414 3.00686 2.97512 2.94707 2.92361 2.90564 2.89397 2.88925 2.89185 2.90191 2.91922 2.94333 2.97355 3.00906 3.04896 3.09236 3.13839 3.18627 3.23531 3.2849 3.33456 3.38387 3.43251 3.48022 3.5268 3.57211 3.61606
4.22318 4.20636 4.1886 4.16989 4.15023 4.1296 4.108 4.08543 4.06189 4.03738 4.01191 3.9855 3.95818 3.92996 3.90087 3.87095 3.84023 3.80877 3.7766 3.74376 3.71031 3.67629 3.64174 3.60668 3.57115 3.53515 3.49869 3.46174 3.4243 3.38632 3.34775 3.30855 3.26869 3.22812 3.18688 3.14499 3.10259 3.05988 3.01717 2.97492 2.93371 2.89432 2.85769 2.82489 2.79712 2.7756 2.76145 2.75557 2.75854 2.7705 2.79115 2.81981 2.85551 2.8971 2.9434 2.99328 3.04566 3.09965 3.15446 3.20944 3.26407 3.31795 3.37077 3.42229 3.47234 3.52082 3.56765
4.20472 4.18688 4.16802 4.14815 4.12722 4.10525 4.08221 4.05811 4.03294 4.0067 3.97942 3.9511 3.92176 3.89144 3.86018 3.828 3.79496 3.76112 3.72652 3.69124 3.65533 3.61885 3.58186 3.5444 3.50653 3.46825 3.42958 3.39051 3.351 3.311 3.27044 3.22924 3.1873 3.14455 3.10092 3.05639 3.01101 2.96492 2.91837 2.87179 2.82578 2.78118 2.73907 2.70079 2.66787 2.64196 2.62464 2.61727 2.62066 2.63503 2.65987 2.69414 2.73642 2.78514 2.83873 2.89577 2.95501 3.01542 3.07615 3.13653 3.19607 3.25438 3.31119 3.3663 3.41959 3.47098 3.52046
4.18604 4.16717 4.14721 4.12613 4.10392 4.08056 4.05604 4.03035 4.00349 3.97545 3.94626 3.91592 3.88447 3.85192 3.81833 3.78374 3.74821 3.7118 3.6746 3.63667 3.5981 3.55898 3.51939 3.47939 3.43906 3.39844 3.35755 3.3164 3.27495 3.23314 3.19087 3.14802 3.10445 3.06001 3.01456 2.96797 2.9202 2.87128 2.82137 2.7708 2.72015 2.67025 2.62231 2.57787 2.53888 2.50756 2.48621 2.47683 2.48073 2.49818 2.52832 2.56951 2.61963 2.6765 2.73813 2.8028 2.86909 2.93591 3.0024 3.06793 3.13203 3.19438 3.25477 3.31306 3.36919 3.42313 3.47489
4.16723 4.14733 4.12626 4.10397 4.08045 4.05568 4.02964 4.00232 3.97371 3.94381 3.91263 3.88018 3.84648 3.81158 3.77552 3.73835 3.70015 3.66099 3.62096 3.58017 3.53872 3.49674 3.45433 3.4116 3.36867 3.3256 3.28246 3.23927 3.19601 3.15262 3.10899 3.06497 3.02036 2.97494 2.92846 2.8807 2.83148 2.78069 2.72835 2.67466 2.62007 2.56534 2.51168 2.46078 2.41495 2.37711 2.35055 2.33844 2.34295 2.36443 2.40135 2.45094 2.51008 2.57585 2.64582 2.71805 2.79107 2.8638 2.93543 3.00543 3.07341 3.13912 3.20244 3.26331 3.3217 3.37766 3.43125
4.14838 4.12747 4.10528 4.08179 4.05696 4.03077 4.00319 3.9742 3.94381 3.91199 3.87875 3.8441 3.80807 3.7707 3.73202 3.69211 3.65104 3.60891 3.56583 3.52193 3.47734 3.43223 3.38674 3.34105 3.29529 3.24962 3.20414 3.15892 3.11397 3.06927 3.02469 2.98006 2.93514 2.88962 2.84317 2.79545 2.74611 2.6949 2.64165 2.58638 2.52935 2.47115 2.41284 2.35608 2.30335 2.25813 2.22498 2.20903 2.21426 2.24119 2.28668 2.34601 2.41472 2.48925 2.5669 2.64573 2.72435 2.8018 2.8774 2.95072 3.02151 3.0896 3.15495 3.21757 3.27751 3.33484 3.38967
4.12959 4.10768 4.08441 4.05972 4.0336 4.00599 3.97688 3.94623 3.91402 3.88025 3.84491 3.80801 3.76956 3.7296 3.68818 3.64537 3.60125 3.55594 3.50956 3.46227 3.41424 3.36568 3.31679 3.26781 3.21895 3.17044 3.12245 3.07514 3.02858 2.9828 2.93769 2.89309 2.84871 2.80418 2.75906 2.71288 2.66515 2.61544 2.5634 2.50885 2.45184 2.39272 2.33233 2.27207 2.21426 2.16239 2.12179 2.10024 2.10628 2.14083 2.19636 2.26528 2.34223 2.42354 2.50669 2.58992 2.67204 2.75225 2.83004 2.9051 2.97726 3.04647 3.11273 3.17612 3.23673 3.29469 3.35012
4.11095 4.08809 4.06377 4.03794 4.01055 3.98156 3.95093 3.91863 3.88463 3.8489 3.81144 3.77224 3.73132 3.68871 3.64444 3.5986 3.55126 3.50255 3.45263 3.40166 3.34987 3.29749 3.24482 3.19215 3.1398 3.08809 3.03732 2.98775 2.93957 2.89288 2.84766 2.80374 2.76083 2.7185 2.67621 2.63334 2.58927 2.54338 2.49517 2.44427 2.39056 2.33423 2.27591 2.21682 2.15896 2.10549 2.06124 2.03401 2.04089 2.08411 2.14655 2.22041 2.30085 2.38456 2.46929 2.5535 2.63615 2.71656 2.7943 2.86916 2.94102 3.00988 3.07579 3.13885 3.1992 3.25697 3.31231
4.09256 4.06881 4.0435 4.01658 3.98798 3.95767 3.92558 3.89168 3.85592 3.81827 3.77872 3.73724 3.69383 3.64852 3.60135 3.55237 3.50169 3.44941 3.39571 3.34078 3.28488 3.22831 3.17141 3.11457 3.05823 3.00284 2.94886 2.89671 2.84674 2.79921 2.75419 2.7116 2.67114 2.63231 2.59447 2.55686 2.51867 2.47914 2.43759 2.39355 2.34678 2.29743 2.24609 2.194 2.14326 2.09717 2.06088 2.04237 2.05153 2.08944 2.14721 2.21707 2.29389 2.37425 2.45583 2.53708 2.61693 2.69471 2.77002 2.84261 2.9124 2.97939 3.04364 3.10526 3.16438 3.22115 3.27571
4.07452 4.04996 4.02374 3.99581 3.96609 3.93454 3.90108 3.86566 3.82823 3.78874 3.74716 3.70345 3.65761 3.60963 3.55955 3.50741 3.4533 3.39734 3.33969 3.28057 3.22025 3.15908 3.09747 3.03592 2.97498 2.91529 2.85748 2.80223 2.75011 2.70161 2.65701 2.61631 2.57925 2.54527 2.51358 2.48323 2.4532 2.42252 2.39038 2.35617 2.31962 2.28089 2.24063 2.20017 2.16173 2.12857 2.10521 2.09701 2.10839 2.13997 2.18835 2.24871 2.31674 2.38916 2.46362 2.53846 2.61256 2.68516 2.75579 2.8242 2.89026 2.95394 3.01529 3.0744 3.1314 3.1864 3.23955
4.0569 4.03162 4.00461 3.97578 3.94506 3.91238 3.87767 3.84087 3.80189 3.76069 3.7172 3.67139 3.62322 3.57268 3.51978 3.46454 3.40703 3.34736 3.28569 3.22222 3.15725 3.09116 3.02441 2.95758 2.89137 2.82661 2.76418 2.70504 2.65015 2.60031 2.55609 2.51773 2.48499 2.45723 2.43342 2.41231 2.3926 2.37304 2.35261 2.33058 2.30662 2.28086 2.25396 2.22722 2.20262 2.18285 2.17116 2.1708 2.18409 2.21155 2.25174 2.30208 2.35971 2.42208 2.48714 2.55334 2.61957 2.68504 2.74925 2.8119 2.87282 2.93196 2.98933 3.04501 3.09908 3.15165 3.20283
4.03978 4.0139 3.98621 3.95662 3.92504 3.89139 3.8556 3.81757 3.77722 3.73449 3.68929 3.64158 3.59128 3.53838 3.48284 3.42468 3.36393 3.30068 3.23506 3.16726 3.09757 3.02636 2.95415 2.88157 2.80945 2.73879 2.67078 2.60675 2.54811 2.49621 2.45211 2.41634 2.38879 2.36862 2.35444 2.34451 2.33704 2.33044 2.32338 2.31499 2.30483 2.29295 2.27992 2.26684 2.25531 2.24732 2.24509 2.25067 2.2655 2.29004 2.32374 2.36527 2.41293 2.465 2.51993 2.57648 2.63368 2.69081 2.74741 2.80315 2.85787 2.9115 2.96403 3.01551 3.06602 3.11562 3.16441
4.02319 3.99686 3.96864 3.93844 3.90617 3.87174 3.83506 3.79602 3.75453 3.71051 3.66387 3.61452 3.56239 3.50741 3.44956 3.38879 3.32512 3.2586 3.18932 3.11744 3.04321 2.96698 2.88926 2.81072 2.73224 2.65499 2.58041 2.51028 2.44662 2.39153 2.34685 2.31374 2.29222 2.28112 2.27834 2.28136 2.28772 2.2953 2.30249 2.30821 2.31192 2.31359 2.31364 2.31294 2.31271 2.3144 2.31955 2.32956 2.34543 2.36763 2.39606 2.43009 2.46881 2.51117 2.55616 2.60289 2.65064 2.69885 2.74713 2.79523 2.84302 2.89044 2.93749 2.98422 3.03068 3.07693 3.12303
4.00717 3.98053 3.95195 3.92133 3.88857 3.85356 3.81622 3.77642 3.73407 3.68907 3.6413 3.59066 3.53708 3.48046 3.42072 3.35782 3.29174 3.22247 3.15007 3.07465 2.99642 2.91567 2.83285 2.74861 2.66383 2.57973 2.49795 2.42063 2.35046 2.29058 2.24415 2.21346 2.19886 2.19847 2.20887 2.2263 2.24739 2.26951 2.2908 2.31005 2.32668 2.34058 2.35209 2.36186 2.37082 2.38007 2.39073 2.40382 2.42014 2.44016 2.46402 2.49154 2.52229 2.55574 2.59132 2.62848 2.66679 2.70588 2.74552 2.78557 2.82596 2.8667 2.90783 2.94941 2.9915 3.03416 3.07741
3.99169 3.96492 3.93616 3.90531 3.87227 3.83694 3.7992 3.75893 3.71603 3.67039 3.62187 3.57039 3.51581 3.45805 3.39701 3.33261 3.26479 3.19353 3.11883 3.04077 2.95948 2.87521 2.78832 2.69939 2.60922 2.51899 2.43032 2.34553 2.26777 2.20128 2.15121 2.12229 2.11574 2.12793 2.15292 2.18524 2.2207 2.25638 2.29033 2.3214 2.34902 2.37309 2.39385 2.41184 2.42779 2.44255 2.45698 2.47189 2.48795 2.50565 2.52526 2.54686 2.57036 2.59558 2.62229 2.65026 2.6793 2.70929 2.74015 2.77191 2.80461 2.83836 2.87326 2.90943 2.94696 2.98591 3.0263
3.97671 3.94998 3.92124 3.89038 3.8573 3.82189 3.78403 3.74361 3.70051 3.65461 3.60579 3.55392 3.49889 3.44059 3.37892 3.31376 3.24506 3.17276 3.09684 3.01734 2.93436 2.84808 2.75882 2.66708 2.57356 2.47934 2.38592 2.29547 2.21114 2.13747 2.0814 2.05274 2.05602 2.08219 2.12118 2.16641 2.2136 2.25994 2.30365 2.34368 2.37953 2.41109 2.43856 2.46236 2.48307 2.50136 2.51792 2.53342 2.54845 2.56347 2.57885 2.59481 2.61149 2.62895 2.6472 2.66629 2.68624 2.70717 2.72919 2.75249 2.77728 2.80378 2.83223 2.86282 2.8957 2.93094 2.96855
3.96214 3.93564 3.90711 3.87646 3.84358 3.80836 3.77068 3.73043 3.68749 3.64175 3.59307 3.54134 3.48644 3.42825 3.36668 3.30161 3.23298 3.16073 3.08484 3.00534 2.92231 2.83595 2.74656 2.6546 2.56079 2.46615 2.37216 2.28092 2.19544 2.12003 2.06125 2.03184 2.04427 2.07913 2.12569 2.17773 2.23122 2.28347 2.33276 2.37806 2.41882 2.45489 2.48635 2.51352 2.53682 2.55677 2.57392 2.58882 2.60198 2.61384 2.6248 2.63517 2.64521 2.65514 2.66518 2.67556 2.68652 2.69837 2.71143 2.72607 2.74271 2.76173 2.78351 2.80837 2.83654 2.86815 2.9032
3.94788 3.92178 3.89366 3.86344 3.83099 3.79622 3.75902 3.71927 3.67686 3.63168 3.58361 3.53254 3.47835 3.42095 3.36023 3.29612 3.22855 3.15748 3.08292 3.00492 2.92362 2.83923 2.75211 2.66281 2.57212 2.48118 2.39162 2.30577 2.2269 2.15976 2.11109 2.08909 2.09675 2.12704 2.17089 2.22167 2.27493 2.32769 2.378 2.42466 2.46694 2.50453 2.53736 2.56557 2.58944 2.60934 2.62566 2.63885 2.64933 2.6575 2.66374 2.66839 2.67179 2.67427 2.67618 2.67788 2.67982 2.68245 2.68633 2.69204 2.70019 2.71141 2.72625 2.74521 2.76865 2.79675 2.82954
3.93374 3.90822 3.88071 3.85112 3.81934 3.78528 3.74884 3.70991 3.66838 3.62416 3.57714 3.52722 3.47432 3.41833 3.3592 3.29686 3.23129 3.16248 3.09048 3.01541 2.93745 2.85691 2.77425 2.69011 2.60544 2.52154 2.4402 2.36388 2.29584 2.24025 2.20181 2.18445 2.18893 2.21204 2.24841 2.29281 2.34104 2.39 2.43754 2.4822 2.52304 2.55954 2.59144 2.61868 2.64137 2.65972 2.67398 2.68448 2.69153 2.69548 2.69666 2.69541 2.69209 2.68708 2.68082 2.67378 2.66653 2.65972 2.65407 2.65042 2.64962 2.65256 2.66007 2.67288 2.69152 2.7163 2.74723
3.91954 3.89476 3.86804 3.83927 3.80838 3.77527 3.73984 3.70201 3.66169 3.61879 3.57323 3.52492 3.4738 3.4198 3.3629 3.30307 3.24031 3.17469 3.1063 3.03532 2.96202 2.88679 2.81018 2.73296 2.65616 2.58114 2.5097 2.44412 2.38714 2.34182 2.31107 2.29682 2.29922 2.31641 2.34514 2.38174 2.42282 2.46559 2.50793 2.54827 2.58551 2.61893 2.64809 2.67276 2.69287 2.70847 2.71968 2.72669 2.72971 2.729 2.72483 2.71751 2.70738 2.69483 2.68033 2.66443 2.64779 2.6312 2.61558 2.60199 2.5916 2.58561 2.58522 2.59148 2.6052 2.62683 2.65641
3.90503 3.88115 3.85537 3.82761 3.79779 3.76583 3.73165 3.69518 3.65635 3.61507 3.57131 3.52499 3.47608 3.42456 3.37042 3.31367 3.25439 3.19266 3.12866 3.06261 2.99487 2.92588 2.85627 2.78684 2.71865 2.653 2.59151 2.53608 2.48881 2.45178 2.42675 2.41474 2.41566 2.42826 2.45044 2.47964 2.5133 2.54912 2.58518 2.61994 2.65227 2.68132 2.70653 2.72751 2.74405 2.75604 2.76349 2.76644 2.76501 2.75936 2.74968 2.73622 2.71927 2.69919 2.67646 2.65163 2.62542 2.59874 2.57266 2.54847 2.52768 2.51189 2.50279 2.50191 2.51046 2.52913 2.55798
3.88998 3.86712 3.84242 3.81581 3.78722 3.75659 3.72385 3.68894 3.65181 3.61241 3.57072 3.52669 3.48033 3.43164 3.38065 3.32742 3.27205 3.2147 3.15558 3.09497 3.03325 2.97094 2.90865 2.8472 2.78755 2.73088 2.67854 2.63202 2.59284 2.56239 2.54174 2.53142 2.53124 2.54031 2.55716 2.57998 2.60685 2.63591 2.66553 2.69433 2.72119 2.74525 2.76584 2.78249 2.79486 2.80275 2.80601 2.80461 2.79855 2.78788 2.77271 2.75321 2.72961 2.7022 2.67141 2.63777 2.60202 2.56507 2.52814 2.49271 2.46062 2.43398 2.41507 2.40616 2.40911 2.42499 2.45391
3.87409 3.85237 3.82886 3.80352 3.77628 3.74711 3.71594 3.68274 3.64749 3.61015 3.57072 3.52919 3.4856 3.43997 3.39238 3.34293 3.29175 3.23903 3.18501 3.13003 3.07447 3.01885 2.96377 2.90999 2.85836 2.80986 2.76558 2.72665 2.69412 2.66894 2.65174 2.64277 2.64182 2.6482 2.66083 2.67837 2.69936 2.72234 2.74594 2.76896 2.79036 2.8093 2.82508 2.83718 2.84519 2.84879 2.84777 2.84199 2.83134 2.81581 2.79541 2.77022 2.74037 2.7061 2.66773 2.62575 2.58081 2.53382 2.486 2.43897 2.39484 2.3562 2.32614 2.30795 2.30458 2.31785 2.34787
3.85709 3.83657 3.81434 3.79035 3.76456 3.73692 3.70742 3.67603 3.64275 3.60758 3.57052 3.53162 3.49091 3.44847 3.4044 3.35882 3.31191 3.26387 3.21498 3.16557 3.11603 3.06685 3.0186 2.97193 2.92757 2.88632 2.84901 2.81648 2.78947 2.76858 2.7542 2.74641 2.74497 2.74934 2.75869 2.77199 2.7881 2.80586 2.82414 2.8419 2.85821 2.87228 2.88343 2.8911 2.89484 2.89428 2.88915 2.87921 2.8643 2.84431 2.81917 2.78889 2.75351 2.71318 2.66812 2.61871 2.56552 2.50934 2.45132 2.39306 2.33676 2.28539 2.2428 2.21369 2.20286 2.21368 2.24625
3.83866 3.81942 3.79852 3.77593 3.75162 3.72557 3.69778 3.66824 3.63697 3.60399 3.56935 3.53308 3.49528 3.45604 3.41548 3.37375 3.33105 3.2876 3.24368 3.19961 3.15579 3.11264 3.07068 3.03046 2.99258 2.95768 2.92638 2.89929 2.87691 2.85963 2.84765 2.84096 2.83932 2.84227 2.84914 2.85912 2.87131 2.88476 2.89852 2.91172 2.92354 2.93323 2.94016 2.94379 2.94362 2.93927 2.93042 2.91677 2.89813 2.8743 2.84517 2.81067 2.77077 2.72553 2.6751 2.61975 2.55992 2.49629 2.42985 2.36204 2.29494 2.23151 2.17598 2.13429 2.11419 2.12271 2.15996
