data/70064_lisa.smith_molt/70064_lisa.smith_molt/stdkrig.asc
ncols 531
nrows 319
xllcorner -106.19999694824219
yllcorner 23.01666515142109
cellsize 0.0833333333
NODATA_value -9999
[rows 30 to 59 of 319, columns 201 to 267 of 531]
3.32568 3.34591 3.36841 3.39294 3.41924 3.447 3.47594 3.50574 3.53611 3.56675 3.59742 3.62785 3.65782 3.68714 3.71561 3.74309 3.76944 3.79454 3.81831 3.84066 3.86153 3.88087 3.89865 3.91485 3.92946 3.94248 3.95391 3.96377 3.97208 3.97889 3.98423 3.98814 3.99069 3.99193 3.99193 3.99077 3.98853 3.9853 3.98117 3.97625 3.97065 3.96449 3.95789 3.95097 3.94387 3.93673 3.92969 3.92288 3.91645 3.91053 3.90526 3.90076 3.89714 3.89452 3.89298 3.89261 3.89346 3.89559 3.89901 3.90374 3.90977 3.91706 3.92559 3.93528 3.94608 3.95789 3.97064
3.24902 3.27013 3.29401 3.32036 3.34882 3.37902 3.41059 3.44315 3.47635 3.50984 3.54331 3.57647 3.60907 3.64088 3.6717 3.70136 3.72972 3.75666 3.78208 3.80589 3.82805 3.84849 3.8672 3.88415 3.89933 3.91275 3.92442 3.93436 3.9426 3.94918 3.95414 3.95753 3.95941 3.95985 3.95892 3.95671 3.9533 3.94878 3.94328 3.93689 3.92974 3.92197 3.9137 3.90508 3.89626 3.88741 3.87867 3.87021 3.86219 3.85478 3.84812 3.84237 3.83766 3.83412 3.83186 3.83097 3.83152 3.83357 3.83715 3.84225 3.84888 3.85698 3.86651 3.87739 3.88953 3.90284 3.91721
3.16445 3.18693 3.21274 3.24149 3.27273 3.30599 3.34081 3.37672 3.41329 3.45012 3.48685 3.52315 3.55873 3.59334 3.62677 3.65884 3.68939 3.71832 3.74551 3.77089 3.7944 3.816 3.83566 3.85338 3.86914 3.88295 3.89484 3.90482 3.91293 3.91921 3.92371 3.92649 3.9276 3.92713 3.92515 3.92174 3.917 3.91105 3.90398 3.89593 3.88702 3.87741 3.86724 3.85668 3.84589 3.83506 3.82436 3.81399 3.80412 3.79496 3.78668 3.77947 3.77347 3.76885 3.76573 3.76422 3.76441 3.76637 3.77011 3.77565 3.78297 3.79201 3.80271 3.81496 3.82867 3.8437 3.85993
3.07202 3.09641 3.1248 3.15665 3.19139 3.22842 3.26716 3.30705 3.34758 3.38827 3.42871 3.46854 3.50743 3.54513 3.5814 3.61607 3.64898 3.68001 3.70907 3.73608 3.761 3.78378 3.80441 3.82288 3.8392 3.85337 3.86543 3.8754 3.88331 3.88923 3.89318 3.89525 3.89549 3.89398 3.89081 3.88606 3.87984 3.87226 3.86344 3.85351 3.84262 3.83093 3.81861 3.80583 3.79279 3.77968 3.76673 3.75414 3.74213 3.73094 3.72076 3.71182 3.7043 3.6984 3.69426 3.69202 3.69178 3.69361 3.69755 3.7036 3.71173 3.72187 3.73392 3.74778 3.7633 3.78033 3.79869
2.97196 2.99896 3.0307 3.06647 3.10553 3.14713 3.19053 3.23507 3.28014 3.3252 3.36979 3.4135 3.45601 3.49703 3.53634 3.57375 3.60912 3.64233 3.6733 3.70197 3.7283 3.75226 3.77384 3.79304 3.80987 3.82435 3.83652 3.84641 3.85405 3.85951 3.86283 3.86408 3.86333 3.86066 3.85616 3.84991 3.84204 3.83265 3.82187 3.80985 3.79674 3.78271 3.76795 3.75266 3.73705 3.72135 3.7058 3.69065 3.67616 3.66259 3.65019 3.63922 3.62991 3.62249 3.61713 3.61402 3.61326 3.61495 3.61911 3.62576 3.63484 3.64627 3.65992 3.67565 3.69328 3.71261 3.73343
2.86492 2.89535 2.93137 2.97203 3.01634 3.06335 3.11219 3.16204 3.21222 3.26211 3.31122 3.35911 3.40545 3.44996 3.49241 3.53264 3.57051 3.60592 3.63881 3.66912 3.69682 3.72191 3.74438 3.76424 3.78152 3.79625 3.80845 3.81817 3.82545 3.83036 3.83294 3.83327 3.83141 3.82745 3.82147 3.81358 3.80388 3.79248 3.77954 3.7652 3.74961 3.73298 3.71549 3.69736 3.67884 3.66019 3.64167 3.62357 3.6062 3.58986 3.57486 3.56151 3.55008 3.54085 3.53406 3.5299 3.52852 3.53002 3.53446 3.54181 3.55202 3.56497 3.5805 3.59842 3.61851 3.64051 3.66417
2.75206 2.78697 2.82837 2.87499 2.92556 2.97888 3.0339 3.08967 3.14543 3.20051 3.25439 3.30664 3.35693 3.40498 3.4506 3.49362 3.53395 3.5715 3.60623 3.63809 3.66708 3.69321 3.71648 3.73692 3.75456 3.76942 3.78156 3.79102 3.79785 3.8021 3.80384 3.80313 3.80005 3.79467 3.78708 3.77738 3.76568 3.75211 3.7368 3.7199 3.70159 3.68206 3.66153 3.64024 3.61844 3.59644 3.57453 3.55305 3.53235 3.5128 3.49476 3.47859 3.46466 3.45329 3.44477 3.43936 3.43723 3.43852 3.44327 3.45146 3.46302 3.47777 3.49553 3.51602 3.53898 3.56408 3.59101
2.63545 2.67607 2.72413 2.77789 2.83573 2.89618 2.95799 3.02014 3.08177 3.14222 3.20096 3.25758 3.31176 3.36326 3.41192 3.45762 3.50026 3.53981 3.57622 3.6095 3.63964 3.66667 3.69061 3.71149 3.72936 3.74426 3.75622 3.76531 3.77158 3.77508 3.77587 3.77402 3.76959 3.76267 3.75334 3.7417 3.72785 3.71192 3.69404 3.67437 3.65308 3.63038 3.6065 3.58169 3.55624 3.53046 3.50471 3.47937 3.45484 3.43155 3.40995 3.39048 3.37357 3.35965 3.34907 3.34214 3.33911 3.34014 3.34527 3.35448 3.36764 3.38456 3.40495 3.42848 3.45479 3.48349 3.51419
2.51844 2.56626 2.62235 2.68439 2.75034 2.81849 2.88744 2.95611 3.02362 3.08934 3.15276 3.21352 3.27134 3.32604 3.37748 3.42558 3.47028 3.51157 3.54945 3.58392 3.61501 3.64275 3.66719 3.68837 3.70633 3.72112 3.73279 3.7414 3.74699 3.74963 3.74937 3.74627 3.74041 3.73184 3.72066 3.70695 3.69082 3.67237 3.65175 3.62911 3.60461 3.57848 3.55094 3.52227 3.49277 3.46278 3.43271 3.40298 3.37405 3.34645 3.32069 3.29732 3.27688 3.2599 3.24684 3.23809 3.23397 3.23467 3.24027 3.25071 3.26582 3.28533 3.30886 3.33598 3.36623 3.3991 3.43412
2.40645 2.46306 2.5284 2.5995 2.67394 2.74985 2.82577 2.90062 2.9736 3.0441 3.11171 3.17611 3.23709 3.29452 3.34831 3.39841 3.4448 3.4875 3.52652 3.56191 3.59369 3.62192 3.64665 3.66793 3.68581 3.70035 3.71159 3.7196 3.72442 3.7261 3.7247 3.72027 3.71288 3.70259 3.68947 3.6736 3.65507 3.63399 3.61049 3.58471 3.55681 3.52702 3.49555 3.46269 3.42876 3.39413 3.35923 3.32455 3.29062 3.25804 3.22744 3.19949 3.17485 3.1542 3.13813 3.12717 3.12173 3.12204 3.12822 3.14016 3.15764 3.18027 3.20756 3.23893 3.27378 3.31149 3.35145
2.30802 2.37462 2.44965 2.52964 2.612 2.69485 2.77681 2.85688 2.93436 3.00873 3.07966 3.14691 3.21033 3.26983 3.32536 3.37692 3.42452 3.46819 3.50798 3.54393 3.57611 3.60456 3.62934 3.65052 3.66814 3.68227 3.69295 3.70023 3.70417 3.70481 3.70219 3.69637 3.6874 3.67533 3.66021 3.64213 3.62115 3.59736 3.57089 3.54185 3.51042 3.47677 3.44115 3.40383 3.36513 3.32545 3.28525 3.24506 3.20549 3.16721 3.131 3.09766 3.06803 3.04297 3.02325 3.00958 3.0025 3.00235 3.00924 3.02305 3.04343 3.06986 3.10165 3.13805 3.17828 3.22155 3.26712
2.2359 2.31186 2.39505 2.482 2.57026 2.65807 2.74421 2.82781 2.90826 2.98515 3.05819 3.12722 3.19212 3.25285 3.30939 3.36176 3.40999 3.45413 3.49424 3.53037 3.56259 3.59096 3.61555 3.6364 3.65358 3.66714 3.67712 3.68357 3.68655 3.68607 3.68219 3.67494 3.66436 3.65048 3.63337 3.61305 3.58961 3.56311 3.53364 3.50131 3.46627 3.42868 3.38876 3.34678 3.30306 3.25799 3.21206 3.16582 3.11996 3.07526 3.0326 2.99296 2.95741 2.92702 2.90285 2.88584 2.87674 2.87601 2.88381 2.89995 2.92392 2.95497 2.99217 3.03452 3.08099 3.13061 3.18248
2.20592 2.28634 2.37306 2.46284 2.55337 2.64304 2.73069 2.81553 2.89698 2.97468 3.04837 3.1179 3.18318 3.24418 3.30089 3.35334 3.40156 3.44562 3.48557 3.52146 3.55337 3.58135 3.60547 3.62577 3.64232 3.65515 3.66431 3.66985 3.67178 3.67015 3.66497 3.65629 3.64411 3.62846 3.60938 3.5869 3.56105 3.53189 3.49948 3.46391 3.42529 3.38377 3.33954 3.29283 3.24394 3.19327 3.14129 3.08858 3.03588 2.98403 2.93406 2.88715 2.84459 2.8078 2.77817 2.75701 2.74537 2.74393 2.7529 2.77198 2.80041 2.83711 2.8808 2.93012 2.98377 3.04052 3.09931
2.22763 2.30413 2.38773 2.47495 2.56337 2.65125 2.73738 2.82089 2.90118 2.97785 3.05061 3.11928 3.18377 3.24403 3.30004 3.3518 3.39937 3.44277 3.48206 3.5173 3.54853 3.57581 3.5992 3.61874 3.63448 3.64644 3.65468 3.65921 3.66007 3.65726 3.6508 3.64071 3.62699 3.60965 3.5887 3.56416 3.53604 3.50436 3.46917 3.43052 3.38848 3.34318 3.29475 3.24341 3.18942 3.13312 3.07497 3.01556 2.95561 2.89605 2.838 2.78282 2.73211 2.68765 2.65132 2.62496 2.6101 2.60777 2.61826 2.64109 2.67511 2.71872 2.77011 2.8275 2.8892 2.95377 3.01997
2.294 2.36086 2.43616 2.51635 2.59881 2.68164 2.76346 2.84326 2.92036 2.99424 3.06456 3.13108 3.19366 3.2522 3.30666 3.35702 3.40329 3.44549 3.48365 3.51782 3.54803 3.57432 3.59674 3.61531 3.63008 3.64106 3.64829 3.65177 3.65153 3.64755 3.63986 3.62843 3.61327 3.59437 3.57172 3.5453 3.51511 3.48116 3.44344 3.40198 3.35683 3.30806 3.25576 3.20009 3.14128 3.0796 3.01547 2.94943 2.88218 2.81464 2.748 2.68376 2.62379 2.57029 2.52579 2.49287 2.47387 2.4704 2.48291 2.51059 2.55161 2.60357 2.66394 2.73036 2.80081 2.87359 2.94737
2.38947 2.44546 2.51043 2.58124 2.6554 2.73094 2.8064 2.88068 2.95294 3.02259 3.0892 3.15245 3.21214 3.2681 3.32026 3.36855 3.41296 3.45346 3.49007 3.5228 3.55168 3.57672 3.59796 3.6154 3.62907 3.63898 3.64514 3.64755 3.64622 3.64113 3.63227 3.61963 3.60318 3.58289 3.55875 3.53071 3.49874 3.46284 3.42296 3.37911 3.33129 3.27953 3.22388 3.16444 3.10138 3.03492 2.96538 2.89323 2.81911 2.74388 2.66869 2.59511 2.52516 2.46145 2.40718 2.36602 2.3416 2.33662 2.35188 2.3859 2.43562 2.49738 2.56773 2.64373 2.72305 2.80389 2.88488
2.50064 2.54674 2.60151 2.66248 2.72748 2.79469 2.86267 2.93027 2.99662 3.06102 3.12298 3.18211 3.23813 3.29084 3.34008 3.38576 3.42782 3.46621 3.5009 3.5319 3.55918 3.58276 3.60263 3.61881 3.63129 3.64007 3.64514 3.6465 3.64412 3.638 3.6281 3.61439 3.59684 3.5754 3.55003 3.52068 3.4873 3.44986 3.40829 3.36257 3.31266 3.25857 3.2003 3.13791 3.07148 3.00119 2.92727 2.85011 2.77023 2.68838 2.60562 2.52342 2.4438 2.36953 2.30434 2.25308 2.22144 2.2144 2.23354 2.27584 2.33589 2.4083 2.48871 2.57381 2.66116 2.74902 2.8361
2.61835 2.65607 2.70173 2.75346 2.80948 2.86823 2.92839 2.98885 3.04872 3.1073 3.16403 3.21848 3.2703 3.31925 3.36513 3.4078 3.44715 3.48311 3.51561 3.54462 3.57012 3.59207 3.61046 3.62528 3.63651 3.64413 3.64813 3.64847 3.64514 3.63809 3.6273 3.61271 3.59428 3.57196 3.54568 3.51539 3.48103 3.44252 3.39981 3.35285 3.30157 3.24595 3.18597 3.12164 3.05301 2.9802 2.90338 2.82286 2.73906 2.65263 2.56449 2.47593 2.38882 2.30575 2.23047 2.16834 2.12719 2.11703 2.14202 2.19449 2.26501 2.34683 2.43533 2.52728 2.62041 2.71314 2.80434
2.73672 2.76751 2.80537 2.84888 2.89665 2.94738 2.99992 3.05326 3.10656 3.15912 3.21037 3.25985 3.30718 3.35208 3.39432 3.43371 3.47011 3.50342 3.53354 3.56041 3.58398 3.6042 3.62104 3.63445 3.64442 3.6509 3.65386 3.65327 3.64908 3.64126 3.62975 3.6145 3.59546 3.57255 3.54572 3.51489 3.48 3.44097 3.39773 3.3502 3.29835 3.2421 3.18144 3.11636 3.04689 2.97313 2.89522 2.81343 2.72816 2.63999 2.54978 2.45873 2.36858 2.28178 2.2018 2.13361 2.08469 2.06969 2.10225 2.16162 2.23742 2.32334 2.41509 2.50965 2.6049 2.69935 2.79195
2.85201 2.87713 2.90842 2.94483 2.98527 3.0287 3.07414 3.12071 3.16764 3.21428 3.26006 3.30452 3.34728 3.38802 3.42649 3.46247 3.4958 3.52634 3.55398 3.57863 3.60021 3.61865 3.63391 3.64592 3.65464 3.66003 3.66204 3.66062 3.65572 3.64728 3.63526 3.61958 3.6002 3.57703 3.55001 3.51908 3.48414 3.44513 3.40199 3.35463 3.30301 3.24708 3.18682 3.12222 3.05335 2.9803 2.90324 2.82246 2.73839 2.65166 2.56318 2.47424 2.38668 2.30309 2.2272 2.16437 2.1225 2.11192 2.13705 2.18982 2.26058 2.34257 2.43114 2.52309 2.61617 2.70877 2.79978
2.96194 2.98237 3.00816 3.03851 3.07258 3.10952 3.14853 3.18886 3.22982 3.27083 3.31134 3.35092 3.38918 3.42579 3.4605 3.49307 3.5233 3.55106 3.5762 3.5986 3.61819 3.63487 3.64857 3.65922 3.66677 3.67115 3.6723 3.67018 3.66472 3.65585 3.64353 3.62768 3.60824 3.58514 3.55831 3.52769 3.49319 3.45476 3.41232 3.36584 3.31526 3.26055 3.20173 3.13882 3.0719 3.00113 2.92673 2.84907 2.76866 2.68623 2.60283 2.51991 2.43948 2.3643 2.29813 2.24588 2.21337 2.20577 2.22474 2.26714 2.32736 2.39991 2.48036 2.56541 2.6526 2.74018 2.82689
3.06511 3.08165 3.10282 3.12802 3.15658 3.18784 3.22113 3.25582 3.29133 3.3271 3.36267 3.39762 3.43157 3.46422 3.49527 3.52451 3.55173 3.57675 3.59944 3.61966 3.6373 3.65228 3.66449 3.67387 3.68033 3.68381 3.68425 3.68157 3.67572 3.66662 3.65422 3.63845 3.61924 3.59653 3.57026 3.54035 3.50675 3.4694 3.42826 3.38329 3.33448 3.28182 3.22536 3.16517 3.10139 3.03423 2.96399 2.89112 2.81623 2.74017 2.66409 2.58953 2.51851 2.45366 2.39822 2.35593 2.33054 2.32486 2.33971 2.37356 2.42323 2.48496 2.55522 2.63103 2.71003 2.79041 2.87081
3.1607 3.17399 3.19127 3.21208 3.23591 3.26222 3.29048 3.32014 3.35072 3.38173 3.41275 3.4434 3.47332 3.50221 3.52981 3.55588 3.58022 3.60264 3.62298 3.64112 3.65693 3.6703 3.68113 3.68934 3.69485 3.69756 3.69743 3.69436 3.6883 3.67917 3.66692 3.65148 3.63278 3.61076 3.58538 3.55656 3.52427 3.48847 3.44913 3.40624 3.35982 3.3099 3.25656 3.19992 3.14018 3.07761 3.01259 2.94563 2.87742 2.80886 2.74113 2.67573 2.61452 2.55975 2.51398 2.47986 2.45981 2.4555 2.4674 2.49467 2.53539 2.58709 2.64716 2.71319 2.78311 2.85522 2.92817
3.24829 3.25881 3.27279 3.28985 3.30961 3.33163 3.35547 3.3807 3.40687 3.4336 3.46049 3.48721 3.51342 3.53885 3.56324 3.58635 3.60799 3.62798 3.64614 3.66234 3.67645 3.68836 3.69795 3.70514 3.70982 3.71193 3.71138 3.7081 3.70202 3.69307 3.68118 3.6663 3.64837 3.62733 3.60313 3.57574 3.54513 3.51126 3.47415 3.4338 3.39026 3.3436 3.29394 3.24145 3.18637 3.12902 3.06983 3.00935 2.94829 2.88757 2.82831 2.77185 2.71982 2.67401 2.63636 2.60876 2.59279 2.58951 2.59922 2.62142 2.6549 2.698 2.74886 2.80562 2.86656 2.93021 2.99532
3.3277 3.33584 3.34698 3.36082 3.37706 3.39536 3.41534 3.43666 3.45894 3.48184 3.50503 3.52819 3.55104 3.57331 3.59476 3.61517 3.63434 3.65209 3.66826 3.68271 3.69529 3.7059 3.71441 3.72073 3.72477 3.72643 3.72565 3.72233 3.71641 3.70783 3.69652 3.68243 3.66549 3.64568 3.62294 3.59726 3.56861 3.537 3.50245 3.46498 3.42469 3.38166 3.33605 3.28807 3.23798 3.18615 3.13301 3.07915 3.02525 2.97217 2.92092 2.87267 2.82877 2.79061 2.75965 2.73722 2.72442 2.72194 2.72999 2.74824 2.77592 2.81188 2.85478 2.90323 2.95585 3.01141 3.06882
3.39889 3.40496 3.41362 3.42468 3.43786 3.45291 3.46952 3.4874 3.50625 3.52575 3.54564 3.56563 3.58546 3.60489 3.62369 3.64166 3.65861 3.67436 3.68875 3.70164 3.71289 3.72238 3.72999 3.73563 3.73919 3.74059 3.73974 3.73657 3.73101 3.72298 3.71244 3.69933 3.68361 3.66523 3.64418 3.62044 3.594 3.56488 3.53312 3.49879 3.46197 3.42279 3.38143 3.33811 3.29314 3.24686 3.19973 3.1523 3.10523 3.05927 3.01532 2.97437 2.93747 2.90575 2.88026 2.86198 2.85168 2.84984 2.85661 2.87176 2.89478 2.92486 2.96103 3.00224 3.04743 3.09557 3.14575
3.46193 3.46615 3.47265 3.48125 3.49176 3.50397 3.51762 3.53248 3.5483 3.56481 3.58177 3.59894 3.61609 3.63299 3.64944 3.66525 3.68024 3.69423 3.70707 3.71862 3.72874 3.73731 3.74422 3.74935 3.75262 3.75394 3.75321 3.75036 3.74533 3.73804 3.72845 3.71651 3.70218 3.68543 3.66624 3.64461 3.62055 3.5941 3.5653 3.53423 3.50101 3.46578 3.42872 3.39008 3.35014 3.30928 3.26791 3.22656 3.1858 3.14633 3.10888 3.07428 3.04337 3.01702 2.99603 2.98111 2.97282 2.9715 2.97726 2.98996 3.00921 3.03446 3.06498 3.09999 3.13866 3.18016 3.22374
3.51695 3.5195 3.52405 3.53047 3.53862 3.54832 3.55937 3.57157 3.58471 3.59858 3.61296 3.62765 3.64243 3.65711 3.6715 3.68542 3.6987 3.71118 3.72271 3.73314 3.74235 3.75021 3.75661 3.76144 3.76461 3.76602 3.76559 3.76324 3.75891 3.75254 3.74406 3.73345 3.72067 3.70569 3.68851 3.66914 3.64758 3.6239 3.59815 3.57041 3.54082 3.50953 3.47672 3.44263 3.40756 3.37185 3.33589 3.30015 3.26515 3.23147 3.19974 3.17063 3.14481 3.12296 3.10569 3.09352 3.08687 3.08599 3.09096 3.10168 3.11787 3.13913 3.16493 3.19466 3.22767 3.26332 3.30096
3.56409 3.5651 3.56788 3.57234 3.57837 3.58583 3.59456 3.60441 3.61519 3.62673 3.63885 3.65135 3.66407 3.67681 3.68942 3.70172 3.71355 3.72477 3.73522 3.74477 3.75328 3.76065 3.76675 3.77147 3.77473 3.77642 3.77646 3.77479 3.77133 3.76602 3.75882 3.74968 3.73858 3.7255 3.71044 3.69341 3.67444 3.65358 3.63091 3.60651 3.58051 3.55307 3.52438 3.49467 3.46421 3.43332 3.40236 3.37174 3.34191 3.31337 3.28665 3.26227 3.24079 3.22273 3.20855 3.19867 3.19338 3.19287 3.19721 3.20633 3.22002 3.23798 3.25981 3.28505 3.31319 3.34371 3.3761
3.60354 3.60308 3.60421 3.60687 3.61097 3.61641 3.62307 3.63082 3.63951 3.64899 3.65911 3.66971 3.68063 3.69172 3.7028 3.71374 3.72438 3.73457 3.74418 3.75308 3.76113 3.76821 3.77421 3.77903 3.78257 3.78473 3.78543 3.7846 3.78216 3.77807 3.77227 3.76473 3.75543 3.74435 3.73149 3.71687 3.70053 3.68252 3.66291 3.6418 3.61931 3.59561 3.57086 3.54529 3.51915 3.49273 3.46634 3.44036 3.41516 3.39116 3.3688 3.34852 3.33074 3.31589 3.30432 3.29635 3.2922 3.29202 3.29587 3.30367 3.3153 3.33052 3.34902 3.37044 3.39439 3.42045 3.44819
