data/70064_lisa.smith_molt/70064_lisa.smith_molt/stdreg.asc
ncols 531
nrows 319
xllcorner -106.19999694824219
yllcorner 23.01666515142109
cellsize 0.0833333333
NODATA_value -9999
[rows 270 to 299 of 319, columns 67 to 133 of 531]
4.78086 4.78062 4.78058 4.78044 4.78042 4.78032 4.78033 4.78047 4.78054 4.78036 4.78086 4.78099 4.78119 4.78144 4.78124 4.78107 4.78076 4.78068 4.78106 4.78084 4.78034 4.78034 4.78031 4.78049 4.7808 4.78107 4.78143 4.78145 4.78244 4.78325 4.78378 4.78397 4.78429 4.78441 4.78458 4.78471 4.78502 4.78502 4.78511 4.7853 4.7853 4.7853 4.7853 4.7853 4.7853 4.7853 4.7853 4.7853 4.7853 4.7853 4.7853 4.7853 4.7853 4.7853 4.7853 4.7853 4.7853 4.7853 4.7853 4.7853 4.7853 4.7853 4.7853 4.7853 4.7853 4.7853 4.7853
4.78489 4.78447 4.78603 4.7843 4.78384 4.78365 4.78372 4.78386 4.78388 4.7837 4.78391 4.78435 4.78433 4.7845 4.78493 4.78417 4.78442 4.78409 4.78452 4.78409 4.78383 4.78372 4.78365 4.78389 4.78417 4.78443 4.78488 4.78541 4.7857 4.78627 4.78675 4.78727 4.78756 4.78785 4.78784 4.78798 4.78811 4.78823 4.78846 4.78846 4.78846 4.78846 4.78846 4.78846 4.78846 4.78846 4.78846 4.78846 4.78846 4.78846 4.78846 4.78846 4.78846 4.78846 4.78846 4.78846 4.78846 4.78846 4.78846 4.78846 4.78846 4.78846 4.78846 4.78846 4.78846 4.78846 4.78846
4.79013 4.78886 4.7979 4.79629 4.78845 4.7878 4.78752 4.7876 4.78778 4.78778 4.78767 4.78804 4.78815 4.78831 4.78811 4.78883 4.7882 4.7882 4.78862 4.78821 4.78792 4.7876 4.78751 4.78763 4.78788 4.78835 4.78876 4.78933 4.78922 4.78995 4.79042 4.79097 4.79141 4.79149 4.7917 4.7917 4.79187 4.79213 4.79213 4.79213 4.79213 4.79213 4.79213 4.79213 4.79213 4.79213 4.79213 4.79213 4.79213 4.79213 4.79213 4.79213 4.79213 4.79213 4.79213 4.79213 4.79213 4.79213 4.79213 4.79213 4.79213 4.79213 4.79213 4.79213 4.79213 4.79213 4.79213
4.7947 4.79342 4.79527 4.93984 4.79406 4.79943 4.79114 4.79104 4.79126 4.79147 4.7916 4.79163 4.79183 4.79152 4.79156 4.79168 4.79215 4.79234 4.79145 4.79148 4.79135 4.79112 4.79107 4.79109 4.79142 4.79183 4.79244 4.79292 4.79275 4.79332 4.79407 4.79459 4.79483 4.79512 4.79516 4.79512 4.79504 4.7955 4.7955 4.7955 4.7955 4.7955 4.7955 4.7955 4.7955 4.7955 4.7955 4.7955 4.7955 4.7955 4.7955 4.7955 4.7955 4.7955 4.7955 4.7955 4.7955 4.7955 4.7955 4.7955 4.7955 4.7955 4.7955 4.7955 4.7955 4.7955 4.7955
4.81724 4.79835 4.79925 4.81339 4.80594 4.79637 4.79562 4.79581 4.79468 4.79476 4.79493 4.79509 4.79539 4.79552 4.79535 4.79577 4.79553 4.7959 4.79527 4.79545 4.79525 4.79489 4.79481 4.79474 4.79506 4.79529 4.79602 4.79653 4.79681 4.79742 4.79792 4.79819 4.79835 4.79846 4.79847 4.79851 4.79851 4.79859 4.79896 4.79896 4.79896 4.79896 4.79896 4.79896 4.79896 4.79896 4.79896 4.79896 4.79896 4.79896 4.79896 4.79896 4.79896 4.79896 4.79896 4.79896 4.79896 4.79896 4.79896 4.79896 4.79896 4.79896 4.79896 4.79896 4.79896 4.79896 4.79896
4.81978 4.80964 4.80499 4.82105 4.81459 4.80136 4.8001 4.80541 4.79906 4.79887 4.79888 4.79919 4.79929 4.7993 4.7994 4.79928 4.79953 4.8003 4.7998 4.79958 4.79941 4.79944 4.79943 4.79896 4.79913 4.79972 4.80002 4.80058 4.801 4.80151 4.80182 4.80219 4.80241 4.80238 4.80253 4.80257 4.80242 4.80238 4.80298 4.80298 4.80298 4.80298 4.80298 4.80298 4.80298 4.80298 4.80298 4.80298 4.80298 4.80298 4.80298 4.80298 4.80298 4.80298 4.80298 4.80298 4.80298 4.80298 4.80298 4.80298 4.80298 4.80298 4.80298 4.80298 4.80298 4.80298 4.80298
4.85113 4.814 4.81194 4.8506 4.83202 4.80572 4.80381 4.80384 4.80308 4.80284 4.80277 4.80283 4.80274 4.80285 4.80286 4.80299 4.80363 4.80404 4.80349 4.80286 4.80351 4.80354 4.80332 4.80286 4.80287 4.80323 4.80349 4.80411 4.80481 4.80549 4.80566 4.80584 4.80596 4.8061 4.80607 4.80618 4.80618 4.80622 4.80633 4.80665 4.80665 4.80665 4.80665 4.80665 4.80665 4.80665 4.80665 4.80665 4.80665 4.80665 4.80665 4.80665 4.80665 4.80665 4.80665 4.80665 4.80665 4.80665 4.80665 4.80665 4.80665 4.80665 4.80665 4.80665 4.80665 4.80665 4.80665
4.82025 4.8319 4.81436 4.8236 4.81825 4.81287 4.80754 4.80713 4.80689 4.80666 4.80664 4.80664 4.80668 4.80677 4.80685 4.80675 4.80695 4.80772 4.80769 4.8073 4.80735 4.80772 4.80743 4.80678 4.80708 4.80705 4.80724 4.80761 4.80844 4.80903 4.80954 4.80981 4.80978 4.80977 4.80982 4.80993 4.81008 4.81008 4.81015 4.81043 4.81043 4.81043 4.81043 4.81043 4.81043 4.81043 4.81043 4.81043 4.81043 4.81043 4.81043 4.81043 4.81043 4.81043 4.81043 4.81043 4.81043 4.81043 4.81043 4.81043 4.81043 4.81043 4.81043 4.81043 4.81043 4.81043 4.81043
4.82467 4.86797 4.82222 4.82049 4.82165 4.82176 4.81224 4.81173 4.81148 4.81128 4.81122 4.81119 4.81119 4.81123 4.81133 4.81155 4.81173 4.81198 4.81218 4.81194 4.81238 4.81201 4.81235 4.81162 4.81184 4.81171 4.81198 4.81214 4.81279 4.81341 4.81383 4.81396 4.8141 4.81428 4.81432 4.81439 4.81446 4.8145 4.8148 4.81481 4.81481 4.81481 4.81481 4.81481 4.81481 4.81481 4.81481 4.81481 4.81481 4.81481 4.81481 4.81481 4.81481 4.81481 4.81481 4.81481 4.81481 4.81481 4.81481 4.81481 4.81481 4.81481 4.81481 4.81481 4.81481 4.81481 4.81481
4.83796 4.85185 4.86768 4.8248 4.82464 4.87428 4.81954 4.81648 4.81603 4.81591 4.81568 4.8155 4.8154 4.81534 4.81551 4.81585 4.81602 4.81597 4.8166 4.81683 4.81705 4.81691 4.81702 4.81636 4.81622 4.81608 4.81644 4.81656 4.817 4.8175 4.81782 4.81795 4.81809 4.81822 4.81826 4.81837 4.81844 4.81851 4.81858 4.81881 4.81881 4.81881 4.81881 4.81881 4.81881 4.81881 4.81881 4.81881 4.81881 4.81881 4.81881 4.81881 4.81881 4.81881 4.81881 4.81881 4.81881 4.81881 4.81881 4.81881 4.81881 4.81881 4.81881 4.81881 4.81881 4.81881 4.81881
4.95753 4.84961 5.13005 4.83432 4.90769 4.86108 4.8316 4.82499 4.82357 4.82322 4.82138 4.82028 4.8198 4.81962 4.81969 4.81994 4.81999 4.82006 4.82002 4.82013 4.82056 4.82066 4.82137 4.82151 4.82105 4.82072 4.82087 4.82095 4.82134 4.8218 4.82186 4.82208 4.82214 4.82228 4.82238 4.82245 4.82252 4.82259 4.8227 4.82273 4.82292 4.82292 4.82292 4.82292 4.82292 4.82292 4.82292 4.82292 4.82292 4.82292 4.82292 4.82292 4.82292 4.82292 4.82292 4.82292 4.82292 4.82292 4.82292 4.82292 4.82292 4.82292 4.82292 4.82292 4.82292 4.82292 4.82292
4.85294 4.8474 4.85535 4.85007 4.84655 4.84974 4.85182 4.84791 4.90864 4.84277 4.82983 4.82602 4.82518 4.82455 4.82454 4.82467 4.82465 4.82465 4.82518 4.82549 4.8256 4.82584 4.82537 4.82588 4.82633 4.82641 4.82647 4.82635 4.8263 4.82638 4.82658 4.82676 4.82695 4.82698 4.82708 4.82715 4.82728 4.82731 4.82732 4.82746 4.82767 4.82767 4.82767 4.82767 4.82767 4.82767 4.82767 4.82767 4.82767 4.82767 4.82767 4.82767 4.82767 4.82767 4.82767 4.82767 4.82767 4.82767 4.82767 4.82767 4.82767 4.82767 4.82767 4.82767 4.82767 4.82767 4.82767
4.89186 5.0773 4.84893 4.84357 4.84826 4.84 4.84347 4.85659 4.91721 4.87321 4.84466 4.83264 4.83015 4.82923 4.82902 4.82906 4.82925 4.82941 4.8296 4.8297 4.8299 4.82992 4.82984 4.83018 4.83023 4.83066 4.8306 4.83035 4.83092 4.83104 4.8311 4.83113 4.83119 4.83134 4.83147 4.83147 4.8315 4.8317 4.83173 4.8317 4.83201 4.83201 4.83201 4.83201 4.83201 4.83201 4.83201 4.83201 4.83201 4.83201 4.83201 4.83201 4.83201 4.83201 4.83201 4.83201 4.83201 4.83201 4.83201 4.83201 4.83201 4.83201 4.83201 4.83201 4.83201 4.83201 4.83201
4.8612 4.8614 4.898 4.85799 4.8427 4.84172 4.85044 4.85345 4.87734 4.88492 4.86994 4.83949 4.8355 4.83445 4.83361 4.83367 4.83374 4.83393 4.83414 4.83428 4.83404 4.83427 4.83406 4.83444 4.83436 4.83482 4.83395 4.8346 4.83524 4.83541 4.83552 4.83561 4.83564 4.83575 4.83578 4.83591 4.836 4.8361 4.83626 4.83633 4.83643 4.83647 4.83647 4.83647 4.83647 4.83647 4.83647 4.83647 4.83647 4.83647 4.83647 4.83647 4.83647 4.83647 4.83647 4.83647 4.83647 4.83647 4.83647 4.83647 4.83647 4.83647 4.83647 4.83647 4.83647 4.83647 4.83647
4.86009 4.86573 4.85938 4.87289 4.84794 4.84576 4.84605 4.8564 4.8545 4.89264 4.86487 4.8434 4.84033 4.83928 4.83895 4.83893 4.83897 4.8392 4.83908 4.83941 4.839 4.83921 4.83918 4.83911 4.8393 4.83969 4.83903 4.8395 4.83997 4.84041 4.84067 4.84067 4.84075 4.84089 4.84101 4.84116 4.84119 4.84126 4.84135 4.84151 4.84162 4.84161 4.84161 4.84161 4.84161 4.84161 4.84161 4.84161 4.84161 4.84161 4.84161 4.84161 4.84161 4.84161 4.84161 4.84161 4.84161 4.84161 4.84161 4.84161 4.84161 4.84161 4.84161 4.84161 4.84161 4.84161 4.84161
4.92974 4.96767 4.96686 4.86134 4.85409 4.85158 4.84895 4.84824 4.85048 4.85138 4.84892 4.84572 4.84479 4.84384 4.84375 4.84375 4.84382 4.84391 4.84377 4.84406 4.84396 4.84389 4.84375 4.84398 4.84389 4.84409 4.84379 4.84412 4.84449 4.84498 4.84542 4.84553 4.84553 4.84564 4.84573 4.84588 4.84597 4.84594 4.84597 4.84612 4.84615 4.84618 4.84631 4.84631 4.84631 4.84631 4.84631 4.84631 4.84631 4.84631 4.84631 4.84631 4.84631 4.84631 4.84631 4.84631 4.84631 4.84631 4.84631 4.84631 4.84631 4.84631 4.84631 4.84631 4.84631 4.84631 4.84631
4.89019 4.87812 4.8711 4.86501 4.86036 4.85729 4.85476 4.85222 4.85142 4.85139 4.85488 4.85046 4.84895 4.8488 4.84873 4.84874 4.84872 4.84876 4.8487 4.84882 4.84877 4.84871 4.84872 4.84883 4.84872 4.84872 4.8487 4.84891 4.84932 4.84977 4.85017 4.8504 4.85048 4.85056 4.85059 4.85073 4.85079 4.85082 4.85097 4.85094 4.851 4.85103 4.85113 4.85113 4.85113 4.85113 4.85113 4.85113 4.85113 4.85113 4.85113 4.85113 4.85113 4.85113 4.85113 4.85113 4.85113 4.85113 4.85113 4.85113 4.85113 4.85113 4.85113 4.85113 4.85113 4.85113 4.85113
4.97126 4.90445 4.92698 4.88359 4.86863 4.86504 4.8611 4.85837 4.85714 4.85625 4.85583 4.86868 4.85479 4.85457 4.85464 4.85455 4.85441 4.85442 4.85446 4.85441 4.85441 4.85442 4.85462 4.85605 4.85444 4.85447 4.85461 4.85455 4.85482 4.85529 4.85571 4.85606 4.85614 4.8562 4.85623 4.85631 4.85642 4.85645 4.85651 4.85651 4.85654 4.85657 4.85669 4.85669 4.85669 4.85669 4.85669 4.85669 4.85669 4.85669 4.85669 4.85669 4.85669 4.85669 4.85669 4.85669 4.85669 4.85669 4.85669 4.85669 4.85669 4.85669 4.85669 4.85669 4.85669 4.85669 4.85669
5.42054 5.05747 4.91474 4.91329 4.8808 4.91958 4.86839 4.86493 4.86282 4.86177 4.86086 4.86043 4.86028 4.85998 4.86002 4.85973 4.85962 4.85961 4.85988 4.85961 4.85961 4.85961 4.85967 4.86005 4.8597 4.85963 4.85968 4.85986 4.86014 4.86039 4.86071 4.86101 4.86126 4.86129 4.86139 4.86142 4.86148 4.86159 4.86168 4.86165 4.86167 4.86171 4.86177 4.86177 4.86177 4.86177 4.86177 4.86177 4.86177 4.86177 4.86177 4.86177 4.86177 4.86177 4.86177 4.86177 4.86177 4.86177 4.86177 4.86177 4.86177 4.86177 4.86177 4.86177 4.86177 4.86177 4.86177
5.28019 5.36376 5.18109 4.9743 5.03017 4.88838 4.87625 4.87033 4.86787 4.86695 4.86657 4.86611 4.86561 4.86569 4.86525 4.86503 4.86513 4.86507 4.86536 4.86494 4.86495 4.86493 4.86493 4.86493 4.86495 4.86493 4.865 4.86495 4.86531 4.86571 4.86594 4.86623 4.86644 4.86657 4.86665 4.86671 4.86671 4.86685 4.86681 4.86685 4.86685 4.86696 4.86696 4.86696 4.86696 4.86696 4.86696 4.86696 4.86696 4.86696 4.86696 4.86696 4.86696 4.86696 4.86696 4.86696 4.86696 4.86696 4.86696 4.86696 4.86696 4.86696 4.86696 4.86696 4.86696 4.86696 4.86696
5.31181 5.63003 5.2703 5.27153 5.02019 4.90024 4.91851 4.87725 4.87467 4.87459 4.87255 4.87257 4.87217 4.87149 4.87137 4.87143 4.87173 4.87123 4.87121 4.8711 4.87107 4.87113 4.87116 4.87106 4.87108 4.87106 4.87132 4.87106 4.87128 4.87169 4.87208 4.87227 4.87246 4.87256 4.87274 4.87276 4.87276 4.87295 4.87284 4.8729 4.87295 4.87295 4.87295 4.87295 4.87295 4.87295 4.87295 4.87295 4.87295 4.87295 4.87295 4.87295 4.87295 4.87295 4.87295 4.87295 4.87295 4.87295 4.87295 4.87295 4.87295 4.87295 4.87295 4.87295 4.87295 4.87295 4.87295
5.32057 5.47685 5.38975 5.20665 5.14647 5.08998 4.89173 4.91586 4.88203 4.88157 4.8787 4.87915 4.87838 4.87767 4.87783 4.87719 4.87723 4.87679 4.87666 4.87664 4.87665 4.87669 4.87672 4.87676 4.87664 4.87665 4.87684 4.87664 4.87673 4.87716 4.87751 4.87784 4.87798 4.87808 4.87813 4.87841 4.87833 4.87838 4.87842 4.87836 4.87842 4.87842 4.87842 4.87842 4.87842 4.87842 4.87842 4.87842 4.87842 4.87842 4.87842 4.87842 4.87842 4.87842 4.87842 4.87842 4.87842 4.87842 4.87842 4.87842 4.87842 4.87842 4.87842 4.87842 4.87842 4.87842 4.87842
5.25877 5.48658 5.39775 5.22367 5.28368 5.17662 4.94757 4.89511 4.89077 4.88901 4.88695 4.88624 4.8849 4.88418 4.88376 4.88433 4.88288 4.88246 4.88238 4.88236 4.88234 4.88234 4.88234 4.88242 4.88237 4.88244 4.88381 4.88255 4.88236 4.88271 4.8831 4.88359 4.88368 4.88354 4.8838 4.88393 4.88401 4.88393 4.88401 4.88406 4.88401 4.88401 4.88401 4.88401 4.88401 4.88401 4.88401 4.88401 4.88401 4.88401 4.88401 4.88401 4.88401 4.88401 4.88401 4.88401 4.88401 4.88401 4.88401 4.88401 4.88401 4.88401 4.88401 4.88401 4.88401 4.88401 4.88401
5.28782 5.29527 5.52567 5.64648 5.72116 5.08353 5.09358 4.94082 4.90131 4.89982 4.89648 4.89411 4.89212 4.89166 4.89084 4.89214 4.88987 4.88925 4.88911 4.88898 4.88897 4.88899 4.88895 4.88893 4.88904 4.88896 4.8899 4.88891 4.88895 4.88908 4.88965 4.88998 4.89014 4.89025 4.89037 4.8904 4.89045 4.89045 4.89045 4.89045 4.89045 4.89045 4.89045 4.89045 4.89045 4.89045 4.89045 4.89045 4.89045 4.89045 4.89045 4.89045 4.89045 4.89045 4.89045 4.89045 4.89045 4.89045 4.89045 4.89045 4.89045 4.89045 4.89045 4.89045 4.89045 4.89045 4.89045
5.23809 5.40468 5.4025 5.33117 5.51748 5.21631 5.04979 5.09634 4.91555 4.90823 4.90752 4.90736 4.9034 4.89884 4.89909 4.89865 4.89604 4.89624 4.89545 4.89502 4.89514 4.895 4.89489 4.89495 4.89495 4.89492 4.89526 4.8949 4.8951 4.89493 4.8954 4.89591 4.89613 4.89617 4.89622 4.89627 4.89632 4.89632 4.89632 4.89632 4.89632 4.89632 4.89632 4.89632 4.89632 4.89632 4.89632 4.89632 4.89632 4.89632 4.89632 4.89632 4.89632 4.89632 4.89632 4.89632 4.89632 4.89632 4.89632 4.89632 4.89632 4.89632 4.89632 4.89632 4.89632 4.89632 4.89632
5.2134 5.22296 5.36539 5.5194 5.36208 5.25163 4.97652 5.04865 4.94693 4.92452 4.9194 4.91115 4.90812 4.90806 4.90616 4.90345 4.90242 4.90164 4.90134 4.90107 4.90114 4.90099 4.901 4.90099 4.90106 4.90099 4.90119 4.9012 4.90099 4.901 4.90136 4.90192 4.90215 4.90216 4.9022 4.90231 4.90232 4.90232 4.90232 4.90232 4.90232 4.90232 4.90232 4.90232 4.90232 4.90232 4.90232 4.90232 4.90232 4.90232 4.90232 4.90232 4.90232 4.90232 4.90232 4.90232 4.90232 4.90232 4.90232 4.90232 4.90232 4.90232 4.90232 4.90232 4.90232 4.90232 4.90232
5.23461 5.22354 5.22505 5.37804 5.50122 5.3982 5.36027 5.0696 5.12132 4.95261 4.92652 4.92053 4.91542 4.91383 4.91127 4.91029 4.90958 4.90891 4.90918 4.90944 4.90874 4.90829 4.90838 4.90808 4.90814 4.90874 4.90802 4.90809 4.9083 4.90802 4.90814 4.90878 4.90909 4.90916 4.90918 4.9092 4.90925 4.90918 4.90923 4.90923 4.90923 4.90923 4.90923 4.90923 4.90923 4.90923 4.90923 4.90923 4.90923 4.90923 4.90923 4.90923 4.90923 4.90923 4.90923 4.90923 4.90923 4.90923 4.90923 4.90923 4.90923 4.90923 4.90923 4.90923 4.90923 4.90923 4.90923
5.24961 5.31039 5.24055 5.22854 5.47103 5.73109 5.27012 5.11847 5.03182 5.25208 4.94484 4.92694 4.92206 4.91991 4.91829 4.91716 4.9165 4.9174 4.9194 4.92036 4.91753 4.91707 4.91649 4.91547 4.91571 4.91532 4.91443 4.91439 4.91456 4.91481 4.91467 4.91494 4.91527 4.91535 4.91543 4.91553 4.91556 4.91551 4.91551 4.91551 4.91551 4.91551 4.91551 4.91551 4.91551 4.91551 4.91551 4.91551 4.91551 4.91551 4.91551 4.91551 4.91551 4.91551 4.91551 4.91551 4.91551 4.91551 4.91551 4.91551 4.91551 4.91551 4.91551 4.91551 4.91551 4.91551 4.91551
5.23065 5.38151 5.37126 5.2486 5.24034 5.43353 5.21424 5.14538 5.25684 5.02868 5.01961 4.93712 4.93213 4.92921 4.92708 4.92437 4.92337 4.92597 4.94207 4.93722 4.93558 4.93506 4.9423 4.92733 4.92434 4.92277 4.92391 4.92155 4.92091 4.92117 4.92111 4.92153 4.92163 4.92176 4.92184 4.9219 4.92198 4.92194 4.92194 4.92194 4.92194 4.92194 4.92194 4.92194 4.92194 4.92194 4.92194 4.92194 4.92194 4.92194 4.92194 4.92194 4.92194 4.92194 4.92194 4.92194 4.92194 4.92194 4.92194 4.92194 4.92194 4.92194 4.92194 4.92194 4.92194 4.92194 4.92194
5.2597 5.25532 5.28058 5.34466 5.24615 5.28695 5.32055 5.20762 5.22327 5.17947 5.24176 4.95678 4.94586 4.93585 4.93298 4.93269 4.93206 4.93331 4.94367 4.97754 4.96077 4.96396 4.96227 4.96004 4.94448 4.94199 4.92897 4.92989 4.92841 4.92842 4.92866 4.92869 4.92897 4.92913 4.92924 4.92933 4.92935 4.92934 4.92934 4.92934 4.92934 4.92934 4.92934 4.92934 4.92934 4.92934 4.92934 4.92934 4.92934 4.92934 4.92934 4.92934 4.92934 4.92934 4.92934 4.92934 4.92934 4.92934 4.92934 4.92934 4.92934 4.92934 4.92934 4.92934 4.92934 4.92934 4.92934
