data/70064_lisa.smith_molt/70064_lisa.smith_molt/stdreg.asc
ncols 531
nrows 319
xllcorner -106.19999694824219
yllcorner 23.01666515142109
cellsize 0.0833333333
NODATA_value -9999
[rows 150 to 179 of 319, columns 335 to 401 of 531]
4.69545 4.69658 4.69885 4.69969 4.69962 4.69952 4.70071 4.70189 4.70225 4.70419 4.70561 4.70525 4.70591 4.70721 4.70649 4.70673 4.70681 4.707 4.70727 4.71004 4.71046 4.70931 4.70909 4.71014 4.71056 4.71046 4.71046 4.71046 4.71046 4.71046 4.71046 4.71046 4.71046 4.71046 4.71046 4.71046 4.71046 4.71046 4.71046 4.71046 4.71046 4.71046 4.71046 4.71046 4.71046 4.71046 4.71046 4.71046 4.71046 4.71046 4.71046 4.71046 4.71046 4.71046 4.71046 4.71046 4.71046 4.71046 4.71046 4.71046 4.71046 4.71046 4.71046 4.71046 4.71046 4.71046 4.71046
4.69597 4.69804 4.69949 4.70204 4.70017 4.7012 4.70059 4.70264 4.70317 4.70538 4.70614 4.70613 4.70681 4.70692 4.70653 4.70714 4.7083 4.70719 4.7075 4.70771 4.71066 4.71066 4.70942 4.71013 4.71 4.71066 4.71066 4.71066 4.71066 4.71066 4.71066 4.71066 4.71066 4.71066 4.71066 4.71066 4.71066 4.71066 4.71066 4.71066 4.71066 4.71066 4.71066 4.71066 4.71066 4.71066 4.71066 4.71066 4.71066 4.71066 4.71066 4.71066 4.71066 4.71066 4.71066 4.71066 4.71066 4.71066 4.71066 4.71066 4.71066 4.71066 4.71066 4.71066 4.71066 4.71066 4.71066
4.6992 4.69633 4.69828 4.70016 4.70051 4.70157 4.7025 4.70263 4.70405 4.70443 4.70722 4.70831 4.70797 4.70904 4.70781 4.70694 4.70733 4.70763 4.70839 4.70805 4.70964 4.70995 4.71089 4.71089 4.71089 4.71089 4.71089 4.71089 4.71089 4.71089 4.71089 4.71089 4.71089 4.71089 4.71089 4.71089 4.71089 4.71089 4.71089 4.71089 4.71089 4.71089 4.71089 4.71089 4.71089 4.71089 4.71089 4.71089 4.71089 4.71089 4.71089 4.71089 4.71089 4.71089 4.71089 4.71089 4.71089 4.71089 4.71089 4.71089 4.71089 4.71089 4.71089 4.71089 4.71089 4.71089 4.71089
4.70066 4.69912 4.70113 4.69873 4.69989 4.70163 4.70189 4.7047 4.70555 4.70522 4.70709 4.70691 4.70772 4.70839 4.7083 4.70715 4.70821 4.7082 4.70884 4.70811 4.70842 4.71015 4.71118 4.71107 4.71055 4.71034 4.71001 4.71029 4.71107 4.71107 4.71107 4.71107 4.71107 4.71107 4.71107 4.71107 4.71107 4.71107 4.71107 4.71107 4.71107 4.71107 4.71107 4.71107 4.71107 4.71107 4.71107 4.71107 4.71107 4.71107 4.71107 4.71107 4.71107 4.71107 4.71107 4.71107 4.71107 4.71107 4.71107 4.71107 4.71107 4.71107 4.71107 4.71107 4.71107 4.71107 4.71107
4.69944 4.70174 4.7023 4.70238 4.70173 4.703 4.70207 4.70251 4.70424 4.70524 4.70619 4.70713 4.70819 4.70889 4.709 4.70858 4.70839 4.70959 4.7087 4.70832 4.709 4.71108 4.70982 4.71064 4.71092 4.71014 4.71051 4.71043 4.71115 4.71125 4.71125 4.71125 4.71125 4.71125 4.71125 4.71125 4.71125 4.71125 4.71125 4.71125 4.71125 4.71125 4.71125 4.71125 4.71125 4.71125 4.71125 4.71125 4.71125 4.71125 4.71125 4.71125 4.71125 4.71125 4.71125 4.71125 4.71125 4.71125 4.71125 4.71125 4.71125 4.71125 4.71125 4.71125 4.71125 4.71125 4.71125
4.70121 4.70187 4.70009 4.70112 4.70281 4.70573 4.70559 4.70609 4.70574 4.70656 4.70839 4.70808 4.70799 4.70805 4.70793 4.7099 4.70839 4.7092 4.7085 4.7086 4.70918 4.70933 4.7097 4.70992 4.71104 4.71073 4.71091 4.71082 4.71134 4.71144 4.71144 4.71144 4.71144 4.71144 4.71144 4.71144 4.71144 4.71144 4.71144 4.71144 4.71144 4.71144 4.71144 4.71144 4.71144 4.71144 4.71144 4.71144 4.71144 4.71144 4.71144 4.71144 4.71144 4.71144 4.71144 4.71144 4.71144 4.71144 4.71144 4.71144 4.71144 4.71144 4.71144 4.71144 4.71144 4.71144 4.71144
4.70454 4.70438 4.7027 4.70243 4.70133 4.70163 4.70236 4.70445 4.70558 4.70702 4.70847 4.70866 4.70814 4.70894 4.70849 4.70905 4.71008 4.7097 4.70904 4.70947 4.70937 4.70937 4.70975 4.71004 4.71045 4.71066 4.71109 4.71159 4.7116 4.71223 4.7116 4.7116 4.7116 4.7116 4.7116 4.7116 4.7116 4.7116 4.7116 4.7116 4.7116 4.7116 4.7116 4.7116 4.7116 4.7116 4.7116 4.7116 4.7116 4.7116 4.7116 4.7116 4.7116 4.7116 4.7116 4.7116 4.7116 4.7116 4.7116 4.7116 4.7116 4.7116 4.7116 4.7116 4.7116 4.7116 4.7116
4.70244 4.70281 4.70496 4.7048 4.70418 4.70412 4.70314 4.70433 4.70601 4.70843 4.70828 4.70972 4.71013 4.71052 4.71041 4.70856 4.7103 4.71044 4.70974 4.70864 4.70959 4.70971 4.70991 4.70981 4.71066 4.71122 4.71124 4.71145 4.71176 4.71176 4.71176 4.71176 4.71176 4.71176 4.71176 4.71176 4.71176 4.71176 4.71176 4.71176 4.71176 4.71176 4.71176 4.71176 4.71176 4.71176 4.71176 4.71176 4.71176 4.71176 4.71176 4.71176 4.71176 4.71176 4.71176 4.71176 4.71176 4.71176 4.71176 4.71176 4.71176 4.71176 4.71176 4.71176 4.71176 4.71176 4.71176
4.70028 4.70175 4.70327 4.70231 4.70447 4.70336 4.70459 4.70541 4.70881 4.70727 4.70753 4.70772 4.7084 4.70948 4.70972 4.71088 4.71067 4.71008 4.71047 4.70988 4.71038 4.70988 4.70997 4.71087 4.71109 4.71129 4.7114 4.7114 4.71192 4.71192 4.71192 4.71192 4.71192 4.71192 4.71192 4.71192 4.71192 4.71192 4.71192 4.71192 4.71192 4.71192 4.71192 4.71192 4.71192 4.71192 4.71192 4.71192 4.71192 4.71192 4.71192 4.71192 4.71192 4.71192 4.71192 4.71192 4.71192 4.71192 4.71192 4.71192 4.71192 4.71192 4.71192 4.71192 4.71192 4.71192 4.71192
4.7002 4.70266 4.70287 4.70183 4.70363 4.70319 4.70265 4.70609 4.70768 4.71002 4.70844 4.70902 4.70931 4.70922 4.71009 4.70987 4.71003 4.71257 4.71099 4.71062 4.70992 4.70991 4.71071 4.71131 4.71123 4.71123 4.71154 4.71133 4.71205 4.71205 4.71205 4.71205 4.71205 4.71205 4.71205 4.71205 4.71205 4.71205 4.71205 4.71205 4.71205 4.71205 4.71205 4.71205 4.71205 4.71205 4.71205 4.71205 4.71205 4.71205 4.71205 4.71205 4.71205 4.71205 4.71205 4.71205 4.71205 4.71205 4.71205 4.71205 4.71205 4.71205 4.71205 4.71205 4.71205 4.71205 4.71205
4.70149 4.70277 4.7029 4.7058 4.70396 4.7052 4.70492 4.70702 4.70838 4.71006 4.71054 4.70965 4.70976 4.70965 4.70975 4.71033 4.71034 4.71049 4.70991 4.71238 4.71056 4.71091 4.71127 4.71116 4.71156 4.71256 4.71163 4.71155 4.71239 4.71217 4.71217 4.71217 4.71217 4.71217 4.71217 4.71217 4.71217 4.71217 4.71217 4.71217 4.71217 4.71217 4.71217 4.71217 4.71217 4.71217 4.71217 4.71217 4.71217 4.71217 4.71217 4.71217 4.71217 4.71217 4.71217 4.71217 4.71217 4.71217 4.71217 4.71217 4.71217 4.71217 4.71217 4.71217 4.71217 4.71217 4.71217
4.70171 4.70255 4.7043 4.70585 4.70433 4.70673 4.70755 4.7091 4.70894 4.70867 4.70988 4.71075 4.71007 4.70901 4.70948 4.70958 4.7106 4.7101 4.71038 4.7123 4.7107 4.71098 4.71145 4.71159 4.71147 4.71177 4.71241 4.7123 4.7123 4.71159 4.7123 4.7123 4.7123 4.7123 4.7123 4.7123 4.7123 4.7123 4.7123 4.7123 4.7123 4.7123 4.7123 4.7123 4.7123 4.7123 4.7123 4.7123 4.7123 4.7123 4.7123 4.7123 4.7123 4.7123 4.7123 4.7123 4.7123 4.7123 4.7123 4.7123 4.7123 4.7123 4.7123 4.7123 4.7123 4.7123 4.7123
4.70364 4.70199 4.70332 4.70604 4.7062 4.7072 4.70834 4.70884 4.70988 4.71018 4.70941 4.70979 4.71117 4.70972 4.71029 4.71037 4.71011 4.7098 4.7098 4.71241 4.71167 4.71066 4.71118 4.7126 4.7117 4.71271 4.71241 4.71241 4.71241 4.71241 4.71241 4.71241 4.71241 4.71241 4.71241 4.71241 4.71241 4.71241 4.71241 4.71241 4.71241 4.71241 4.71241 4.71241 4.71241 4.71241 4.71241 4.71241 4.71241 4.71241 4.71241 4.71241 4.71241 4.71241 4.71241 4.71241 4.71241 4.71241 4.71241 4.71241 4.71241 4.71241 4.71241 4.71241 4.71241 4.71241 4.71241
4.70502 4.70477 4.70419 4.70515 4.70592 4.70687 4.70839 4.70885 4.70931 4.71018 4.70939 4.70972 4.71059 4.71149 4.71059 4.7102 4.71059 4.7105 4.71067 4.7125 4.71261 4.71148 4.71118 4.7125 4.7125 4.7125 4.7125 4.7125 4.7125 4.7125 4.7125 4.7125 4.7125 4.7125 4.7125 4.7125 4.7125 4.7125 4.7125 4.7125 4.7125 4.7125 4.7125 4.7125 4.7125 4.7125 4.7125 4.7125 4.7125 4.7125 4.7125 4.7125 4.7125 4.7125 4.7125 4.7125 4.7125 4.7125 4.7125 4.7125 4.7125 4.7125 4.7125 4.7125 4.7125 4.7125 4.7125
4.70486 4.70558 4.7062 4.70557 4.70694 4.70734 4.7094 4.7105 4.71048 4.71058 4.7104 4.70952 4.71019 4.70982 4.7112 4.71097 4.71078 4.71136 4.71087 4.7126 4.7126 4.7126 4.7126 4.7127 4.71281 4.71199 4.71159 4.71189 4.71301 4.7126 4.7126 4.7126 4.7124 4.7126 4.7126 4.7126 4.7126 4.7126 4.7126 4.7126 4.7126 4.7126 4.7126 4.7126 4.7126 4.7126 4.7126 4.7126 4.7126 4.7126 4.7126 4.7126 4.7126 4.7126 4.7126 4.7126 4.7126 4.7126 4.7126 4.7126 4.7126 4.7126 4.7126 4.7126 4.7126 4.7126 4.7126
4.70454 4.70372 4.70529 4.70716 4.70746 4.70829 4.70874 4.70907 4.70922 4.70996 4.71097 4.71019 4.70962 4.71056 4.71126 4.71178 4.71176 4.71187 4.71187 4.71188 4.71216 4.71226 4.71196 4.71217 4.71187 4.71206 4.71169 4.71221 4.71173 4.71238 4.71217 4.71268 4.71268 4.71268 4.71268 4.71268 4.71268 4.71268 4.71268 4.71268 4.71268 4.71268 4.71268 4.71268 4.71268 4.71268 4.71268 4.71268 4.71268 4.71268 4.71268 4.71268 4.71268 4.71268 4.71268 4.71268 4.71268 4.71268 4.71268 4.71268 4.71268 4.71268 4.71268 4.71268 4.71268 4.71268 4.71268
4.70359 4.70464 4.70596 4.70709 4.70817 4.70845 4.70938 4.71036 4.71025 4.71154 4.71105 4.71064 4.71026 4.7111 4.71024 4.71124 4.71145 4.71117 4.71134 4.71141 4.71162 4.71234 4.71235 4.71254 4.71244 4.71245 4.71185 4.71283 4.71157 4.71154 4.71205 4.71275 4.71275 4.71275 4.71275 4.71275 4.71275 4.71275 4.71275 4.71275 4.71275 4.71275 4.71275 4.71275 4.71275 4.71275 4.71275 4.71275 4.71275 4.71275 4.71275 4.71275 4.71275 4.71275 4.71275 4.71275 4.71275 4.71275 4.71275 4.71275 4.71275 4.71275 4.71275 4.71275 4.71275 4.71275 4.71275
4.70514 4.70581 4.70635 4.70775 4.70937 4.70918 4.70917 4.70899 4.71015 4.71063 4.71151 4.71121 4.71082 4.71119 4.71113 4.71103 4.71123 4.71073 4.71122 4.71231 4.71221 4.71332 4.71221 4.71181 4.7119 4.71241 4.7126 4.713 4.71211 4.71148 4.7121 4.71282 4.71282 4.71282 4.71282 4.71282 4.71282 4.71282 4.71282 4.71282 4.71282 4.71282 4.71282 4.71282 4.71282 4.71282 4.71282 4.71282 4.71282 4.71282 4.71282 4.71282 4.71282 4.71282 4.71282 4.71282 4.71282 4.71282 4.71282 4.71282 4.71282 4.71282 4.71282 4.71282 4.71282 4.71282 4.71282
4.70643 4.70767 4.70723 4.70848 4.70964 4.71001 4.70992 4.70925 4.7098 4.7102 4.70984 4.71217 4.71186 4.71196 4.71146 4.71138 4.71052 4.71067 4.71152 4.71247 4.71248 4.71246 4.71207 4.71204 4.71187 4.71248 4.71254 4.71188 4.71203 4.71284 4.71248 4.71287 4.71287 4.71287 4.71297 4.71287 4.71287 4.71287 4.71287 4.71287 4.71287 4.71287 4.71287 4.71287 4.71287 4.71287 4.71287 4.71287 4.71287 4.71287 4.71287 4.71287 4.71287 4.71287 4.71287 4.71287 4.71287 4.71287 4.71287 4.71287 4.71287 4.71287 4.71287 4.71287 4.71287 4.71287 4.71287
4.70804 4.70755 4.70766 4.70884 4.70875 4.70912 4.71005 4.71017 4.71071 4.71043 4.71035 4.71063 4.71092 4.7121 4.7123 4.71241 4.7116 4.71131 4.71171 4.71231 4.71281 4.71248 4.71322 4.71251 4.7126 4.7127 4.7128 4.71261 4.71283 4.71322 4.71291 4.71291 4.71291 4.71291 4.71291 4.71291 4.71291 4.71291 4.71291 4.71291 4.71291 4.71291 4.71291 4.71291 4.71291 4.71291 4.71291 4.71291 4.71291 4.71291 4.71291 4.71291 4.71291 4.71291 4.71291 4.71291 4.71291 4.71291 4.71291 4.71291 4.71291 4.71291 4.71291 4.71291 4.71291 4.71291 4.71291
4.70843 4.70835 4.70953 4.70888 4.70907 4.7099 4.70976 4.71069 4.71154 4.71115 4.71117 4.71087 4.71175 4.71145 4.71136 4.71167 4.71295 4.71255 4.71305 4.71224 4.71274 4.71304 4.71264 4.71242 4.71215 4.71286 4.71257 4.71254 4.71295 4.71295 4.71295 4.71295 4.71295 4.71295 4.71408 4.71295 4.71295 4.71295 4.71295 4.71295 4.71295 4.71295 4.71295 4.71295 4.71295 4.71295 4.71295 4.71295 4.71295 4.71295 4.71295 4.71295 4.71295 4.71295 4.71295 4.71295 4.71295 4.71295 4.71295 4.71295 4.71295 4.71295 4.71295 4.71295 4.71295 4.71295 4.71295
4.70986 4.71013 4.71041 4.71068 4.70957 4.70986 4.71014 4.7096 4.7106 4.71101 4.71197 4.71197 4.71198 4.71169 4.71148 4.711 4.712 4.7111 4.71248 4.71298 4.71298 4.71298 4.71318 4.71318 4.71278 4.7126 4.71227 4.71298 4.71298 4.71298 4.71298 4.71298 4.71298 4.71298 4.71298 4.71298 4.71298 4.71298 4.71298 4.71298 4.71298 4.71298 4.71298 4.71298 4.71298 4.71298 4.71298 4.71298 4.71298 4.71298 4.71298 4.71298 4.71298 4.71298 4.71298 4.71298 4.71298 4.71298 4.71298 4.71298 4.71298 4.71298 4.71298 4.71298 4.71298 4.71298 4.71298
4.70752 4.70803 4.70957 4.70833 4.71105 4.70995 4.71008 4.71044 4.70969 4.71102 4.71214 4.7116 4.7123 4.7121 4.71181 4.71122 4.71121 4.71171 4.7125 4.71262 4.71298 4.7127 4.713 4.713 4.713 4.713 4.713 4.713 4.713 4.713 4.713 4.713 4.713 4.713 4.713 4.713 4.713 4.713 4.713 4.713 4.713 4.713 4.713 4.713 4.713 4.713 4.713 4.713 4.713 4.713 4.713 4.713 4.713 4.713 4.713 4.713 4.713 4.713 4.713 4.713 4.713 4.713 4.713 4.713 4.713 4.713 4.713
4.70773 4.70808 4.70891 4.70845 4.70818 4.70854 4.71127 4.71166 4.71079 4.71126 4.71135 4.71123 4.71191 4.71153 4.71261 4.71223 4.71124 4.71163 4.7122 4.71242 4.7127 4.71301 4.71301 4.71301 4.71301 4.71301 4.71301 4.71301 4.71301 4.71301 4.71301 4.71301 4.71301 4.71301 4.71301 4.71301 4.71301 4.71301 4.71301 4.71301 4.71301 4.71301 4.71301 4.71301 4.71301 4.71301 4.71301 4.71301 4.71301 4.71301 4.71301 4.71301 4.71301 4.71301 4.71301 4.71301 4.71301 4.71301 4.71301 4.71301 4.71301 4.71301 4.71301 4.71301 4.71301 4.71301 4.71301
4.70844 4.70837 4.70909 4.70919 4.70855 4.70953 4.70939 4.70955 4.70944 4.71086 4.71144 4.71097 4.71155 4.71171 4.71184 4.71302 4.71212 4.71193 4.71242 4.71302 4.71244 4.71302 4.71302 4.71302 4.71302 4.71302 4.71302 4.71302 4.71302 4.71302 4.71302 4.71302 4.71302 4.71302 4.71302 4.71302 4.71302 4.71302 4.71302 4.71302 4.71302 4.71302 4.71302 4.71302 4.71302 4.71302 4.71302 4.71302 4.71302 4.71302 4.71302 4.71302 4.71302 4.71302 4.71302 4.71302 4.71302 4.71302 4.71302 4.71302 4.71302 4.71302 4.71302 4.71302 4.71302 4.71302 4.71302
4.70891 4.70886 4.70857 4.70854 4.7104 4.71067 4.70968 4.70982 4.70999 4.71096 4.71213 4.71183 4.71251 4.71152 4.71168 4.71225 4.71301 4.71182 4.71242 4.71252 4.71301 4.71301 4.71301 4.71301 4.71301 4.71301 4.71301 4.71301 4.71301 4.71301 4.71301 4.71301 4.71301 4.71301 4.71301 4.71301 4.71301 4.71301 4.71301 4.71301 4.71301 4.71301 4.71301 4.71301 4.71301 4.71301 4.71301 4.71301 4.71301 4.71301 4.71301 4.71301 4.71301 4.71301 4.71301 4.71301 4.71301 4.71301 4.71301 4.71301 4.71301 4.71301 4.71301 4.71301 4.71301 4.71301 4.71301
4.70882 4.70949 4.70944 4.70883 4.70994 4.71114 4.71082 4.71066 4.71095 4.71077 4.71133 4.71134 4.71172 4.71233 4.7122 4.71154 4.71183 4.713 4.713 4.713 4.71222 4.71251 4.71291 4.713 4.71271 4.713 4.713 4.713 4.713 4.713 4.713 4.713 4.713 4.713 4.713 4.713 4.713 4.713 4.713 4.713 4.713 4.713 4.713 4.713 4.713 4.713 4.713 4.713 4.713 4.713 4.713 4.713 4.713 4.713 4.713 4.713 4.713 4.713 4.713 4.713 4.713 4.713 4.713 4.713 4.713 4.713 4.713
4.7098 4.71096 4.70911 4.70924 4.71074 4.71154 4.71059 4.71086 4.71002 4.71238 4.71133 4.71133 4.71162 4.71268 4.7119 4.7123 4.7117 4.71182 4.7117 4.7123 4.71222 4.71269 4.71278 4.7127 4.71299 4.71299 4.71299 4.71299 4.71299 4.71299 4.71299 4.71299 4.71299 4.71299 4.71299 4.71299 4.71299 4.71299 4.71299 4.71299 4.71299 4.71299 4.71299 4.71299 4.71299 4.71299 4.71299 4.71299 4.71299 4.71299 4.71299 4.71299 4.71299 4.71299 4.71299 4.71299 4.71299 4.71299 4.71299 4.71299 4.71299 4.71299 4.71299 4.71299 4.71299 4.71299 4.71299
4.71041 4.70928 4.71006 4.71072 4.71122 4.71207 4.71142 4.71055 4.71055 4.71074 4.71256 4.71188 4.71159 4.71237 4.71217 4.71207 4.71191 4.71228 4.71207 4.71257 4.71266 4.71277 4.71296 4.71297 4.71297 4.71297 4.71297 4.71297 4.71297 4.71297 4.71297 4.71297 4.71297 4.71297 4.71297 4.71297 4.71297 4.71297 4.71297 4.71297 4.71297 4.71297 4.71297 4.71297 4.71297 4.71297 4.71297 4.71297 4.71297 4.71297 4.71297 4.71297 4.71297 4.71297 4.71297 4.71297 4.71297 4.71297 4.71297 4.71297 4.71297 4.71297 4.71297 4.71297 4.71297 4.71297 4.71297
4.71035 4.71036 4.71101 4.71102 4.71207 4.71215 4.71196 4.71091 4.71045 4.7113 4.71213 4.71294 4.71176 4.71251 4.71225 4.71235 4.71245 4.71293 4.71293 4.71293 4.71254 4.71293 4.71293 4.71293 4.71293 4.71293 4.71293 4.71293 4.71293 4.71293 4.71293 4.71293 4.71293 4.71293 4.71293 4.71293 4.71293 4.71293 4.71293 4.71293 4.71293 4.71293 4.71293 4.71293 4.71293 4.71293 4.71293 4.71293 4.71293 4.71293 4.71293 4.71293 4.71293 4.71293 4.71293 4.71293 4.71293 4.71293 4.71293 4.71293 4.71293 4.71293 4.71293 4.71293 4.71293 4.71293 4.71293
