data/70064_lisa.smith_molt/70064_lisa.smith_molt/stdreg.asc
ncols 531
nrows 319
xllcorner -106.19999694824219
yllcorner 23.01666515142109
cellsize 0.0833333333
NODATA_value -9999
[rows 270 to 299 of 319, columns 268 to 334 of 531]
4.7853 4.7853 4.7853 4.7853 4.7853 4.7853 4.7853 4.7853 4.7853 4.7853 4.7853 4.7853 4.7853 4.7853 4.7853 4.7853 4.7853 4.7853 4.78503 4.78485 4.78476 4.78476 4.78476 4.78493 4.78463 4.78454 4.78446 4.78429 4.78422 4.78421 4.7836 4.78386 4.7848 4.78476 4.78472 4.78484 4.78523 4.78543 4.78539 4.78476 4.78472 4.78485 4.7848 4.78493 4.78489 4.7853 4.7853 4.7853 4.7853 4.7853 4.7853 4.7853 4.7853 4.7853 4.7853 4.7853 4.7853 4.7853 4.7853 4.7853 4.7853 4.7853 4.7853 4.7853 4.7853 4.7853 4.7853
4.78846 4.78846 4.78846 4.78846 4.78846 4.78846 4.78846 4.78846 4.78846 4.78846 4.78846 4.78846 4.78846 4.78846 4.78846 4.78846 4.78846 4.78846 4.78819 4.78824 4.78815 4.78794 4.78802 4.78811 4.78793 4.78789 4.78785 4.78768 4.78744 4.78736 4.78713 4.78768 4.78793 4.78793 4.78806 4.78845 4.78855 4.78859 4.7886 4.78816 4.78794 4.78785 4.78802 4.78806 4.78815 4.78798 4.78846 4.78846 4.78846 4.78846 4.78846 4.78846 4.78846 4.78846 4.78846 4.78846 4.78846 4.78846 4.78846 4.78846 4.78846 4.78846 4.78846 4.78846 4.78846 4.78846 4.78846
4.79213 4.79213 4.79213 4.79213 4.79213 4.79213 4.79213 4.79213 4.79213 4.79213 4.79213 4.79213 4.79213 4.79213 4.79213 4.79213 4.79213 4.79213 4.79218 4.79191 4.79217 4.79199 4.79213 4.7921 4.79183 4.79158 4.79153 4.79133 4.79117 4.79145 4.79137 4.79149 4.7917 4.79173 4.79218 4.79222 4.79227 4.79231 4.79231 4.79227 4.79162 4.7917 4.7917 4.79174 4.79166 4.79213 4.79213 4.79213 4.79213 4.79213 4.79213 4.79213 4.79213 4.79213 4.79213 4.79213 4.79213 4.79213 4.79213 4.79213 4.79213 4.79213 4.79213 4.79213 4.79213 4.79213 4.79213
4.7955 4.7955 4.7955 4.7955 4.7955 4.7955 4.7955 4.7955 4.7955 4.7955 4.7955 4.7955 4.7955 4.7955 4.7955 4.7955 4.7955 4.7955 4.7955 4.79533 4.79537 4.7955 4.7955 4.79516 4.79508 4.795 4.79491 4.79483 4.79471 4.79471 4.79487 4.79487 4.79507 4.79511 4.7955 4.7955 4.79563 4.79567 4.79567 4.79563 4.7952 4.79495 4.79504 4.79504 4.79507 4.79512 4.7955 4.7955 4.7955 4.7955 4.7955 4.7955 4.7955 4.7955 4.7955 4.7955 4.7955 4.7955 4.7955 4.7955 4.7955 4.7955 4.7955 4.7955 4.7955 4.7955 4.7955
4.79896 4.79896 4.79896 4.79896 4.79896 4.79896 4.79896 4.79896 4.79896 4.79896 4.79896 4.79896 4.79896 4.79896 4.79896 4.79896 4.79896 4.79896 4.79896 4.79896 4.79896 4.79896 4.79896 4.79855 4.79855 4.79851 4.79851 4.7985 4.79839 4.79842 4.7985 4.79855 4.79867 4.79863 4.79871 4.79896 4.79905 4.79909 4.79909 4.79871 4.79875 4.79871 4.79851 4.79843 4.79851 4.79855 4.79896 4.79896 4.79896 4.79896 4.79896 4.79896 4.79896 4.79896 4.79896 4.79896 4.79896 4.79896 4.79896 4.79896 4.79896 4.79896 4.79896 4.79896 4.79896 4.79896 4.79896
4.80298 4.80298 4.80298 4.80298 4.80298 4.80298 4.80298 4.80298 4.80298 4.80298 4.80298 4.80298 4.80298 4.80298 4.80298 4.80298 4.80298 4.80298 4.80298 4.80298 4.80298 4.80298 4.80285 4.80265 4.80261 4.80265 4.80269 4.80265 4.80257 4.80262 4.80249 4.80257 4.80253 4.80253 4.80269 4.80265 4.80277 4.80298 4.80282 4.80277 4.80277 4.80277 4.80273 4.80249 4.80253 4.80253 4.80298 4.80298 4.80298 4.80298 4.80298 4.80298 4.80298 4.80298 4.80298 4.80298 4.80298 4.80298 4.80298 4.80298 4.80298 4.80298 4.80298 4.80298 4.80294 4.80298 4.80298
4.80665 4.80665 4.80665 4.80665 4.80665 4.80665 4.80665 4.80665 4.80665 4.80665 4.80665 4.80665 4.80665 4.80665 4.80665 4.80665 4.80665 4.80665 4.80665 4.80665 4.80665 4.80665 4.80649 4.80645 4.80665 4.80622 4.80626 4.80618 4.80618 4.80622 4.80622 4.80622 4.80618 4.80622 4.80626 4.80638 4.80633 4.80637 4.80645 4.80649 4.80645 4.80645 4.80633 4.80637 4.80633 4.80622 4.80663 4.80665 4.80665 4.80665 4.80665 4.80665 4.80665 4.80665 4.80665 4.80665 4.80665 4.80665 4.80665 4.80665 4.80665 4.80665 4.80665 4.80665 4.80645 4.80645 4.80648
4.81043 4.81043 4.81043 4.81043 4.81043 4.81043 4.81043 4.81043 4.81043 4.81043 4.81043 4.81043 4.81043 4.81043 4.81043 4.81043 4.81043 4.81043 4.81043 4.81043 4.81043 4.81043 4.81043 4.81043 4.8102 4.81008 4.80997 4.80993 4.80993 4.80986 4.80997 4.81001 4.80997 4.81004 4.81001 4.81 4.81016 4.81016 4.81019 4.81023 4.81027 4.81027 4.81016 4.81012 4.81004 4.81001 4.81043 4.81043 4.81043 4.81043 4.81043 4.81043 4.81043 4.81043 4.81043 4.81043 4.81043 4.81043 4.81043 4.81043 4.81043 4.81043 4.81032 4.81012 4.81043 4.81043 4.81043
4.81481 4.81481 4.81481 4.81481 4.81481 4.81481 4.81481 4.81481 4.81481 4.81481 4.81481 4.81481 4.81481 4.81481 4.81481 4.81481 4.81481 4.81481 4.81481 4.81481 4.81481 4.81481 4.81481 4.81481 4.81481 4.81443 4.81443 4.81432 4.81442 4.81428 4.81428 4.81439 4.81435 4.81428 4.81435 4.81446 4.81457 4.81458 4.81454 4.81461 4.81461 4.81462 4.81458 4.81454 4.81454 4.81439 4.81481 4.81481 4.81481 4.81481 4.81481 4.81481 4.81481 4.81481 4.81481 4.81481 4.81481 4.81481 4.81481 4.81481 4.81481 4.81481 4.81481 4.81481 4.81481 4.81481 4.81481
4.81881 4.81881 4.81881 4.81881 4.81881 4.81881 4.81881 4.81881 4.81881 4.81881 4.81881 4.81881 4.81881 4.81881 4.81881 4.81881 4.81881 4.81881 4.81881 4.81881 4.81881 4.81881 4.81881 4.81881 4.81881 4.81848 4.8184 4.81827 4.8184 4.8184 4.8184 4.81832 4.81833 4.81829 4.81825 4.8184 4.81855 4.81855 4.81858 4.81862 4.81862 4.81862 4.81858 4.81855 4.81847 4.81844 4.81881 4.81881 4.81881 4.81881 4.81881 4.81881 4.81881 4.81881 4.81881 4.81881 4.81881 4.81881 4.81881 4.81881 4.81881 4.81881 4.81881 4.81881 4.81881 4.81881 4.81881
4.82292 4.82292 4.82292 4.82292 4.82292 4.82292 4.82292 4.82292 4.82292 4.82292 4.82292 4.82292 4.82292 4.82292 4.82292 4.82292 4.82292 4.82292 4.82292 4.82292 4.82292 4.82292 4.82292 4.82292 4.82292 4.82266 4.82256 4.82258 4.82266 4.82245 4.82252 4.82259 4.82255 4.82252 4.82235 4.82255 4.82266 4.8227 4.82273 4.82277 4.82273 4.82273 4.82273 4.8227 4.82255 4.82263 4.82292 4.82292 4.82292 4.82292 4.82292 4.82292 4.82292 4.82292 4.82292 4.82292 4.82292 4.82292 4.82292 4.82292 4.82292 4.82292 4.82292 4.82292 4.82292 4.82292 4.82292
4.82767 4.82767 4.82767 4.82767 4.82767 4.82767 4.82767 4.82767 4.82767 4.82767 4.82767 4.82767 4.82767 4.82767 4.82767 4.82767 4.82767 4.82767 4.82767 4.82767 4.82767 4.82767 4.82767 4.82767 4.82767 4.82732 4.82732 4.82735 4.82735 4.82728 4.82725 4.82722 4.82735 4.82722 4.82728 4.82721 4.82742 4.82749 4.82749 4.82753 4.82749 4.82749 4.82749 4.82746 4.82745 4.82738 4.82767 4.82767 4.82767 4.82767 4.82767 4.82767 4.82767 4.82767 4.82767 4.82767 4.82767 4.82767 4.82767 4.82767 4.82767 4.82767 4.82767 4.82767 4.82767 4.82767 4.82767
4.83201 4.83201 4.83201 4.83201 4.83201 4.83201 4.83201 4.83201 4.83201 4.83201 4.83201 4.83201 4.83201 4.83201 4.83201 4.83201 4.83201 4.83201 4.83201 4.83201 4.83201 4.83201 4.83201 4.83201 4.83201 4.83191 4.83164 4.83166 4.83173 4.8317 4.83157 4.83173 4.83164 4.83177 4.83177 4.83177 4.8318 4.83184 4.8318 4.83177 4.8318 4.83183 4.8318 4.8318 4.83177 4.8317 4.83201 4.83201 4.83201 4.83201 4.83201 4.83201 4.83201 4.83201 4.83201 4.83201 4.83201 4.83201 4.83201 4.83201 4.83201 4.83201 4.83201 4.83201 4.83201 4.83201 4.83201
4.83647 4.83647 4.83647 4.83647 4.83647 4.83647 4.83647 4.83647 4.83647 4.83647 4.83647 4.83647 4.83647 4.83647 4.83647 4.83647 4.83647 4.83647 4.83647 4.83647 4.83647 4.83647 4.83647 4.83647 4.83647 4.83647 4.83629 4.83626 4.83616 4.83619 4.83613 4.83616 4.83626 4.83623 4.8362 4.83626 4.83623 4.83626 4.83623 4.83626 4.8363 4.83629 4.83626 4.83626 4.8362 4.8362 4.83647 4.83647 4.83647 4.83647 4.83647 4.83647 4.83647 4.83647 4.83647 4.83647 4.83647 4.83647 4.83647 4.83647 4.83647 4.83647 4.83647 4.83647 4.83647 4.83647 4.83647
4.84161 4.84161 4.84161 4.84161 4.84161 4.84161 4.84161 4.84161 4.84161 4.84161 4.84161 4.84161 4.84161 4.84161 4.84161 4.84161 4.84161 4.84161 4.84161 4.84161 4.84161 4.84161 4.84161 4.84161 4.84161 4.84161 4.84168 4.84139 4.84148 4.84139 4.84132 4.84145 4.84142 4.84142 4.84139 4.84139 4.84138 4.84142 4.84145 4.84145 4.84142 4.84145 4.84148 4.84136 4.84132 4.84126 4.84161 4.84161 4.84161 4.84161 4.84161 4.84161 4.84161 4.84161 4.84161 4.84161 4.84161 4.84161 4.84161 4.84161 4.84161 4.84161 4.84161 4.84161 4.84161 4.84161 4.84161
4.84631 4.84631 4.84631 4.84631 4.84631 4.84631 4.84631 4.84631 4.84631 4.84631 4.84631 4.84631 4.84631 4.84631 4.84631 4.84631 4.84631 4.84631 4.84631 4.84631 4.84631 4.84631 4.84631 4.84631 4.84631 4.84631 4.84631 4.84631 4.84631 4.84615 4.84612 4.84625 4.84609 4.84606 4.84606 4.84615 4.84615 4.84615 4.84615 4.84615 4.84618 4.84612 4.84606 4.84606 4.84603 4.84631 4.84631 4.84631 4.84631 4.84631 4.84631 4.84631 4.84631 4.84631 4.84631 4.84631 4.84631 4.84631 4.84631 4.84631 4.84631 4.84631 4.84631 4.84631 4.84631 4.84631 4.84631
4.85113 4.85113 4.85113 4.85113 4.85113 4.85113 4.85113 4.85113 4.85113 4.85113 4.85113 4.85113 4.85113 4.85113 4.85113 4.85113 4.85113 4.85113 4.85113 4.85113 4.85113 4.85113 4.85113 4.85113 4.85113 4.85113 4.85113 4.85113 4.85113 4.85113 4.85113 4.8511 4.85104 4.85097 4.85094 4.851 4.85097 4.85097 4.85101 4.851 4.851 4.85095 4.85091 4.85088 4.85085 4.85113 4.85113 4.85113 4.85113 4.85113 4.85113 4.85113 4.85113 4.85113 4.85113 4.85113 4.85113 4.85113 4.85113 4.85113 4.85113 4.85113 4.85113 4.85113 4.85113 4.85113 4.85113
4.85669 4.85669 4.85669 4.85669 4.85669 4.85669 4.85669 4.85669 4.85669 4.85669 4.85669 4.85669 4.85669 4.85669 4.85669 4.85669 4.85669 4.85669 4.85669 4.85669 4.85669 4.85669 4.85669 4.85669 4.85669 4.85669 4.85669 4.85669 4.85669 4.85669 4.85669 4.85669 4.85673 4.8566 4.85657 4.8566 4.85657 4.85657 4.85657 4.85654 4.85654 4.85648 4.85645 4.85637 4.85669 4.85669 4.85669 4.85669 4.85669 4.85669 4.85669 4.85669 4.85669 4.85669 4.85669 4.85669 4.85669 4.85669 4.85669 4.85669 4.85669 4.85669 4.85669 4.85669 4.85669 4.85669 4.85669
4.86177 4.86177 4.86177 4.86177 4.86177 4.86177 4.86177 4.86177 4.86177 4.86177 4.86177 4.86177 4.86177 4.86177 4.86177 4.86177 4.86177 4.86177 4.86177 4.86177 4.86177 4.86177 4.86177 4.86177 4.86177 4.86177 4.86177 4.86177 4.86177 4.86177 4.86177 4.86177 4.86165 4.86176 4.8617 4.86171 4.86168 4.86165 4.86162 4.86165 4.86159 4.86156 4.86153 4.86156 4.86177 4.86177 4.86177 4.86177 4.86177 4.86177 4.86177 4.86177 4.86177 4.86177 4.86177 4.86177 4.86177 4.86177 4.86177 4.86177 4.86177 4.86177 4.86177 4.86177 4.86177 4.86177 4.86177
4.86696 4.86696 4.86696 4.86696 4.86696 4.86696 4.86696 4.86696 4.86696 4.86696 4.86696 4.86696 4.86696 4.86696 4.86696 4.86696 4.86696 4.86696 4.86696 4.86696 4.86696 4.86696 4.86696 4.86696 4.86696 4.86696 4.86696 4.86696 4.86696 4.86696 4.86696 4.86696 4.86696 4.86684 4.86698 4.8669 4.86685 4.86687 4.86685 4.86685 4.86676 4.86676 4.86676 4.86696 4.86696 4.86696 4.86696 4.86696 4.86696 4.86696 4.86696 4.86696 4.86696 4.86696 4.86696 4.86696 4.86696 4.86696 4.86696 4.86696 4.86696 4.86696 4.86696 4.86696 4.86696 4.86696 4.86696
4.87295 4.87295 4.87295 4.87295 4.87295 4.87295 4.87295 4.87295 4.87295 4.87295 4.87295 4.87295 4.87295 4.87295 4.87295 4.87295 4.87295 4.87295 4.87295 4.87295 4.87295 4.87295 4.87295 4.87295 4.87295 4.87295 4.87295 4.87295 4.87295 4.87295 4.87295 4.87295 4.87295 4.87276 4.87284 4.87287 4.87287 4.87287 4.87287 4.87284 4.87282 4.87279 4.87279 4.87295 4.87295 4.87295 4.87295 4.87295 4.87295 4.87295 4.87295 4.87295 4.87295 4.87295 4.87295 4.87295 4.87295 4.87295 4.87295 4.87295 4.87295 4.87295 4.87295 4.87295 4.87295 4.87295 4.87295
4.87842 4.87842 4.87842 4.87842 4.87842 4.87842 4.87842 4.87842 4.87842 4.87842 4.87842 4.87842 4.87842 4.87842 4.87842 4.87842 4.87842 4.87842 4.87842 4.87842 4.87842 4.87842 4.87842 4.87842 4.87842 4.87842 4.87842 4.87842 4.87842 4.87842 4.87842 4.87842 4.87842 4.87842 4.87823 4.87834 4.87834 4.87836 4.87823 4.87823 4.87826 4.87831 4.87834 4.87842 4.87842 4.87842 4.87842 4.87842 4.87842 4.87842 4.87842 4.87842 4.87842 4.87842 4.87842 4.87842 4.87842 4.87842 4.87842 4.87842 4.87842 4.87842 4.87842 4.87842 4.87842 4.87842 4.87842
4.88401 4.88401 4.88401 4.88401 4.88401 4.88401 4.88401 4.88401 4.88401 4.88401 4.88401 4.88401 4.88401 4.88401 4.88401 4.88401 4.88401 4.88401 4.88401 4.88401 4.88401 4.88401 4.88401 4.88401 4.88401 4.88401 4.88401 4.88401 4.88401 4.88401 4.88401 4.88401 4.88401 4.88401 4.88401 4.88401 4.88393 4.8839 4.8839 4.88388 4.8839 4.8839 4.88401 4.8839 4.88401 4.88401 4.88401 4.88401 4.88401 4.88401 4.88401 4.88401 4.88401 4.88401 4.88401 4.88401 4.88401 4.88401 4.88401 4.88401 4.88401 4.88401 4.88401 4.88401 4.88401 4.88401 4.88401
4.89045 4.89045 4.89045 4.89045 4.89045 4.89045 4.89045 4.89045 4.89045 4.89045 4.89045 4.89045 4.89045 4.89045 4.89045 4.89045 4.89045 4.89045 4.89045 4.89045 4.89045 4.89045 4.89045 4.89045 4.89045 4.89045 4.89045 4.89045 4.89045 4.89045 4.89045 4.89045 4.89045 4.89025 4.8904 4.89045 4.8904 4.89033 4.89033 4.89035 4.89045 4.89045 4.89045 4.89045 4.89045 4.89045 4.89045 4.89045 4.89045 4.89045 4.89045 4.89045 4.89045 4.89045 4.89045 4.89045 4.89045 4.89045 4.89045 4.89045 4.89045 4.89045 4.89045 4.89045 4.89045 4.89045 4.89045
4.89632 4.89632 4.89632 4.89632 4.89632 4.89632 4.89632 4.89632 4.89632 4.89632 4.89632 4.89632 4.89632 4.89632 4.89632 4.89632 4.89632 4.89632 4.89632 4.89632 4.89632 4.89632 4.89632 4.89632 4.89632 4.89632 4.89632 4.89632 4.89632 4.89632 4.89632 4.89632 4.89632 4.89632 4.89627 4.89632 4.89632 4.89632 4.89632 4.89632 4.89632 4.89632 4.89632 4.89632 4.89632 4.89632 4.89632 4.89632 4.89632 4.89632 4.89632 4.89632 4.89632 4.89632 4.89632 4.89632 4.89632 4.89632 4.89632 4.89632 4.89632 4.89632 4.89632 4.89632 4.89632 4.89632 4.89632
4.90232 4.90232 4.90232 4.90232 4.90232 4.90232 4.90232 4.90232 4.90232 4.90232 4.90232 4.90232 4.90232 4.90232 4.90232 4.90232 4.90232 4.90232 4.90232 4.90232 4.90232 4.90232 4.90232 4.90232 4.90232 4.90232 4.90232 4.90232 4.90232 4.90232 4.90232 4.90232 4.90232 4.90232 4.90232 4.90232 4.90232 4.90232 4.90232 4.90232 4.90232 4.90232 4.90232 4.90232 4.90232 4.90232 4.90232 4.90232 4.90232 4.90232 4.90232 4.90232 4.90232 4.90232 4.90232 4.90232 4.90232 4.90232 4.90232 4.90232 4.90232 4.90232 4.90232 4.90232 4.90232 4.90232 4.90232
4.90923 4.90923 4.90923 4.90923 4.90923 4.90923 4.90923 4.90923 4.90923 4.90923 4.90923 4.90923 4.90923 4.90923 4.90923 4.90923 4.90923 4.90923 4.90923 4.90923 4.90923 4.90923 4.90923 4.90923 4.90923 4.90923 4.90923 4.90923 4.90923 4.90923 4.90923 4.90923 4.90923 4.90923 4.90923 4.90923 4.90923 4.90923 4.90923 4.90923 4.90923 4.90923 4.90923 4.90923 4.90923 4.90923 4.90923 4.90923 4.90923 4.90923 4.90923 4.90923 4.90923 4.90923 4.90923 4.90923 4.90923 4.90923 4.90923 4.90923 4.90923 4.90923 4.90923 4.90923 4.90923 4.90923 4.90923
4.91551 4.91551 4.91551 4.91551 4.91551 4.91551 4.91551 4.91551 4.91551 4.91551 4.91551 4.91551 4.91551 4.91551 4.91551 4.91551 4.91551 4.91551 4.91551 4.91551 4.91551 4.91551 4.91551 4.91551 4.91551 4.91551 4.91551 4.91551 4.91551 4.91551 4.91551 4.91551 4.91551 4.91551 4.91551 4.91551 4.91551 4.91551 4.91551 4.91551 4.91551 4.91551 4.91551 4.91551 4.91551 4.91551 4.91551 4.91551 4.91551 4.91551 4.91551 4.91551 4.91551 4.91551 4.91551 4.91551 4.91551 4.91551 4.91551 4.91551 4.91551 4.91551 4.91551 4.91551 4.91551 4.91551 4.91551
4.92194 4.92194 4.92194 4.92194 4.92194 4.92194 4.92194 4.92194 4.92194 4.92194 4.92194 4.92194 4.92194 4.92194 4.92194 4.92194 4.92194 4.92194 4.92194 4.92194 4.92194 4.92194 4.92194 4.92194 4.92194 4.92194 4.92194 4.92194 4.92194 4.92194 4.92194 4.92194 4.92194 4.92194 4.92194 4.92194 4.92194 4.92194 4.92194 4.92194 4.92194 4.92194 4.92194 4.92194 4.92194 4.92194 4.92194 4.92194 4.92194 4.92194 4.92194 4.92194 4.92194 4.92194 4.92194 4.92194 4.92194 4.92194 4.92194 4.92194 4.92194 4.92194 4.92194 4.92194 4.92194 4.92194 4.92194
4.92934 4.92934 4.92934 4.92934 4.92934 4.92934 4.92934 4.92934 4.92934 4.92934 4.92934 4.92934 4.92934 4.92934 4.92934 4.92934 4.92934 4.92934 4.92934 4.92934 4.92934 4.92934 4.92934 4.92934 4.92934 4.92934 4.92934 4.92934 4.92934 4.92934 4.92934 4.92934 4.92934 4.92934 4.92934 4.92934 4.92934 4.92934 4.92934 4.92934 4.92934 4.92934 4.92934 4.92934 4.92934 4.92934 4.92934 4.92934 4.92934 4.92934 4.92934 4.92934 4.92934 4.92934 4.92934 4.92934 4.92934 4.92934 4.92934 4.92934 4.92934 4.92934 4.92934 4.92934 4.92934 4.92934 4.92934
