data/70064_lisa.smith_molt/70064_lisa.smith_molt/stdreg.asc
ncols 531
nrows 319
xllcorner -106.19999694824219
yllcorner 23.01666515142109
cellsize 0.0833333333
NODATA_value -9999
[rows 0 to 29 of 319, columns 67 to 133 of 531]
5.0238 5.02377 5.02386 5.02375 5.02371 5.02406 5.02465 5.02472 5.02499 5.02403 5.02347 5.02293 5.02275 5.0226 5.02262 5.02263 5.02247 5.02271 5.02275 5.02273 5.0226 5.02284 5.02278 5.0227 5.0227 5.02246 5.02243 5.02242 5.02243 5.02246 5.02252 5.02262 5.02279 5.02285 5.0229 5.02293 5.02299 5.02299 5.02304 5.02304 5.02304 5.02305 5.02307 5.02305 5.02301 5.02296 5.0229 5.02285 5.02272 5.02253 5.0225 5.02247 5.02243 5.02243 5.02243 5.02242 5.02242 5.02242 5.02242 5.02242 5.02243 5.02243 5.02243 5.02245 5.02247 5.02245 5.02243
5.01447 5.01443 5.01434 5.01452 5.01454 5.01464 5.01463 5.01472 5.01532 5.01457 5.01402 5.01386 5.0138 5.01362 5.01335 5.01338 5.01338 5.01337 5.01335 5.01339 5.01356 5.01354 5.01453 5.01511 5.01526 5.01522 5.01322 5.01302 5.01303 5.01307 5.01315 5.01323 5.01335 5.01346 5.01352 5.01357 5.01362 5.01367 5.01365 5.01367 5.0137 5.01368 5.01372 5.01368 5.01359 5.01355 5.01351 5.01343 5.0133 5.01317 5.01313 5.01303 5.01302 5.01303 5.01306 5.01306 5.01302 5.01302 5.01304 5.01304 5.01304 5.01305 5.01307 5.01304 5.01303 5.01304 5.01308
5.004 5.00394 5.00423 5.00444 5.0046 5.00475 5.00505 5.00496 5.00477 5.00365 5.0047 5.00456 5.00491 5.00421 5.00381 5.00352 5.00341 5.00326 5.00315 5.00326 5.00421 5.00439 5.00467 5.00475 5.00512 5.00508 5.00378 5.00288 5.00268 5.00272 5.00281 5.00287 5.00299 5.00309 5.00317 5.00325 5.00332 5.00333 5.00335 5.00335 5.00335 5.00335 5.00335 5.00333 5.00328 5.00312 5.00295 5.00283 5.00278 5.00271 5.00272 5.00267 5.00265 5.00274 5.00269 5.00265 5.00265 5.00265 5.00265 5.00265 5.00266 5.00268 5.0027 5.00272 5.00268 5.00265 5.00265
4.99512 4.99527 4.99624 4.99656 4.99664 4.9964 4.99671 4.99657 4.99644 4.9962 4.99577 4.99551 4.99543 4.99586 4.99564 4.9949 4.99477 4.99477 4.9947 4.99512 4.99548 4.99524 4.99548 4.9962 4.99617 4.99641 4.99627 4.99489 4.99363 4.99366 4.99377 4.99387 4.99396 4.99407 4.99416 4.99424 4.99429 4.99432 4.99436 4.99436 4.99437 4.99434 4.99434 4.99432 4.99426 4.99394 4.99378 4.99373 4.99367 4.99365 4.99363 4.99361 4.99383 4.99401 4.99386 4.99365 4.9936 4.9936 4.99361 4.99361 4.99363 4.99369 4.9937 4.99371 4.99366 4.99362 4.99361
4.98704 4.98723 4.98773 4.98785 4.98785 4.98778 4.98785 4.98781 4.98788 4.98778 4.98753 4.98717 4.98687 4.98662 4.98734 4.98656 4.98627 4.98604 4.98612 4.98614 4.98541 4.98661 4.98683 4.98569 4.98703 4.98724 4.9876 4.98735 4.98609 4.98473 4.98484 4.98496 4.98508 4.98519 4.98528 4.98534 4.98542 4.98546 4.98549 4.98555 4.98549 4.98551 4.98548 4.98546 4.98537 4.98504 4.9849 4.98484 4.98481 4.98477 4.98475 4.98473 4.98474 4.98484 4.98515 4.98497 4.98484 4.98483 4.98475 4.98476 4.98476 4.98477 4.98482 4.9849 4.98478 4.98475 4.98476
4.97728 4.9776 4.97787 4.97777 4.97779 4.9779 4.97838 4.97855 4.97833 4.97805 4.97798 4.97763 4.97735 4.97705 4.97679 4.97583 4.97624 4.97586 4.97652 4.97585 4.97662 4.97682 4.97705 4.9772 4.97671 4.97735 4.97748 4.97748 4.97598 4.9752 4.97498 4.97509 4.97526 4.97536 4.97551 4.97557 4.97564 4.97569 4.97572 4.97578 4.9758 4.97578 4.97573 4.97567 4.97559 4.97519 4.9751 4.97509 4.97506 4.97503 4.97498 4.97496 4.97493 4.97494 4.97494 4.97499 4.97528 4.97519 4.97503 4.97495 4.97496 4.97499 4.97503 4.9751 4.97497 4.97494 4.97493
4.96897 4.96947 4.97079 4.97206 4.9728 4.97311 4.97261 4.97195 4.97146 4.97111 4.97076 4.97023 4.96949 4.9687 4.96838 4.96824 4.96821 4.96826 4.96818 4.96795 4.9681 4.96829 4.96846 4.96846 4.96838 4.96713 4.96861 4.96836 4.96789 4.96713 4.96646 4.96652 4.96663 4.96682 4.96695 4.96702 4.96712 4.96716 4.96721 4.96721 4.96726 4.96727 4.96725 4.96721 4.96689 4.96672 4.96659 4.96656 4.96652 4.96648 4.96646 4.96643 4.96641 4.9664 4.96645 4.96662 4.96643 4.9665 4.96646 4.96641 4.96642 4.96641 4.9664 4.9664 4.9664 4.9664 4.9664
4.9606 4.96372 4.96902 4.97202 4.97002 4.97082 4.97031 4.97133 4.96821 4.9651 4.96367 4.96307 4.96267 4.96128 4.96025 4.9599 4.95971 4.95984 4.96 4.9599 4.95974 4.96001 4.96024 4.96022 4.95996 4.95835 4.95823 4.95892 4.95824 4.95958 4.95928 4.95804 4.95823 4.95836 4.9585 4.95865 4.95877 4.95877 4.95887 4.95889 4.95891 4.95893 4.95891 4.95889 4.95856 4.95834 4.95821 4.95815 4.95813 4.95813 4.95809 4.95806 4.95804 4.95805 4.95804 4.95803 4.95803 4.95811 4.95806 4.95808 4.95803 4.95803 4.95803 4.95803 4.95804 4.95804 4.95804
4.95139 4.95453 4.96558 4.96027 4.96031 4.9609 4.95849 4.96053 4.96017 4.95862 4.95908 4.95479 4.9538 4.95324 4.95187 4.95087 4.95051 4.95051 4.95093 4.95129 4.95067 4.95075 4.95087 4.95073 4.9507 4.95064 4.95067 4.95073 4.95073 4.95039 4.94965 4.94912 4.94897 4.94907 4.94918 4.94934 4.94943 4.94956 4.9496 4.94971 4.94975 4.94977 4.94973 4.94973 4.94956 4.9492 4.94904 4.94896 4.94891 4.9489 4.94889 4.94886 4.94888 4.94886 4.94885 4.94885 4.94885 4.94883 4.94883 4.94883 4.94883 4.94881 4.94881 4.9488 4.94882 4.94882 4.94882
4.94238 4.94327 4.94566 4.95106 4.95205 4.95264 4.94923 4.95003 4.95125 4.95135 4.9496 4.94931 4.94558 4.94502 4.94437 4.94331 4.94257 4.94241 4.94264 4.94302 4.94309 4.94276 4.94288 4.94262 4.94257 4.9427 4.9427 4.94278 4.94302 4.94264 4.94249 4.94154 4.94085 4.9408 4.94108 4.94124 4.94142 4.94154 4.94162 4.94171 4.94175 4.94177 4.94175 4.94175 4.9417 4.94141 4.94115 4.94102 4.94092 4.94089 4.94086 4.94085 4.94086 4.94086 4.94085 4.94084 4.94083 4.94083 4.94083 4.94083 4.94081 4.94078 4.94078 4.94077 4.94078 4.9408 4.94079
4.9341 4.93434 4.93476 4.93517 4.93547 4.93564 4.93544 4.93586 4.93622 4.93674 4.93797 4.93766 4.93734 4.93686 4.93643 4.93572 4.93487 4.93449 4.93451 4.93486 4.93516 4.93516 4.93492 4.93475 4.93473 4.93481 4.93483 4.93522 4.93541 4.93519 4.93462 4.93454 4.93297 4.93289 4.93302 4.9332 4.93341 4.93359 4.93374 4.93385 4.93389 4.93395 4.93402 4.93396 4.93386 4.93368 4.93344 4.93321 4.93308 4.93302 4.93302 4.93302 4.93301 4.93299 4.93298 4.93295 4.93291 4.9329 4.93294 4.93294 4.9329 4.9329 4.9329 4.93289 4.93289 4.9329 4.93293
4.9252 4.92522 4.9253 4.92548 4.92586 4.92587 4.92594 4.92603 4.92636 4.92655 4.92693 4.92736 4.92762 4.92796 4.92746 4.92671 4.92606 4.92571 4.92571 4.92589 4.92613 4.92631 4.92625 4.92602 4.92605 4.92597 4.92616 4.92633 4.92657 4.92664 4.92622 4.9261 4.92529 4.92422 4.92439 4.92451 4.92473 4.9249 4.92506 4.92518 4.92522 4.92533 4.92541 4.92535 4.92526 4.9251 4.92487 4.92464 4.92445 4.92436 4.92435 4.92435 4.92434 4.92431 4.92425 4.92424 4.92422 4.92421 4.92422 4.92424 4.92424 4.92422 4.92423 4.92428 4.92427 4.92428 4.92429
4.91765 4.91767 4.91763 4.91761 4.91765 4.91778 4.91798 4.91824 4.9186 4.91862 4.91883 4.91843 4.91901 4.91937 4.91915 4.91863 4.9182 4.91798 4.91793 4.91805 4.91822 4.9184 4.91848 4.91846 4.91835 4.9184 4.91848 4.91877 4.91907 4.91898 4.91877 4.91849 4.9178 4.91667 4.91698 4.91708 4.91722 4.91737 4.91753 4.91765 4.91777 4.91781 4.9179 4.91786 4.91777 4.91763 4.91744 4.91718 4.91692 4.91681 4.91677 4.91674 4.91674 4.91672 4.91669 4.91667 4.91666 4.91666 4.91666 4.91667 4.91666 4.91668 4.91674 4.91674 4.91674 4.91674 4.91679
4.9101 4.91016 4.91009 4.91032 4.9103 4.91036 4.91051 4.91129 4.91103 4.91138 4.91138 4.91122 4.91118 4.91102 4.91102 4.91064 4.91041 4.91033 4.91028 4.91037 4.91048 4.91061 4.91074 4.91083 4.91086 4.91078 4.91083 4.91107 4.9116 4.91139 4.9112 4.91084 4.91002 4.90929 4.90939 4.90979 4.90992 4.91004 4.91015 4.91029 4.91041 4.91048 4.91052 4.9105 4.91046 4.91029 4.91015 4.90994 4.90961 4.90943 4.90936 4.90932 4.9093 4.90928 4.90927 4.90927 4.9093 4.90927 4.90927 4.90927 4.90928 4.90929 4.90932 4.90932 4.90933 4.90935 4.90941
4.9021 4.90204 4.90199 4.90198 4.90206 4.90202 4.90206 4.90236 4.90292 4.90291 4.90318 4.90331 4.90298 4.90299 4.90245 4.90221 4.90208 4.90199 4.90199 4.90202 4.90206 4.90218 4.90225 4.90231 4.90238 4.9024 4.90238 4.90254 4.90274 4.90296 4.9028 4.9025 4.90177 4.90114 4.90114 4.90165 4.90184 4.90203 4.90215 4.90225 4.90238 4.90236 4.90246 4.90243 4.90234 4.90225 4.90211 4.90188 4.90156 4.90127 4.90122 4.90118 4.90114 4.90112 4.90113 4.90112 4.90112 4.90112 4.90112 4.90113 4.90113 4.90114 4.90116 4.90116 4.9012 4.90123 4.90119
4.89509 4.89499 4.8949 4.89495 4.89499 4.89493 4.89505 4.89524 4.89548 4.8955 4.8958 4.89585 4.89604 4.89575 4.8955 4.89511 4.89493 4.89479 4.89477 4.89477 4.89482 4.89487 4.89495 4.89503 4.89511 4.89511 4.89513 4.89522 4.89538 4.89552 4.89565 4.8954 4.89468 4.89406 4.89405 4.89444 4.89476 4.89496 4.89514 4.89525 4.89532 4.89537 4.89542 4.89542 4.89535 4.89523 4.89508 4.89491 4.89459 4.89431 4.89417 4.89413 4.89407 4.89406 4.89405 4.89406 4.89405 4.89405 4.89405 4.89404 4.89405 4.89405 4.89406 4.89406 4.89407 4.89407 4.89406
4.88825 4.88809 4.88786 4.88815 4.88813 4.88835 4.8885 4.88836 4.88827 4.88851 4.8885 4.88878 4.88881 4.88856 4.88815 4.88817 4.88809 4.88781 4.88774 4.88776 4.88778 4.88786 4.88791 4.88801 4.88803 4.88809 4.88811 4.88819 4.88825 4.88832 4.88839 4.88837 4.88778 4.88712 4.88712 4.8874 4.88774 4.88802 4.88823 4.88838 4.88845 4.8885 4.88852 4.88852 4.88845 4.88836 4.88819 4.88801 4.88777 4.88751 4.88729 4.88721 4.88715 4.88713 4.88712 4.88713 4.88713 4.88712 4.88712 4.88712 4.88711 4.88711 4.88711 4.88714 4.88714 4.88714 4.88713
4.88066 4.88029 4.88047 4.88049 4.88048 4.88077 4.88072 4.88077 4.88088 4.88101 4.88107 4.88128 4.88116 4.88085 4.88105 4.8808 4.88028 4.88014 4.88013 4.88015 4.88012 4.88036 4.88017 4.88022 4.88033 4.88046 4.88048 4.88046 4.8805 4.88059 4.88057 4.88059 4.88009 4.87954 4.87953 4.87961 4.88005 4.88036 4.88054 4.88073 4.88085 4.88092 4.88095 4.88092 4.88085 4.88078 4.88065 4.88044 4.88023 4.88007 4.87981 4.87961 4.87953 4.8795 4.87951 4.87951 4.87951 4.8795 4.8795 4.87949 4.87949 4.87949 4.87949 4.87949 4.8795 4.87952 4.8795
4.87418 4.87387 4.87389 4.87393 4.87402 4.87386 4.87391 4.87426 4.87402 4.8742 4.87461 4.87449 4.87437 4.87468 4.87442 4.8741 4.87361 4.87341 4.87339 4.87353 4.87353 4.87349 4.87364 4.87358 4.87371 4.87369 4.87375 4.87377 4.87379 4.87379 4.87383 4.87387 4.87363 4.873 4.87287 4.87288 4.87318 4.87363 4.8739 4.8741 4.87422 4.87429 4.87434 4.87432 4.87427 4.87417 4.87408 4.87393 4.87367 4.87348 4.87328 4.87303 4.87291 4.87291 4.87291 4.87289 4.87288 4.87287 4.87287 4.87287 4.87287 4.87286 4.87286 4.87286 4.87286 4.87287 4.87286
4.86787 4.86752 4.86761 4.86761 4.86741 4.86763 4.86755 4.86745 4.86742 4.86758 4.86768 4.868 4.86797 4.86788 4.86813 4.86855 4.86736 4.8669 4.86687 4.86692 4.86687 4.86688 4.86687 4.86714 4.86709 4.8672 4.86727 4.86725 4.86724 4.86729 4.8673 4.86733 4.8673 4.86679 4.86638 4.86643 4.86663 4.86701 4.86739 4.86759 4.8677 4.8678 4.86782 4.86785 4.86782 4.86773 4.86763 4.86752 4.86732 4.86704 4.8668 4.86661 4.86648 4.8665 4.86645 4.86643 4.86642 4.8664 4.8664 4.8664 4.86639 4.86639 4.86638 4.86638 4.86638 4.86638 4.86639
4.86045 4.86079 4.86046 4.86054 4.86058 4.86061 4.86046 4.86038 4.8608 4.8607 4.86019 4.86083 4.86079 4.86054 4.8604 4.86055 4.86031 4.86036 4.86001 4.86037 4.86048 4.8606 4.85984 4.85992 4.85972 4.85981 4.8598 4.85987 4.86008 4.8601 4.86008 4.8601 4.8601 4.85989 4.85941 4.85932 4.85933 4.85962 4.86005 4.86029 4.8606 4.86062 4.86067 4.86072 4.86072 4.86067 4.86055 4.86044 4.86027 4.86002 4.85974 4.85968 4.85951 4.85943 4.85939 4.85934 4.85932 4.8593 4.85929 4.85928 4.85928 4.85927 4.85927 4.85926 4.85928 4.85928 4.85928
4.85446 4.85476 4.8546 4.85453 4.85456 4.85451 4.85453 4.85497 4.85441 4.85439 4.85451 4.85398 4.85383 4.85394 4.8537 4.85369 4.85387 4.85389 4.85412 4.85378 4.85393 4.85428 4.85397 4.85363 4.85363 4.85366 4.85346 4.85359 4.85359 4.85387 4.85388 4.85383 4.85381 4.85371 4.85326 4.85307 4.85316 4.8532 4.85351 4.85392 4.85422 4.85436 4.85447 4.85452 4.85452 4.85452 4.85445 4.85433 4.85412 4.8539 4.85377 4.85374 4.85347 4.85339 4.85321 4.85318 4.85313 4.85312 4.85311 4.8531 4.8531 4.8531 4.85309 4.85309 4.85308 4.8531 4.8531
4.85088 4.84889 4.84893 4.84873 4.84909 4.84857 4.84857 4.84841 4.84831 4.84822 4.84819 4.84821 4.8481 4.84834 4.84817 4.8483 4.84814 4.84791 4.84765 4.84816 4.84792 4.84784 4.84778 4.84735 4.84735 4.8475 4.84748 4.84736 4.84761 4.84748 4.84777 4.84781 4.84772 4.84762 4.84726 4.84702 4.84714 4.84714 4.8472 4.84751 4.8479 4.8481 4.84827 4.84844 4.84856 4.84849 4.84846 4.84834 4.84821 4.84807 4.84808 4.84754 4.84735 4.84722 4.84718 4.84714 4.8471 4.84707 4.84706 4.84704 4.84705 4.84705 4.84703 4.84703 4.84702 4.84703 4.84708
4.84607 4.84656 4.84338 4.8427 4.84176 4.84206 4.84207 4.84184 4.84156 4.84174 4.84158 4.84167 4.84163 4.8416 4.84149 4.84134 4.84128 4.84119 4.84119 4.84117 4.84112 4.8411 4.84108 4.84108 4.84118 4.8412 4.84094 4.8408 4.84086 4.84086 4.84077 4.84107 4.84107 4.84089 4.84062 4.84038 4.84054 4.84055 4.84061 4.84077 4.84105 4.84127 4.84152 4.84177 4.84184 4.84187 4.84179 4.84177 4.8417 4.84158 4.84141 4.84083 4.84059 4.84047 4.84046 4.84044 4.84041 4.84038 4.84038 4.84039 4.84041 4.84042 4.8404 4.84042 4.84043 4.84043 4.84059
4.83931 4.84018 4.84058 4.83775 4.83724 4.83691 4.83666 4.8365 4.83595 4.83597 4.83599 4.83585 4.83585 4.83579 4.83574 4.83566 4.83554 4.83546 4.83535 4.83525 4.8353 4.8353 4.83522 4.83567 4.83561 4.83537 4.83576 4.8354 4.83501 4.83498 4.83484 4.83519 4.83528 4.83504 4.8348 4.83461 4.83477 4.83487 4.83489 4.83505 4.8353 4.83538 4.83557 4.83588 4.83604 4.83617 4.83609 4.83604 4.83595 4.83585 4.8357 4.8351 4.83477 4.83466 4.83463 4.83463 4.83462 4.83462 4.83461 4.83463 4.83465 4.83475 4.835 4.83527 4.83495 4.83505 4.83494
4.83592 4.83381 4.83341 4.83305 4.83399 4.83282 4.83261 4.83374 4.83312 4.83077 4.83063 4.83082 4.83068 4.83026 4.8301 4.83 4.83 4.8299 4.82978 4.8297 4.82964 4.82958 4.8296 4.82948 4.82974 4.82961 4.82965 4.82948 4.82949 4.82938 4.82929 4.82904 4.82961 4.82966 4.82912 4.82898 4.82915 4.8293 4.82948 4.82961 4.82973 4.82982 4.82993 4.83012 4.8304 4.8305 4.83047 4.83045 4.8304 4.83028 4.83006 4.82965 4.82915 4.82909 4.82901 4.82899 4.82898 4.829 4.82898 4.829 4.82916 4.82963 4.8296 4.82944 4.82952 4.82933 4.82937
4.82748 4.82716 4.82686 4.82742 4.82801 4.82764 4.82754 4.82713 4.82654 4.82626 4.82585 4.82549 4.82516 4.82465 4.82431 4.82405 4.82385 4.82393 4.82373 4.82351 4.82344 4.82342 4.82327 4.82334 4.82335 4.82327 4.82315 4.82316 4.82313 4.82315 4.82307 4.82309 4.82307 4.82345 4.82289 4.82281 4.82298 4.82311 4.82316 4.82351 4.82367 4.82385 4.82381 4.82414 4.82429 4.82439 4.82434 4.82429 4.82427 4.82419 4.82384 4.82351 4.82299 4.82288 4.82285 4.82287 4.82283 4.82282 4.82281 4.82314 4.82329 4.82329 4.82344 4.82345 4.82376 4.82314 4.82305
4.82112 4.82203 4.82109 4.82206 4.82302 4.82225 4.82279 4.82218 4.82253 4.82261 4.82039 4.8217 4.82067 4.82015 4.81996 4.81948 4.81865 4.81825 4.81841 4.81837 4.81811 4.81802 4.81784 4.81806 4.81797 4.81791 4.81785 4.81776 4.81768 4.81768 4.81766 4.81745 4.81769 4.81795 4.81751 4.81747 4.81766 4.81771 4.81773 4.81809 4.81836 4.81851 4.81862 4.81882 4.819 4.8191 4.81905 4.81902 4.81895 4.81885 4.81875 4.81837 4.81781 4.81765 4.81752 4.8175 4.81748 4.81745 4.81745 4.81761 4.81767 4.81782 4.81776 4.81815 4.81797 4.81804 4.81772
4.81559 4.81571 4.81628 4.81612 4.81677 4.81742 4.81748 4.81795 4.81773 4.81887 4.81565 4.81607 4.81699 4.81555 4.81541 4.81472 4.81623 4.8164 4.81325 4.81311 4.81299 4.8128 4.81265 4.81285 4.8127 4.81277 4.81256 4.81252 4.81246 4.81244 4.81242 4.81235 4.81246 4.81243 4.81223 4.81227 4.81242 4.81236 4.81244 4.81276 4.81296 4.81335 4.81353 4.81365 4.81378 4.81386 4.81391 4.8138 4.81375 4.81368 4.81354 4.81333 4.81289 4.81253 4.81243 4.81232 4.81228 4.81223 4.81231 4.8124 4.81301 4.81347 4.81275 4.81282 4.81321 4.81264 4.81306
4.81129 4.81054 4.81171 4.81149 4.81113 4.8107 4.80982 4.81103 4.81183 4.80995 4.81049 4.80956 4.80925 4.81047 4.81055 4.81131 4.80972 4.81066 4.80893 4.80772 4.80725 4.80751 4.80693 4.8069 4.80707 4.80702 4.80687 4.80678 4.80673 4.80668 4.8066 4.80663 4.80649 4.80663 4.80649 4.80659 4.80664 4.80665 4.80659 4.80698 4.80698 4.80759 4.80787 4.80787 4.80809 4.8082 4.8082 4.80817 4.80809 4.80802 4.80789 4.80736 4.80705 4.80669 4.8066 4.80649 4.80654 4.80651 4.80663 4.80705 4.80688 4.8083 4.80975 4.80859 4.80828 4.80699 4.80699
